50
p1 0 2 1
p1 9 5 0
p2 10 4 0
p3 9 4 0
p4 3 9 0
p5 0 5 0
p6 6 10 0
p7 6 7 0
p8 0 9 0
p9 4 1 1
p10 6 3 0
p11 0 5 0
p12 3 4 0
p13 2 10 1
p14 7 8 1
p15 10 6 1
p16 8 10 0
p17 6 5 0
p18 4 7 0
p19 3 5 1
p20 6 7 1
p21 5 8 1
p22 7 1 0
p23 0 8 1
p24 6 9 1
p25 2 4 0
p26 6 6 0
p27 8 2 0
p28 4 8 1
p29 8 2 1
p30 10 9 1
p31 2 2 0
p32 6 4 0
p33 6 1 1
p34 0 8 1
p35 1 2 0
p36 7 7 0
p37 1 5 1
p38 0 10 1
p39 1 1 0
p40 7 9 1
p41 6 2 0
p42 3 1 1
p43 3 5 0
p44 6 10 1
p45 4 8 0
p46 0 2 0
p47 8 5 1
p48 3 10 0
p49 8 6 0
p50 2 7 0