50
p1 0 8 1
p1 0 3 1
p2 6 6 1
p3 2 8 1
p4 0 7 1
p5 9 5 0
p6 5 7 1
p7 2 10 1
p8 5 8 0
p9 6 10 0
p10 9 3 1
p11 7 9 0
p12 8 4 1
p13 4 7 0
p14 6 5 0
p15 10 5 1
p16 4 2 1
p17 2 2 0
p18 2 1 0
p19 8 9 1
p20 10 8 0
p21 7 4 0
p22 6 5 1
p23 1 8 1
p24 5 4 1
p25 8 8 1
p26 10 9 0
p27 2 6 1
p28 1 2 0
p29 10 6 0
p30 3 7 1
p31 10 3 0
p32 8 7 1
p33 5 6 0
p34 1 9 0
p35 5 1 1
p36 4 10 1
p37 3 10 0
p38 2 3 1
p39 7 9 1
p40 0 5 1
p41 10 5 1
p42 0 9 1
p43 0 2 0
p44 1 10 0
p45 6 7 1
p46 4 9 0
p47 10 10 0
p48 2 8 0
p49 6 8 0
p50 6 6 1