50
p1 0 4 0
p1 7 2 0
p2 2 4 1
p3 0 2 0
p4 4 1 0
p5 5 1 1
p6 7 5 1
p7 9 4 0
p8 10 10 1
p9 7 5 0
p10 3 8 0
p11 7 7 1
p12 8 6 1
p13 2 7 0
p14 6 1 0
p15 10 7 1
p16 5 2 1
p17 7 5 0
p18 5 10 1
p19 4 7 0
p20 2 2 1
p21 8 3 1
p22 1 6 0
p23 7 4 0
p24 8 1 0
p25 2 1 0
p26 3 3 1
p27 10 6 1
p28 7 5 0
p29 1 7 0
p30 7 6 1
p31 9 8 1
p32 10 4 0
p33 3 3 0
p34 8 5 0
p35 9 1 0
p36 0 2 1
p37 7 6 0
p38 7 4 1
p39 3 7 1
p40 5 5 0
p41 9 9 0
p42 7 3 1
p43 9 8 0
p44 1 2 0
p45 5 5 0
p46 5 7 1
p47 7 8 0
p48 7 4 1
p49 7 5 1
p50 0 7 1