50
p1 0 4 0
p1 5 7 0
p2 5 7 1
p3 4 5 1
p4 9 3 1
p5 4 3 1
p6 3 10 0
p7 8 8 0
p8 9 10 1
p9 8 4 1
p10 8 9 1
p11 9 10 1
p12 0 9 0
p13 10 10 0
p14 2 8 0
p15 0 2 1
p16 8 4 0
p17 6 10 1
p18 10 9 0
p19 7 8 1
p20 1 3 0
p21 4 8 1
p22 4 7 1
p23 1 9 0
p24 3 1 1
p25 6 10 0
p26 7 5 1
p27 7 4 0
p28 4 7 0
p29 5 6 0
p30 3 5 0
p31 1 6 1
p32 4 9 1
p33 4 2 1
p34 3 6 0
p35 10 8 1
p36 5 1 1
p37 2 4 0
p38 8 8 1
p39 7 2 0
p40 7 7 0
p41 3 7 0
p42 6 7 0
p43 10 9 0
p44 4 10 1
p45 2 3 0
p46 2 5 0
p47 10 3 1
p48 10 5 0
p49 3 1 1
p50 1 10 1