50
p1 0 10 0
p1 4 3 1
p2 9 4 0
p3 3 5 1
p4 1 4 1
p5 1 1 0
p6 8 3 0
p7 6 7 1
p8 0 6 1
p9 8 10 0
p10 5 10 0
p11 8 4 0
p12 0 10 1
p13 10 6 0
p14 6 10 1
p15 2 6 1
p16 2 7 0
p17 3 4 0
p18 3 2 0
p19 10 10 1
p20 4 9 0
p21 1 10 1
p22 3 4 1
p23 0 9 0
p24 3 8 1
p25 1 5 1
p26 4 4 1
p27 0 5 0
p28 6 9 1
p29 3 10 0
p30 9 8 0
p31 0 2 1
p32 2 5 1
p33 1 3 1
p34 5 1 0
p35 1 2 0
p36 5 9 1
p37 4 2 1
p38 6 4 1
p39 7 5 1
p40 6 10 0
p41 8 8 0
p42 8 3 0
p43 5 7 0
p44 8 5 0
p45 1 9 1
p46 4 6 0
p47 10 2 1
p48 9 10 0
p49 2 6 1
p50 3 6 0