50
p1 0 2 0
p1 10 1 1
p2 2 2 0
p3 9 7 0
p4 4 9 1
p5 3 2 0
p6 10 1 1
p7 7 4 0
p8 1 4 0
p9 2 3 0
p10 8 8 1
p11 9 5 0
p12 4 4 1
p13 2 3 1
p14 1 2 1
p15 5 4 0
p16 5 10 0
p17 3 9 1
p18 5 9 1
p19 4 8 1
p20 9 1 0
p21 5 1 0
p22 2 7 1
p23 7 3 1
p24 10 2 1
p25 2 9 0
p26 8 9 1
p27 3 9 0
p28 6 7 0
p29 8 9 1
p30 9 4 1
p31 4 1 0
p32 3 1 0
p33 8 7 1
p34 6 3 0
p35 1 1 0
p36 7 8 1
p37 9 8 1
p38 5 3 1
p39 5 9 1
p40 1 8 1
p41 0 7 1
p42 2 2 1
p43 7 7 1
p44 5 8 0
p45 9 3 0
p46 2 1 1
p47 10 1 0
p48 1 10 0
p49 0 8 0
p50 3 7 1