50
p1 0 10 1
p1 4 3 0
p2 5 6 1
p3 10 5 0
p4 6 10 1
p5 9 8 1
p6 4 3 0
p7 9 1 1
p8 1 4 1
p9 5 1 0
p10 9 3 0
p11 7 3 0
p12 8 1 1
p13 6 8 0
p14 5 6 1
p15 10 10 1
p16 6 2 1
p17 8 1 0
p18 6 7 1
p19 10 9 1
p20 0 2 1
p21 7 7 0
p22 9 7 0
p23 4 5 1
p24 5 4 0
p25 4 6 1
p26 8 4 0
p27 2 3 0
p28 7 4 0
p29 10 2 1
p30 8 10 0
p31 5 7 0
p32 8 6 0
p33 6 4 1
p34 9 9 0
p35 3 5 0
p36 6 6 1
p37 9 2 1
p38 10 9 0
p39 8 7 1
p40 6 6 1
p41 2 3 1
p42 4 10 0
p43 6 7 1
p44 3 1 1
p45 0 10 1
p46 6 10 0
p47 4 4 0
p48 2 5 0
p49 6 1 0
p50 4 9 1