50
p1 0 9 1
p1 6 8 0
p2 2 2 0
p3 2 8 0
p4 7 8 0
p5 1 8 1
p6 10 6 1
p7 5 3 1
p8 2 4 1
p9 5 9 0
p10 8 2 0
p11 4 5 1
p12 9 6 0
p13 0 8 0
p14 2 3 1
p15 6 8 0
p16 5 8 1
p17 9 2 0
p18 6 7 1
p19 7 3 1
p20 6 10 0
p21 7 1 1
p22 3 10 0
p23 8 10 1
p24 0 6 0
p25 9 10 1
p26 8 4 0
p27 10 5 0
p28 5 5 0
p29 8 1 0
p30 7 2 1
p31 0 2 0
p32 1 10 1
p33 9 2 0
p34 8 10 1
p35 2 1 1
p36 1 4 0
p37 3 2 1
p38 4 3 1
p39 2 4 1
p40 6 1 1
p41 8 10 0
p42 2 2 1
p43 4 2 0
p44 7 9 1
p45 5 7 1
p46 8 4 0
p47 8 5 0
p48 2 7 0
p49 7 4 1
p50 8 6 1