50
p1 0 9 1
p1 6 7 1
p2 0 8 0
p3 6 6 1
p4 8 6 0
p5 0 10 0
p6 1 5 0
p7 9 7 1
p8 0 10 1
p9 6 4 1
p10 4 9 1
p11 9 7 1
p12 1 7 0
p13 10 5 0
p14 10 3 1
p15 3 6 1
p16 10 5 1
p17 0 3 0
p18 9 5 1
p19 0 3 0
p20 3 9 1
p21 5 8 1
p22 7 4 0
p23 5 5 0
p24 5 2 0
p25 2 3 0
p26 1 2 0
p27 6 7 1
p28 4 10 1
p29 5 9 1
p30 2 4 1
p31 3 5 0
p32 3 8 1
p33 10 2 0
p34 10 2 1
p35 10 8 1
p36 7 8 0
p37 4 10 0
p38 7 8 0
p39 5 8 0
p40 4 10 1
p41 4 3 1
p42 3 7 1
p43 3 8 0
p44 9 10 0
p45 1 3 1
p46 0 8 0
p47 5 8 0
p48 3 4 1
p49 6 8 0
p50 1 8 1