50
p1 0 3 1
p1 5 10 0
p2 4 9 1
p3 1 8 1
p4 4 8 0
p5 7 8 0
p6 0 6 0
p7 5 7 1
p8 0 7 1
p9 7 3 1
p10 5 2 1
p11 8 5 1
p12 3 1 1
p13 5 4 0
p14 10 5 1
p15 1 5 0
p16 5 8 1
p17 6 5 0
p18 7 3 0
p19 7 8 0
p20 8 5 1
p21 5 8 1
p22 5 8 1
p23 8 4 0
p24 9 6 1
p25 0 1 1
p26 7 8 0
p27 5 1 1
p28 0 7 1
p29 2 3 0
p30 4 7 1
p31 7 4 0
p32 7 2 1
p33 4 1 1
p34 1 8 0
p35 1 1 0
p36 1 1 1
p37 10 2 1
p38 1 3 0
p39 7 10 0
p40 10 7 0
p41 4 9 1
p42 10 8 0
p43 6 6 0
p44 6 7 0
p45 9 7 0
p46 6 2 0
p47 0 8 1
p48 6 2 1
p49 2 6 0
p50 4 9 0