50
p1 0 6 1
p1 3 8 0
p2 1 2 1
p3 6 9 0
p4 8 1 0
p5 9 1 1
p6 9 9 1
p7 2 5 1
p8 0 7 1
p9 3 7 1
p10 1 7 0
p11 5 3 0
p12 10 10 1
p13 10 9 1
p14 4 4 0
p15 3 4 0
p16 2 3 1
p17 6 1 1
p18 4 5 1
p19 10 3 1
p20 1 8 1
p21 8 5 0
p22 0 3 1
p23 4 8 0
p24 3 7 1
p25 7 7 0
p26 9 10 0
p27 1 7 0
p28 5 10 0
p29 6 7 0
p30 6 6 1
p31 3 2 0
p32 8 8 0
p33 9 3 1
p34 2 8 1
p35 4 10 0
p36 0 7 1
p37 8 3 1
p38 8 5 1
p39 0 2 1
p40 8 8 0
p41 8 2 0
p42 0 8 1
p43 10 4 0
p44 6 9 1
p45 0 8 0
p46 5 6 1
p47 10 5 1
p48 1 5 1
p49 10 4 0
p50 6 3 0