50
p1 0 6 1
p1 10 10 1
p2 9 1 1
p3 1 4 0
p4 5 7 0
p5 2 4 1
p6 2 8 1
p7 1 8 0
p8 0 5 0
p9 0 6 0
p10 5 2 1
p11 8 5 0
p12 10 4 0
p13 1 7 0
p14 1 7 0
p15 10 9 1
p16 1 5 0
p17 1 5 1
p18 7 6 0
p19 4 10 1
p20 5 5 0
p21 4 4 0
p22 2 5 0
p23 5 9 0
p24 3 3 1
p25 6 7 1
p26 4 2 1
p27 0 2 1
p28 9 4 1
p29 1 4 0
p30 6 5 0
p31 6 5 0
p32 10 9 0
p33 5 6 1
p34 3 9 1
p35 6 8 0
p36 7 5 1
p37 6 10 1
p38 4 10 0
p39 10 1 0
p40 0 8 0
p41 2 2 0
p42 2 1 0
p43 6 7 0
p44 5 8 0
p45 7 6 0
p46 1 4 0
p47 8 1 1
p48 8 7 0
p49 2 5 0
p50 8 1 0