50
p1 0 8 0
p1 1 5 0
p2 10 4 1
p3 7 5 1
p4 2 4 1
p5 2 5 0
p6 1 10 0
p7 5 1 0
p8 10 8 0
p9 7 5 1
p10 3 5 0
p11 7 1 0
p12 10 8 1
p13 0 9 1
p14 8 4 0
p15 2 8 1
p16 9 8 0
p17 3 10 0
p18 6 9 0
p19 4 10 0
p20 3 8 1
p21 8 3 1
p22 0 4 0
p23 3 6 0
p24 1 8 0
p25 6 7 1
p26 9 5 0
p27 2 2 1
p28 2 4 1
p29 7 9 0
p30 10 4 0
p31 10 6 0
p32 10 2 1
p33 9 1 0
p34 10 2 0
p35 6 8 0
p36 8 2 0
p37 3 1 0
p38 0 1 1
p39 5 2 1
p40 1 10 1
p41 5 9 0
p42 10 4 1
p43 4 7 1
p44 9 2 1
p45 1 2 0
p46 0 3 1
p47 5 6 0
p48 4 3 0
p49 5 10 1
p50 0 5 1