50
p1 0 2 1
p1 1 6 1
p2 0 10 1
p3 1 9 1
p4 3 8 1
p5 2 7 1
p6 4 8 1
p7 3 6 0
p8 1 10 1
p9 6 5 1
p10 9 10 0
p11 1 3 0
p12 0 8 1
p13 4 1 0
p14 9 7 1
p15 5 8 1
p16 0 10 1
p17 2 6 0
p18 0 4 1
p19 4 7 1
p20 9 3 0
p21 8 1 1
p22 5 7 0
p23 5 4 0
p24 3 10 0
p25 4 4 0
p26 8 5 1
p27 4 1 1
p28 3 8 0
p29 6 5 0
p30 5 2 0
p31 4 8 1
p32 10 1 1
p33 1 2 0
p34 0 1 1
p35 6 5 1
p36 10 3 1
p37 9 7 0
p38 1 8 1
p39 8 6 1
p40 3 1 1
p41 4 7 0
p42 4 6 0
p43 0 4 0
p44 9 4 0
p45 5 2 1
p46 5 7 1
p47 7 7 1
p48 1 2 0
p49 8 3 1
p50 10 8 0