50
p1 0 2 1
p1 3 9 0
p2 4 9 0
p3 8 5 1
p4 2 7 0
p5 3 10 1
p6 0 10 1
p7 1 1 0
p8 0 6 0
p9 5 7 0
p10 10 8 1
p11 1 3 1
p12 1 8 1
p13 3 4 1
p14 9 1 0
p15 5 10 1
p16 7 1 1
p17 3 10 1
p18 3 4 0
p19 5 3 0
p20 3 10 1
p21 9 1 1
p22 1 9 0
p23 10 2 1
p24 1 5 1
p25 3 4 0
p26 2 2 1
p27 5 7 0
p28 7 4 1
p29 6 3 1
p30 6 3 1
p31 5 5 1
p32 6 8 1
p33 0 8 1
p34 6 2 1
p35 2 6 0
p36 0 4 1
p37 10 2 1
p38 10 4 0
p39 2 3 0
p40 0 1 1
p41 4 1 1
p42 0 10 0
p43 3 1 1
p44 0 4 1
p45 1 5 0
p46 9 8 1
p47 7 2 1
p48 2 6 0
p49 4 7 0
p50 7 7 1