50
p1 0 2 1
p1 2 10 1
p2 0 7 0
p3 8 1 1
p4 2 9 1
p5 2 4 0
p6 6 1 1
p7 2 10 1
p8 10 7 0
p9 8 5 0
p10 0 5 1
p11 1 3 0
p12 1 3 0
p13 7 5 1
p14 1 5 1
p15 4 1 0
p16 2 7 1
p17 10 4 0
p18 1 1 0
p19 6 1 0
p20 2 8 0
p21 3 8 1
p22 6 3 1
p23 2 8 1
p24 8 5 1
p25 3 1 1
p26 5 1 1
p27 3 6 0
p28 1 3 0
p29 8 2 1
p30 1 7 0
p31 5 1 1
p32 3 6 1
p33 1 8 0
p34 7 8 1
p35 1 6 1
p36 7 7 0
p37 5 10 1
p38 8 6 1
p39 4 4 0
p40 10 4 0
p41 6 7 1
p42 2 1 0
p43 8 8 1
p44 8 8 1
p45 2 4 0
p46 3 3 0
p47 3 5 0
p48 10 2 1
p49 9 8 0
p50 8 2 1