50
p1 0 3 0
p1 1 4 0
p2 2 6 1
p3 6 8 1
p4 3 8 1
p5 8 8 1
p6 9 4 1
p7 1 7 0
p8 7 6 1
p9 10 4 1
p10 7 1 1
p11 9 5 0
p12 1 9 0
p13 7 5 1
p14 6 8 0
p15 0 5 1
p16 4 5 0
p17 6 2 0
p18 8 2 1
p19 6 9 0
p20 0 7 1
p21 8 4 1
p22 8 2 1
p23 6 8 1
p24 0 10 0
p25 10 6 0
p26 5 3 1
p27 1 5 0
p28 3 9 1
p29 2 10 1
p30 5 7 0
p31 7 5 1
p32 6 5 0
p33 4 8 1
p34 7 9 1
p35 3 9 0
p36 0 6 0
p37 4 1 0
p38 9 7 0
p39 7 9 1
p40 9 7 1
p41 10 6 1
p42 5 8 0
p43 10 3 1
p44 8 7 1
p45 6 5 1
p46 1 5 0
p47 8 3 1
p48 2 10 1
p49 0 9 1
p50 8 7 1