50
p1 0 8 0
p1 3 9 1
p2 2 4 0
p3 2 2 1
p4 6 6 0
p5 3 1 0
p6 0 10 1
p7 4 3 1
p8 9 1 1
p9 8 9 0
p10 7 3 1
p11 1 7 1
p12 5 3 0
p13 1 3 1
p14 7 6 1
p15 1 9 1
p16 9 10 1
p17 8 6 1
p18 7 1 1
p19 5 5 0
p20 9 10 0
p21 8 3 1
p22 1 10 1
p23 10 3 0
p24 4 4 1
p25 2 8 1
p26 0 3 0
p27 9 7 1
p28 10 8 1
p29 3 3 1
p30 9 10 0
p31 7 6 1
p32 1 1 0
p33 4 7 1
p34 4 6 0
p35 5 4 1
p36 10 3 1
p37 9 8 1
p38 1 10 1
p39 10 9 1
p40 7 9 1
p41 3 9 0
p42 5 8 1
p43 7 10 1
p44 9 9 0
p45 7 8 1
p46 3 1 1
p47 3 4 0
p48 6 2 1
p49 7 10 0
p50 7 10 0