50
p1 0 10 1
p1 5 2 0
p2 4 1 1
p3 3 1 0
p4 9 6 1
p5 5 7 0
p6 9 3 1
p7 5 9 0
p8 10 3 0
p9 6 8 1
p10 8 5 0
p11 3 1 0
p12 0 3 0
p13 1 8 0
p14 0 8 0
p15 8 1 0
p16 10 9 0
p17 0 3 0
p18 0 3 0
p19 6 4 1
p20 4 5 1
p21 7 6 1
p22 0 6 1
p23 7 10 0
p24 8 1 1
p25 0 8 1
p26 4 10 1
p27 3 8 0
p28 6 9 0
p29 7 3 1
p30 3 1 0
p31 2 7 1
p32 2 7 0
p33 3 9 1
p34 10 8 0
p35 10 7 1
p36 4 6 0
p37 1 5 0
p38 7 2 0
p39 6 1 0
p40 8 9 0
p41 3 10 0
p42 8 8 0
p43 3 5 1
p44 9 7 0
p45 3 4 1
p46 4 6 0
p47 9 2 1
p48 8 4 0
p49 0 7 1
p50 0 5 1