50
p1 0 8 0
p1 6 1 0
p2 0 7 1
p3 8 4 1
p4 8 9 1
p5 1 6 1
p6 4 10 0
p7 6 5 1
p8 0 2 0
p9 2 9 0
p10 7 4 1
p11 7 10 1
p12 8 10 0
p13 10 8 1
p14 6 9 1
p15 1 7 0
p16 10 9 1
p17 3 3 0
p18 1 9 1
p19 7 9 1
p20 5 2 0
p21 2 7 1
p22 10 4 1
p23 3 1 0
p24 8 1 1
p25 10 7 1
p26 0 10 1
p27 10 5 1
p28 1 10 0
p29 10 5 0
p30 9 8 1
p31 1 1 1
p32 3 5 1
p33 3 3 1
p34 5 4 0
p35 0 6 0
p36 7 1 1
p37 9 4 1
p38 0 8 1
p39 2 4 1
p40 4 1 1
p41 3 4 1
p42 4 9 1
p43 3 9 1
p44 8 2 0
p45 2 7 1
p46 8 10 0
p47 1 4 1
p48 5 9 0
p49 9 7 1
p50 9 5 1