50
p1 0 10 1
p1 7 2 0
p2 4 10 0
p3 8 5 0
p4 10 8 1
p5 3 10 0
p6 4 2 1
p7 6 10 1
p8 10 1 1
p9 8 4 0
p10 1 9 1
p11 1 5 0
p12 1 3 1
p13 4 3 0
p14 7 1 1
p15 4 2 0
p16 0 4 0
p17 10 3 1
p18 0 3 1
p19 10 2 0
p20 1 7 1
p21 4 3 1
p22 0 3 1
p23 7 4 0
p24 3 10 0
p25 1 6 1
p26 6 10 0
p27 10 2 1
p28 6 8 1
p29 7 4 1
p30 7 4 1
p31 10 5 0
p32 3 10 0
p33 7 3 1
p34 10 5 1
p35 0 7 0
p36 10 7 0
p37 4 9 1
p38 7 2 0
p39 5 9 0
p40 5 1 1
p41 8 5 0
p42 1 1 1
p43 7 1 1
p44 6 6 0
p45 6 6 0
p46 0 6 0
p47 7 8 0
p48 4 7 1
p49 1 5 0
p50 5 5 0