50
p1 0 10 1
p1 10 9 1
p2 4 7 0
p3 1 4 1
p4 9 4 1
p5 7 4 0
p6 0 1 0
p7 2 6 1
p8 10 3 1
p9 6 3 1
p10 8 7 0
p11 5 6 0
p12 2 6 0
p13 7 1 0
p14 2 10 1
p15 0 2 0
p16 0 4 1
p17 4 1 0
p18 3 7 1
p19 6 3 1
p20 4 3 1
p21 7 8 1
p22 2 10 0
p23 4 3 0
p24 4 1 1
p25 0 6 0
p26 0 7 1
p27 0 8 1
p28 3 9 1
p29 2 3 1
p30 4 6 1
p31 4 9 0
p32 2 1 0
p33 3 7 0
p34 2 5 0
p35 3 8 1
p36 7 10 1
p37 7 3 0
p38 8 7 1
p39 4 1 1
p40 6 9 1
p41 2 6 1
p42 6 10 1
p43 9 8 1
p44 7 10 1
p45 4 10 1
p46 7 7 0
p47 5 7 1
p48 3 10 1
p49 1 3 1
p50 3 2 1