50
p1 0 10 0
p1 3 5 0
p2 9 1 0
p3 6 10 0
p4 8 1 0
p5 2 5 0
p6 3 9 0
p7 1 8 0
p8 6 10 0
p9 6 2 1
p10 4 4 0
p11 6 3 1
p12 2 6 1
p13 5 2 0
p14 2 9 0
p15 10 7 0
p16 2 2 0
p17 9 9 0
p18 4 3 1
p19 1 6 0
p20 2 2 0
p21 10 9 0
p22 8 5 1
p23 8 5 0
p24 1 1 0
p25 4 10 0
p26 9 3 0
p27 9 3 0
p28 1 6 1
p29 9 8 0
p30 6 6 1
p31 8 7 0
p32 10 3 0
p33 10 4 0
p34 10 4 0
p35 9 10 0
p36 7 8 0
p37 8 7 0
p38 2 10 0
p39 1 3 1
p40 3 10 0
p41 10 5 1
p42 5 4 1
p43 1 8 1
p44 1 4 0
p45 6 6 1
p46 7 6 0
p47 0 7 1
p48 0 4 0
p49 10 6 0
p50 6 4 1