50
p1 0 4 1
p1 9 3 0
p2 3 2 1
p3 7 3 0
p4 10 5 0
p5 0 6 1
p6 7 4 0
p7 6 2 0
p8 0 2 1
p9 10 6 1
p10 9 2 0
p11 2 9 0
p12 8 5 0
p13 3 10 0
p14 8 7 0
p15 2 6 1
p16 4 4 0
p17 8 8 0
p18 5 9 1
p19 9 7 0
p20 1 2 1
p21 5 5 0
p22 4 4 0
p23 6 4 0
p24 4 3 0
p25 10 7 1
p26 1 2 0
p27 9 5 1
p28 6 7 1
p29 6 4 1
p30 0 8 1
p31 7 10 1
p32 2 4 0
p33 10 5 1
p34 2 1 0
p35 3 2 0
p36 9 9 1
p37 8 7 1
p38 10 3 1
p39 6 6 0
p40 4 2 1
p41 2 3 0
p42 2 10 0
p43 1 3 0
p44 10 1 0
p45 7 2 1
p46 4 7 0
p47 1 8 0
p48 8 4 1
p49 8 4 0
p50 8 6 1