50
p1 0 1 1
p1 0 2 1
p2 6 1 1
p3 5 5 1
p4 8 10 1
p5 4 7 1
p6 0 6 0
p7 5 5 1
p8 10 9 0
p9 4 7 1
p10 7 7 1
p11 8 4 0
p12 2 2 0
p13 7 7 0
p14 3 4 0
p15 7 9 0
p16 6 4 1
p17 10 9 1
p18 10 7 0
p19 1 4 0
p20 4 2 0
p21 0 9 1
p22 2 3 1
p23 1 10 1
p24 8 1 0
p25 3 5 1
p26 1 2 0
p27 5 10 1
p28 8 6 1
p29 5 3 1
p30 2 8 0
p31 2 9 0
p32 5 3 0
p33 3 8 1
p34 3 1 1
p35 0 10 1
p36 10 3 1
p37 7 7 0
p38 8 7 1
p39 1 3 0
p40 9 1 1
p41 7 6 1
p42 1 6 0
p43 6 3 1
p44 3 3 1
p45 8 2 0
p46 6 10 0
p47 10 3 0
p48 10 10 1
p49 2 5 1
p50 2 7 0