50
p1 0 4 1
p1 8 1 0
p2 10 10 0
p3 5 5 0
p4 5 3 1
p5 3 7 1
p6 7 3 1
p7 7 4 1
p8 8 4 0
p9 9 8 1
p10 1 1 0
p11 9 10 1
p12 7 8 0
p13 7 6 1
p14 5 5 1
p15 4 10 1
p16 2 5 1
p17 8 6 0
p18 7 4 0
p19 3 10 1
p20 7 10 1
p21 10 6 1
p22 0 6 0
p23 4 4 1
p24 6 1 1
p25 3 9 0
p26 10 8 0
p27 6 6 0
p28 9 4 1
p29 8 7 1
p30 9 4 0
p31 6 2 1
p32 6 1 0
p33 7 3 0
p34 3 3 0
p35 6 1 0
p36 10 1 1
p37 7 10 0
p38 7 5 0
p39 1 1 0
p40 1 1 1
p41 8 1 1
p42 4 2 1
p43 0 1 1
p44 0 3 0
p45 10 2 0
p46 1 10 0
p47 6 10 1
p48 9 10 0
p49 9 3 0
p50 9 2 0