50
p1 0 9 1
p1 3 3 1
p2 1 6 0
p3 9 8 0
p4 0 3 1
p5 0 8 0
p6 10 3 1
p7 3 2 0
p8 3 7 0
p9 6 4 1
p10 5 10 0
p11 4 10 0
p12 8 2 1
p13 10 10 0
p14 6 10 1
p15 7 10 0
p16 3 7 0
p17 2 1 1
p18 6 4 1
p19 9 1 1
p20 2 2 0
p21 10 7 1
p22 2 2 0
p23 8 7 0
p24 6 3 1
p25 1 1 0
p26 6 6 1
p27 5 4 1
p28 8 6 0
p29 8 10 0
p30 9 8 1
p31 9 3 0
p32 10 1 1
p33 10 8 0
p34 9 1 0
p35 7 4 0
p36 1 7 0
p37 3 2 1
p38 1 9 1
p39 2 6 0
p40 7 9 1
p41 2 7 0
p42 0 10 0
p43 7 9 1
p44 1 9 1
p45 9 10 0
p46 1 9 0
p47 3 8 0
p48 6 3 0
p49 2 1 1
p50 9 1 0