50
p1 0 9 0
p1 7 7 0
p2 6 4 1
p3 4 6 1
p4 4 2 1
p5 9 3 0
p6 2 2 0
p7 6 6 1
p8 9 2 1
p9 4 2 1
p10 2 7 1
p11 0 2 1
p12 4 1 0
p13 10 2 0
p14 7 9 1
p15 5 6 1
p16 5 2 0
p17 2 6 0
p18 3 2 1
p19 8 8 0
p20 3 5 0
p21 7 2 1
p22 4 3 1
p23 2 4 1
p24 3 8 1
p25 2 9 0
p26 2 8 1
p27 5 5 0
p28 8 7 0
p29 9 8 1
p30 2 9 1
p31 4 5 0
p32 4 4 0
p33 6 4 0
p34 3 6 1
p35 8 7 0
p36 8 8 1
p37 5 1 0
p38 4 2 0
p39 0 4 0
p40 0 9 0
p41 2 3 0
p42 6 8 1
p43 1 6 1
p44 9 8 0
p45 6 10 1
p46 1 3 0
p47 3 8 0
p48 0 10 1
p49 4 4 0
p50 2 7 1