50
p1 0 7 1
p1 7 8 0
p2 1 3 1
p3 3 6 0
p4 6 3 0
p5 2 1 1
p6 7 9 1
p7 4 6 0
p8 7 8 1
p9 0 8 1
p10 4 3 0
p11 0 4 1
p12 2 5 1
p13 7 5 1
p14 8 7 1
p15 4 8 1
p16 8 4 0
p17 8 1 1
p18 2 10 0
p19 6 7 1
p20 10 6 0
p21 8 6 1
p22 10 4 1
p23 10 6 1
p24 2 2 0
p25 2 10 1
p26 5 4 0
p27 3 1 0
p28 0 2 1
p29 0 6 1
p30 8 8 0
p31 7 6 1
p32 6 5 1
p33 10 8 0
p34 4 1 0
p35 2 8 1
p36 7 10 0
p37 2 4 0
p38 0 1 1
p39 8 9 1
p40 4 5 0
p41 10 10 0
p42 8 1 0
p43 6 4 1
p44 9 10 0
p45 6 8 1
p46 1 5 0
p47 8 8 1
p48 6 5 1
p49 4 7 0
p50 6 1 0