50
p1 0 8 0
p1 10 5 1
p2 7 2 1
p3 3 3 0
p4 2 3 1
p5 8 3 1
p6 9 2 1
p7 2 6 1
p8 0 8 1
p9 9 4 1
p10 3 3 1
p11 2 1 1
p12 2 9 0
p13 10 8 0
p14 2 4 1
p15 4 1 1
p16 6 7 1
p17 9 7 0
p18 9 3 1
p19 0 4 1
p20 2 4 1
p21 4 2 1
p22 7 6 1
p23 3 1 1
p24 3 8 0
p25 10 7 0
p26 0 1 0
p27 2 4 0
p28 0 5 0
p29 0 7 1
p30 4 3 0
p31 8 9 0
p32 1 1 1
p33 10 3 1
p34 8 5 0
p35 3 5 0
p36 7 2 0
p37 5 8 0
p38 10 10 0
p39 9 3 1
p40 0 6 1
p41 6 10 1
p42 7 5 1
p43 5 10 1
p44 8 4 0
p45 8 10 0
p46 8 8 1
p47 5 7 0
p48 5 10 1
p49 8 1 1
p50 9 6 0