50
p1 0 8 0
p1 9 10 0
p2 7 4 0
p3 2 1 0
p4 3 8 1
p5 10 7 0
p6 5 6 1
p7 4 10 1
p8 4 9 0
p9 1 6 1
p10 2 10 1
p11 4 3 0
p12 10 5 0
p13 0 8 0
p14 4 6 1
p15 8 2 0
p16 9 3 1
p17 10 5 0
p18 9 5 0
p19 7 5 0
p20 4 3 1
p21 6 8 0
p22 6 4 0
p23 7 7 1
p24 4 7 0
p25 6 10 0
p26 1 5 0
p27 10 6 0
p28 2 1 1
p29 0 5 1
p30 9 10 1
p31 8 8 1
p32 5 8 0
p33 7 3 0
p34 0 5 1
p35 1 3 0
p36 9 5 1
p37 5 4 0
p38 3 6 0
p39 9 4 0
p40 7 6 1
p41 2 3 0
p42 0 3 0
p43 5 6 0
p44 0 3 0
p45 8 1 1
p46 4 2 1
p47 7 8 1
p48 5 7 0
p49 4 10 1
p50 3 5 0