50
p1 0 4 1
p1 2 2 0
p2 10 1 0
p3 3 4 0
p4 7 7 1
p5 4 7 0
p6 7 1 1
p7 2 7 1
p8 9 3 1
p9 8 10 1
p10 8 9 0
p11 0 7 1
p12 0 7 1
p13 2 6 1
p14 4 8 1
p15 6 9 0
p16 8 4 0
p17 1 6 0
p18 0 1 0
p19 2 7 1
p20 3 5 0
p21 3 2 0
p22 1 9 0
p23 8 2 1
p24 8 2 0
p25 7 6 0
p26 0 3 1
p27 6 1 1
p28 8 6 1
p29 7 8 0
p30 5 4 0
p31 10 1 0
p32 7 5 0
p33 0 6 0
p34 0 9 1
p35 5 9 0
p36 4 5 0
p37 8 9 0
p38 7 9 1
p39 8 3 1
p40 9 4 0
p41 5 2 0
p42 4 3 0
p43 4 3 0
p44 10 3 0
p45 9 7 0
p46 10 3 0
p47 7 7 0
p48 1 6 0
p49 10 9 0
p50 7 5 1