50
p1 0 7 0
p1 7 9 0
p2 3 6 0
p3 8 10 0
p4 1 6 0
p5 1 8 1
p6 1 8 0
p7 10 10 1
p8 5 2 0
p9 2 3 0
p10 3 7 0
p11 2 2 1
p12 6 3 0
p13 10 5 1
p14 4 6 0
p15 1 4 1
p16 5 10 0
p17 3 3 1
p18 5 7 0
p19 10 6 0
p20 9 9 0
p21 10 7 1
p22 0 4 0
p23 5 4 0
p24 1 5 1
p25 8 1 1
p26 6 7 0
p27 5 8 0
p28 7 1 0
p29 7 4 0
p30 4 5 0
p31 5 5 0
p32 6 2 0
p33 0 3 1
p34 0 7 1
p35 2 1 1
p36 0 6 0
p37 9 9 1
p38 2 7 1
p39 6 6 0
p40 2 3 1
p41 4 8 1
p42 0 1 1
p43 6 8 1
p44 2 4 0
p45 8 3 0
p46 5 5 0
p47 8 7 0
p48 7 1 1
p49 9 9 0
p50 9 4 0