50
p1 0 2 0
p1 9 1 1
p2 2 5 0
p3 10 8 1
p4 3 2 1
p5 8 3 1
p6 1 2 1
p7 9 1 1
p8 4 8 1
p9 5 4 1
p10 2 7 0
p11 7 6 0
p12 6 5 1
p13 5 7 0
p14 0 6 1
p15 0 10 0
p16 9 10 1
p17 5 4 1
p18 2 9 0
p19 0 3 1
p20 2 4 0
p21 6 10 1
p22 0 2 1
p23 10 9 1
p24 10 8 1
p25 3 10 0
p26 1 3 1
p27 3 10 0
p28 0 9 0
p29 10 7 0
p30 4 2 0
p31 2 7 1
p32 4 2 0
p33 0 5 1
p34 10 2 0
p35 2 4 1
p36 8 1 1
p37 7 8 1
p38 4 7 1
p39 8 8 1
p40 6 2 0
p41 2 7 0
p42 1 8 1
p43 10 1 1
p44 0 4 0
p45 3 9 0
p46 4 1 0
p47 3 5 1
p48 6 8 1
p49 0 9 0
p50 7 10 0