50
p1 0 7 1
p1 8 5 0
p2 6 10 0
p3 7 2 0
p4 8 4 1
p5 0 7 0
p6 6 6 0
p7 0 9 1
p8 4 9 1
p9 7 2 0
p10 8 1 1
p11 3 10 1
p12 8 10 0
p13 10 5 1
p14 0 10 1
p15 0 9 1
p16 8 9 1
p17 5 4 1
p18 8 7 1
p19 2 7 0
p20 6 2 0
p21 8 9 1
p22 10 9 1
p23 7 6 1
p24 10 7 0
p25 0 2 1
p26 3 8 1
p27 10 9 1
p28 5 10 1
p29 4 3 1
p30 10 9 1
p31 4 3 1
p32 2 3 1
p33 1 8 1
p34 8 10 1
p35 6 1 0
p36 6 1 0
p37 5 7 0
p38 9 3 1
p39 10 1 0
p40 6 10 0
p41 6 10 0
p42 9 6 1
p43 4 4 0
p44 7 4 1
p45 7 3 1
p46 4 2 1
p47 5 1 1
p48 5 3 0
p49 1 4 0
p50 1 5 1