50
p1 0 10 0
p1 0 2 1
p2 5 4 1
p3 8 6 0
p4 7 10 1
p5 8 5 0
p6 8 4 0
p7 9 8 1
p8 2 4 0
p9 9 3 0
p10 9 5 1
p11 6 7 0
p12 3 1 1
p13 4 9 1
p14 2 6 0
p15 3 9 0
p16 10 7 1
p17 2 10 0
p18 6 10 1
p19 3 4 0
p20 10 5 0
p21 5 6 0
p22 3 6 0
p23 3 10 1
p24 9 10 0
p25 6 5 1
p26 5 2 1
p27 8 10 0
p28 7 10 0
p29 10 3 1
p30 1 3 0
p31 7 7 1
p32 3 8 1
p33 6 9 0
p34 2 6 1
p35 9 2 1
p36 10 8 0
p37 2 3 0
p38 5 3 1
p39 9 3 1
p40 3 4 1
p41 6 2 0
p42 2 2 1
p43 2 6 1
p44 0 6 1
p45 9 2 0
p46 6 9 1
p47 10 1 1
p48 4 10 0
p49 3 5 0
p50 0 2 1