50
p1 0 9 1
p1 1 2 0
p2 6 5 1
p3 4 7 1
p4 4 6 0
p5 3 9 0
p6 9 1 0
p7 3 2 0
p8 9 2 0
p9 6 4 0
p10 1 9 0
p11 10 1 1
p12 3 1 0
p13 4 9 0
p14 10 7 1
p15 10 4 1
p16 6 7 0
p17 10 4 1
p18 0 3 1
p19 8 2 0
p20 0 5 0
p21 2 6 0
p22 9 2 0
p23 4 9 1
p24 3 1 1
p25 5 6 0
p26 5 3 0
p27 6 10 1
p28 8 5 0
p29 2 9 1
p30 7 4 1
p31 5 6 1
p32 10 10 0
p33 0 7 0
p34 6 7 0
p35 4 6 1
p36 8 4 1
p37 5 1 0
p38 8 9 1
p39 3 2 1
p40 5 3 0
p41 6 10 0
p42 2 3 1
p43 6 4 1
p44 9 3 1
p45 10 4 0
p46 8 4 0
p47 9 5 0
p48 10 6 0
p49 8 1 1
p50 3 10 1