50
p1 0 9 1
p1 2 4 1
p2 9 7 1
p3 4 1 0
p4 1 7 0
p5 0 8 1
p6 4 8 1
p7 8 3 1
p8 10 10 0
p9 7 1 1
p10 4 3 1
p11 2 7 1
p12 5 7 1
p13 3 5 1
p14 7 2 1
p15 8 10 1
p16 4 3 0
p17 8 5 0
p18 9 2 0
p19 4 2 0
p20 5 8 0
p21 4 2 0
p22 3 6 0
p23 7 3 1
p24 5 2 0
p25 1 5 1
p26 5 5 1
p27 9 5 0
p28 6 3 1
p29 6 4 1
p30 5 3 0
p31 8 9 1
p32 9 2 1
p33 10 4 1
p34 1 1 1
p35 8 2 1
p36 5 4 0
p37 0 9 0
p38 9 4 0
p39 9 5 0
p40 4 2 0
p41 3 10 0
p42 0 5 1
p43 3 6 0
p44 4 6 0
p45 3 8 0
p46 10 5 1
p47 6 3 1
p48 10 4 0
p49 8 8 0
p50 3 7 0