50
p1 0 6 1
p1 0 8 1
p2 5 6 0
p3 9 5 0
p4 10 8 0
p5 2 4 1
p6 3 2 0
p7 10 7 1
p8 10 1 0
p9 3 1 1
p10 2 5 1
p11 2 7 0
p12 2 7 1
p13 0 7 0
p14 8 4 1
p15 5 9 0
p16 7 5 1
p17 1 5 1
p18 8 4 1
p19 7 1 0
p20 10 7 0
p21 7 1 1
p22 8 8 1
p23 7 9 1
p24 9 7 0
p25 9 6 0
p26 3 6 0
p27 2 6 0
p28 2 9 1
p29 2 1 1
p30 3 10 0
p31 0 10 0
p32 9 10 1
p33 7 10 1
p34 5 10 0
p35 9 1 1
p36 4 6 0
p37 10 8 1
p38 6 2 1
p39 9 9 1
p40 4 2 0
p41 1 7 1
p42 3 8 1
p43 10 5 0
p44 0 2 0
p45 2 6 0
p46 10 1 0
p47 7 7 1
p48 3 7 0
p49 9 4 0
p50 3 3 1