50
p1 0 9 1
p1 8 8 1
p2 1 6 1
p3 5 10 1
p4 1 1 1
p5 5 8 0
p6 8 8 0
p7 1 10 1
p8 7 5 1
p9 7 2 0
p10 10 4 0
p11 4 2 1
p12 1 8 1
p13 8 9 0
p14 1 4 0
p15 7 7 1
p16 2 8 1
p17 8 7 0
p18 4 2 0
p19 3 3 1
p20 5 6 1
p21 0 4 0
p22 5 1 1
p23 3 2 0
p24 9 7 1
p25 9 10 1
p26 6 9 0
p27 5 6 1
p28 0 10 0
p29 9 10 0
p30 1 10 1
p31 6 4 0
p32 9 6 1
p33 7 9 0
p34 8 5 0
p35 2 1 1
p36 0 8 1
p37 3 3 0
p38 9 6 0
p39 10 9 1
p40 8 10 0
p41 5 8 1
p42 9 8 1
p43 7 6 1
p44 8 1 1
p45 0 10 1
p46 3 7 1
p47 4 10 1
p48 0 8 0
p49 3 2 0
p50 6 7 0