50
p1 0 7 0
p1 2 2 0
p2 1 3 1
p3 0 5 1
p4 8 9 0
p5 5 2 0
p6 7 6 1
p7 4 3 0
p8 8 9 1
p9 2 2 1
p10 6 6 1
p11 5 3 0
p12 9 9 0
p13 0 2 1
p14 4 9 1
p15 9 9 0
p16 5 10 0
p17 10 7 0
p18 8 5 0
p19 10 9 1
p20 10 8 1
p21 6 3 1
p22 2 7 0
p23 10 7 1
p24 5 9 1
p25 0 4 0
p26 5 1 1
p27 3 1 1
p28 0 2 1
p29 6 4 0
p30 8 5 1
p31 1 3 0
p32 0 2 0
p33 5 4 0
p34 1 6 1
p35 10 6 0
p36 2 6 0
p37 10 2 0
p38 0 8 1
p39 3 10 0
p40 10 6 0
p41 7 9 1
p42 3 4 0
p43 10 10 1
p44 2 10 1
p45 8 6 0
p46 0 5 1
p47 9 10 0
p48 7 6 1
p49 5 5 0
p50 9 1 0