50
p1 0 9 1
p1 3 10 1
p2 10 9 0
p3 0 4 1
p4 0 3 1
p5 8 4 1
p6 9 7 0
p7 5 10 0
p8 4 7 1
p9 5 8 1
p10 10 10 1
p11 1 9 0
p12 7 5 0
p13 2 8 1
p14 1 3 1
p15 3 4 1
p16 3 2 1
p17 5 1 0
p18 4 1 0
p19 5 2 1
p20 3 8 1
p21 10 4 1
p22 0 10 1
p23 0 9 1
p24 0 4 1
p25 4 5 0
p26 2 7 1
p27 5 7 0
p28 10 7 0
p29 7 10 1
p30 4 7 0
p31 10 6 0
p32 7 8 1
p33 5 1 1
p34 1 10 1
p35 6 6 1
p36 5 5 1
p37 7 5 1
p38 5 6 1
p39 0 4 0
p40 8 7 0
p41 8 5 0
p42 0 8 1
p43 0 2 1
p44 0 6 0
p45 0 3 1
p46 2 4 1
p47 0 5 0
p48 6 8 1
p49 4 3 0
p50 6 1 0