50
p1 0 8 0
p1 0 5 1
p2 9 6 0
p3 5 5 1
p4 6 2 1
p5 9 9 0
p6 1 8 0
p7 7 7 0
p8 10 7 0
p9 1 10 0
p10 2 4 1
p11 3 5 1
p12 1 10 0
p13 10 4 1
p14 10 9 0
p15 6 9 0
p16 9 5 1
p17 6 3 0
p18 0 4 0
p19 3 4 0
p20 10 6 1
p21 4 4 1
p22 1 9 0
p23 9 6 1
p24 0 8 1
p25 5 1 0
p26 0 10 0
p27 8 8 0
p28 6 2 0
p29 9 8 1
p30 5 6 1
p31 10 3 0
p32 0 3 1
p33 6 5 0
p34 1 3 0
p35 10 8 0
p36 2 10 0
p37 7 9 1
p38 0 2 0
p39 2 5 1
p40 3 3 0
p41 2 7 0
p42 2 3 0
p43 5 2 0
p44 6 7 0
p45 3 6 0
p46 0 10 1
p47 5 3 1
p48 2 1 0
p49 2 4 0
p50 8 1 0