50
p1 0 4 0
p1 7 6 1
p2 10 6 0
p3 5 3 0
p4 0 3 1
p5 1 6 1
p6 6 8 0
p7 2 5 1
p8 3 6 0
p9 2 8 1
p10 3 1 1
p11 4 3 0
p12 1 4 1
p13 5 5 1
p14 10 8 1
p15 0 4 0
p16 7 5 1
p17 2 7 1
p18 4 7 0
p19 8 5 0
p20 8 5 0
p21 1 2 0
p22 1 4 0
p23 5 8 0
p24 9 7 0
p25 10 3 1
p26 6 8 1
p27 5 2 0
p28 2 6 0
p29 1 7 0
p30 2 5 1
p31 10 6 0
p32 10 3 1
p33 0 3 0
p34 5 8 1
p35 4 10 1
p36 9 8 1
p37 1 10 0
p38 3 10 1
p39 7 2 1
p40 4 6 1
p41 7 2 0
p42 4 5 0
p43 0 8 0
p44 7 10 1
p45 1 7 0
p46 4 6 0
p47 7 8 1
p48 4 6 0
p49 8 2 1
p50 5 3 0