50
p1 0 7 0
p1 6 1 1
p2 1 3 1
p3 8 9 1
p4 8 9 0
p5 1 6 0
p6 9 6 1
p7 6 7 0
p8 10 8 1
p9 3 10 1
p10 2 9 1
p11 1 9 1
p12 0 2 0
p13 6 5 0
p14 5 6 0
p15 8 7 1
p16 9 6 1
p17 1 5 1
p18 8 2 1
p19 5 5 0
p20 4 5 0
p21 3 10 0
p22 4 1 1
p23 3 2 1
p24 4 6 0
p25 5 2 1
p26 0 3 0
p27 5 7 0
p28 3 6 1
p29 4 9 0
p30 0 10 0
p31 7 7 1
p32 9 2 0
p33 7 7 1
p34 9 2 0
p35 10 7 1
p36 8 8 0
p37 2 1 0
p38 7 4 1
p39 0 8 0
p40 7 10 1
p41 3 8 1
p42 2 5 1
p43 1 9 1
p44 6 6 1
p45 2 10 1
p46 7 1 0
p47 3 6 1
p48 6 10 0
p49 0 5 0
p50 2 4 1