50
p1 0 3 1
p1 10 8 1
p2 1 1 1
p3 6 6 1
p4 9 2 0
p5 4 10 1
p6 4 3 1
p7 1 6 0
p8 8 1 1
p9 4 7 0
p10 3 3 0
p11 9 10 1
p12 7 9 1
p13 3 1 1
p14 10 3 0
p15 10 6 1
p16 10 10 1
p17 8 6 1
p18 9 3 1
p19 3 6 1
p20 8 4 0
p21 4 10 1
p22 7 4 1
p23 7 3 0
p24 1 1 0
p25 4 2 1
p26 7 10 0
p27 3 8 0
p28 7 5 0
p29 7 2 0
p30 4 10 1
p31 8 5 0
p32 9 2 1
p33 5 2 1
p34 3 7 0
p35 9 4 1
p36 7 8 1
p37 1 9 0
p38 9 8 0
p39 8 2 1
p40 8 9 1
p41 5 3 1
p42 5 3 0
p43 3 7 1
p44 4 9 1
p45 6 9 0
p46 4 5 1
p47 2 7 0
p48 4 1 1
p49 0 9 0
p50 1 10 0