50
p1 0 2 1
p1 0 2 0
p2 8 5 0
p3 6 1 0
p4 0 7 0
p5 0 2 0
p6 9 7 0
p7 7 1 0
p8 2 3 1
p9 7 3 0
p10 3 1 1
p11 2 7 1
p12 6 9 1
p13 7 6 1
p14 7 8 1
p15 10 10 1
p16 7 9 1
p17 8 7 1
p18 9 7 0
p19 4 8 0
p20 0 8 0
p21 0 3 0
p22 5 3 1
p23 7 2 0
p24 7 1 0
p25 2 10 1
p26 8 3 1
p27 6 7 1
p28 3 8 0
p29 7 2 1
p30 4 10 0
p31 8 3 0
p32 4 2 1
p33 5 3 0
p34 0 8 0
p35 3 2 1
p36 0 7 1
p37 0 1 0
p38 10 7 1
p39 9 7 0
p40 5 5 1
p41 10 3 1
p42 4 8 0
p43 3 1 1
p44 5 9 0
p45 2 1 1
p46 6 4 1
p47 1 3 1
p48 3 1 0
p49 0 9 0
p50 5 2 1