50
p1 0 8 0
p1 2 2 1
p2 4 2 0
p3 8 4 1
p4 10 5 0
p5 7 10 0
p6 7 6 0
p7 9 2 0
p8 5 6 1
p9 9 6 1
p10 10 7 0
p11 0 7 1
p12 1 10 0
p13 10 5 0
p14 4 1 0
p15 6 2 1
p16 1 1 0
p17 8 3 1
p18 5 6 1
p19 0 8 0
p20 4 8 1
p21 3 2 1
p22 2 7 0
p23 1 5 0
p24 5 10 1
p25 8 1 0
p26 3 7 0
p27 6 6 0
p28 6 10 0
p29 7 4 1
p30 5 10 0
p31 2 9 1
p32 5 3 0
p33 7 3 0
p34 8 8 0
p35 4 10 0
p36 0 10 0
p37 5 5 0
p38 2 5 1
p39 7 8 0
p40 9 9 0
p41 0 8 0
p42 4 7 0
p43 8 1 0
p44 2 5 1
p45 0 8 1
p46 8 5 0
p47 2 9 0
p48 1 2 0
p49 8 8 1
p50 0 8 0