50
p1 0 1 0
p1 0 1 1
p2 4 8 0
p3 1 3 1
p4 6 7 0
p5 8 10 1
p6 3 9 0
p7 0 2 1
p8 1 8 0
p9 9 7 1
p10 3 5 1
p11 7 4 0
p12 10 10 1
p13 4 3 1
p14 4 2 1
p15 8 8 1
p16 3 8 1
p17 5 9 0
p18 4 7 1
p19 3 2 0
p20 9 2 0
p21 6 7 1
p22 0 2 0
p23 1 2 1
p24 3 10 0
p25 2 4 0
p26 10 9 1
p27 7 10 1
p28 8 4 1
p29 3 6 0
p30 0 3 0
p31 6 4 0
p32 8 3 1
p33 10 7 1
p34 10 6 0
p35 3 1 1
p36 7 10 1
p37 4 3 0
p38 3 5 1
p39 5 1 0
p40 10 1 0
p41 5 1 0
p42 2 10 0
p43 5 2 1
p44 10 8 0
p45 6 3 0
p46 10 2 0
p47 5 6 0
p48 3 1 0
p49 10 8 1
p50 3 5 1