50
p1 0 2 1
p1 9 5 1
p2 8 6 0
p3 4 10 1
p4 5 9 1
p5 3 5 1
p6 6 6 0
p7 0 6 0
p8 6 1 1
p9 10 3 1
p10 2 7 0
p11 7 6 0
p12 2 5 1
p13 4 1 0
p14 8 3 0
p15 8 6 0
p16 5 5 1
p17 6 7 1
p18 5 7 1
p19 7 6 1
p20 0 7 0
p21 6 6 1
p22 8 3 0
p23 8 9 0
p24 1 7 0
p25 7 10 1
p26 0 10 1
p27 6 6 1
p28 6 6 1
p29 3 1 0
p30 8 5 1
p31 3 3 0
p32 6 7 0
p33 6 5 1
p34 1 4 1
p35 9 5 0
p36 7 2 1
p37 3 3 0
p38 2 1 1
p39 1 9 1
p40 9 2 1
p41 5 7 1
p42 6 9 1
p43 1 6 0
p44 8 6 1
p45 9 1 1
p46 3 10 0
p47 2 3 1
p48 5 10 1
p49 2 5 1
p50 9 8 0