50
p1 0 6 1
p1 1 10 1
p2 9 2 0
p3 0 1 1
p4 4 6 1
p5 4 4 0
p6 3 9 0
p7 0 9 1
p8 3 3 0
p9 3 1 0
p10 7 2 1
p11 5 5 1
p12 4 10 0
p13 6 1 0
p14 7 9 0
p15 3 8 1
p16 4 7 0
p17 3 7 0
p18 9 8 0
p19 5 1 0
p20 1 8 1
p21 4 2 1
p22 7 9 1
p23 2 1 1
p24 2 1 0
p25 5 10 1
p26 7 1 0
p27 3 3 0
p28 0 4 1
p29 8 7 1
p30 4 8 0
p31 5 8 1
p32 0 8 0
p33 0 7 0
p34 3 7 0
p35 10 5 1
p36 5 3 0
p37 10 2 0
p38 5 2 1
p39 0 3 1
p40 1 1 0
p41 8 6 1
p42 10 4 0
p43 6 4 1
p44 4 1 1
p45 9 4 0
p46 2 10 0
p47 7 7 1
p48 7 3 0
p49 0 5 1
p50 9 6 1