50
p1 0 1 1
p1 5 2 0
p2 10 9 1
p3 6 1 1
p4 4 4 1
p5 6 9 0
p6 0 1 1
p7 6 7 0
p8 3 5 0
p9 7 2 0
p10 9 3 0
p11 9 10 0
p12 9 8 0
p13 7 8 1
p14 7 7 0
p15 10 4 0
p16 9 2 0
p17 5 1 1
p18 1 7 1
p19 5 10 0
p20 3 1 0
p21 5 1 0
p22 9 7 1
p23 9 10 0
p24 9 7 0
p25 9 10 0
p26 10 1 1
p27 5 7 0
p28 0 9 0
p29 4 3 0
p30 2 4 0
p31 1 5 0
p32 4 8 0
p33 8 3 1
p34 9 8 0
p35 9 10 1
p36 4 7 1
p37 3 10 1
p38 9 6 1
p39 5 1 1
p40 8 5 0
p41 2 2 0
p42 9 4 1
p43 5 8 0
p44 6 5 1
p45 7 2 0
p46 9 1 0
p47 6 7 1
p48 3 10 0
p49 1 9 1
p50 2 2 1