50
p1 0 1 0
p1 4 8 0
p2 10 6 1
p3 2 9 1
p4 4 7 1
p5 2 4 1
p6 6 10 1
p7 7 3 0
p8 8 8 1
p9 10 4 1
p10 2 10 0
p11 2 1 1
p12 8 4 0
p13 3 7 0
p14 10 4 0
p15 10 7 1
p16 6 6 1
p17 2 1 1
p18 8 3 0
p19 1 8 0
p20 8 10 1
p21 5 5 1
p22 6 1 0
p23 9 3 1
p24 1 2 0
p25 1 8 0
p26 9 7 0
p27 6 6 0
p28 6 3 1
p29 5 9 0
p30 8 9 0
p31 10 5 0
p32 7 5 0
p33 2 5 1
p34 1 5 0
p35 6 2 0
p36 7 1 0
p37 7 10 1
p38 4 5 1
p39 3 5 0
p40 5 10 0
p41 9 5 1
p42 5 9 1
p43 1 5 1
p44 3 3 1
p45 6 4 1
p46 8 8 1
p47 2 10 0
p48 1 1 1
p49 0 2 1
p50 0 4 0