50
p1 0 4 1
p1 0 10 1
p2 0 7 1
p3 4 5 1
p4 9 10 1
p5 3 2 1
p6 3 4 0
p7 3 1 1
p8 0 7 0
p9 4 4 1
p10 1 7 0
p11 4 9 0
p12 9 7 0
p13 2 5 0
p14 9 2 1
p15 6 2 0
p16 4 8 1
p17 1 6 1
p18 0 10 1
p19 9 6 0
p20 8 2 0
p21 0 1 0
p22 2 7 0
p23 0 6 0
p24 9 9 0
p25 4 2 1
p26 3 3 0
p27 1 5 1
p28 2 8 0
p29 10 5 1
p30 7 5 0
p31 4 1 0
p32 0 6 0
p33 6 6 0
p34 2 5 0
p35 8 4 1
p36 7 6 0
p37 9 10 0
p38 4 2 1
p39 7 6 1
p40 10 5 1
p41 9 10 1
p42 3 5 0
p43 4 1 0
p44 9 2 0
p45 10 2 1
p46 3 10 0
p47 3 7 0
p48 9 10 1
p49 1 8 0
p50 6 10 0