50
p1 0 7 0
p1 6 5 0
p2 2 5 0
p3 1 4 0
p4 1 5 1
p5 2 5 1
p6 10 1 1
p7 6 3 1
p8 9 4 0
p9 10 8 0
p10 8 2 0
p11 1 5 0
p12 5 3 0
p13 3 3 1
p14 3 7 1
p15 2 1 1
p16 4 7 1
p17 5 6 0
p18 3 5 1
p19 3 1 0
p20 4 3 1
p21 5 3 1
p22 10 6 1
p23 2 10 1
p24 5 5 0
p25 10 10 0
p26 10 2 0
p27 2 3 0
p28 3 9 0
p29 8 1 0
p30 4 10 0
p31 4 3 1
p32 1 6 0
p33 8 4 1
p34 4 10 0
p35 0 9 1
p36 7 7 0
p37 4 5 0
p38 7 5 0
p39 10 1 0
p40 1 3 1
p41 1 8 1
p42 7 7 1
p43 4 10 0
p44 3 10 1
p45 7 2 1
p46 9 2 0
p47 9 5 0
p48 10 10 1
p49 2 2 1
p50 2 10 1