50
p1 0 9 0
p1 5 9 0
p2 7 9 1
p3 3 6 0
p4 5 1 0
p5 6 5 1
p6 4 3 0
p7 6 9 0
p8 7 9 1
p9 1 4 1
p10 8 9 1
p11 2 1 0
p12 2 5 0
p13 5 2 1
p14 3 2 1
p15 0 9 0
p16 1 3 0
p17 10 9 0
p18 7 4 1
p19 10 6 0
p20 3 8 0
p21 0 1 0
p22 1 2 0
p23 10 1 0
p24 7 2 1
p25 10 7 1
p26 9 8 1
p27 6 4 1
p28 7 5 1
p29 6 4 0
p30 0 4 1
p31 8 9 0
p32 0 1 1
p33 6 10 1
p34 4 1 0
p35 6 5 1
p36 0 9 0
p37 10 3 1
p38 9 9 0
p39 3 9 1
p40 5 4 0
p41 8 2 0
p42 6 5 0
p43 10 9 0
p44 2 7 0
p45 5 1 0
p46 9 6 0
p47 2 6 0
p48 7 4 0
p49 4 1 0
p50 6 6 0