50
p1 0 2 1
p1 8 3 0
p2 6 6 1
p3 6 6 1
p4 2 10 1
p5 4 6 0
p6 6 8 0
p7 2 8 1
p8 6 4 1
p9 7 4 1
p10 8 7 0
p11 5 9 0
p12 10 8 0
p13 8 6 1
p14 1 6 1
p15 9 1 0
p16 0 10 0
p17 7 1 1
p18 0 5 0
p19 3 7 1
p20 9 4 1
p21 10 3 1
p22 0 10 0
p23 3 4 0
p24 5 7 1
p25 5 10 1
p26 4 6 0
p27 2 3 0
p28 6 7 0
p29 10 6 0
p30 2 5 0
p31 3 3 0
p32 10 4 0
p33 5 5 1
p34 6 10 0
p35 0 1 1
p36 4 5 0
p37 0 1 0
p38 0 2 0
p39 9 5 0
p40 1 7 0
p41 3 10 0
p42 0 6 0
p43 10 1 0
p44 8 3 1
p45 5 9 0
p46 7 5 0
p47 5 6 1
p48 4 9 0
p49 4 2 1
p50 10 2 1