50
p1 0 7 1
p1 0 3 1
p2 0 7 0
p3 1 10 0
p4 10 3 1
p5 1 3 0
p6 6 8 0
p7 0 8 0
p8 0 10 1
p9 1 6 0
p10 2 7 0
p11 2 6 0
p12 7 3 0
p13 5 10 1
p14 5 7 1
p15 9 6 1
p16 6 6 0
p17 5 2 1
p18 5 8 0
p19 6 1 1
p20 8 2 1
p21 6 9 1
p22 5 2 1
p23 3 4 0
p24 10 3 0
p25 8 8 1
p26 7 8 0
p27 8 2 0
p28 5 10 1
p29 3 8 1
p30 0 5 1
p31 4 9 1
p32 1 8 0
p33 5 6 1
p34 2 8 0
p35 0 10 1
p36 2 2 0
p37 8 5 1
p38 1 8 1
p39 8 9 0
p40 0 1 0
p41 0 7 0
p42 7 2 0
p43 6 8 1
p44 4 4 0
p45 1 2 1
p46 10 3 1
p47 0 5 1
p48 7 10 0
p49 7 5 0
p50 0 3 1