50
p1 0 6 0
p1 9 4 0
p2 10 10 1
p3 3 4 1
p4 8 1 1
p5 3 2 0
p6 8 10 1
p7 7 8 1
p8 8 10 1
p9 9 5 0
p10 0 6 0
p11 9 6 1
p12 6 9 0
p13 10 4 1
p14 2 6 0
p15 3 3 1
p16 5 1 0
p17 3 7 1
p18 1 10 1
p19 8 2 1
p20 9 6 0
p21 0 3 1
p22 10 4 1
p23 6 6 0
p24 4 8 0
p25 1 8 0
p26 10 7 1
p27 4 2 1
p28 4 4 0
p29 10 3 1
p30 7 8 1
p31 9 4 1
p32 5 8 0
p33 1 7 1
p34 2 7 1
p35 2 1 0
p36 2 10 0
p37 9 5 1
p38 10 1 0
p39 8 5 0
p40 5 10 0
p41 7 3 1
p42 2 8 0
p43 7 9 0
p44 6 4 0
p45 4 3 0
p46 2 8 1
p47 4 1 1
p48 3 1 0
p49 9 7 0
p50 6 1 1