50
p1 0 3 1
p1 6 10 0
p2 1 2 1
p3 1 2 0
p4 9 9 1
p5 10 3 0
p6 6 1 0
p7 10 3 1
p8 3 3 1
p9 1 9 1
p10 6 3 1
p11 0 1 1
p12 7 10 0
p13 9 6 1
p14 2 7 0
p15 6 4 0
p16 3 3 0
p17 6 5 1
p18 10 3 1
p19 6 2 0
p20 7 1 0
p21 1 1 0
p22 9 1 1
p23 10 8 1
p24 2 4 1
p25 2 4 0
p26 3 9 0
p27 1 1 0
p28 4 7 1
p29 9 1 0
p30 10 9 0
p31 0 3 0
p32 7 8 0
p33 6 2 1
p34 10 1 0
p35 8 10 0
p36 7 5 0
p37 1 6 0
p38 0 5 1
p39 8 7 1
p40 1 9 1
p41 7 7 0
p42 2 3 1
p43 6 4 0
p44 4 3 0
p45 7 8 1
p46 0 10 1
p47 7 9 1
p48 10 8 1
p49 9 2 1
p50 8 2 1