50
p1 0 7 0
p1 1 2 1
p2 6 9 0
p3 5 10 1
p4 7 8 1
p5 8 10 0
p6 9 3 0
p7 5 3 1
p8 9 5 1
p9 10 6 0
p10 2 5 0
p11 3 2 0
p12 7 4 0
p13 4 3 1
p14 4 10 0
p15 10 1 0
p16 2 6 0
p17 0 1 0
p18 4 1 1
p19 8 1 0
p20 0 4 1
p21 8 10 0
p22 3 9 1
p23 4 10 1
p24 3 6 0
p25 7 9 0
p26 4 7 0
p27 9 4 0
p28 5 5 0
p29 3 9 0
p30 7 5 0
p31 9 9 1
p32 8 6 0
p33 8 4 1
p34 6 6 1
p35 6 6 1
p36 7 6 1
p37 4 10 1
p38 3 3 1
p39 0 7 1
p40 7 2 1
p41 5 3 1
p42 2 1 0
p43 8 7 0
p44 1 7 1
p45 10 10 0
p46 6 7 1
p47 6 2 0
p48 9 9 1
p49 5 8 1
p50 4 10 0