50
p1 0 5 1
p1 0 7 1
p2 9 1 0
p3 4 4 1
p4 9 7 0
p5 10 4 1
p6 0 10 1
p7 4 6 0
p8 9 3 0
p9 2 4 0
p10 4 8 0
p11 7 6 0
p12 8 5 0
p13 5 5 1
p14 3 2 0
p15 8 1 1
p16 1 8 0
p17 9 2 0
p18 1 10 0
p19 6 9 1
p20 8 9 1
p21 7 5 0
p22 7 4 1
p23 7 5 1
p24 7 5 0
p25 9 9 0
p26 5 7 1
p27 5 9 0
p28 1 2 0
p29 3 4 0
p30 4 1 0
p31 6 9 1
p32 3 5 0
p33 7 9 1
p34 9 7 1
p35 8 5 0
p36 9 6 0
p37 3 2 0
p38 5 9 1
p39 0 7 1
p40 3 4 1
p41 2 8 1
p42 5 4 1
p43 7 10 0
p44 1 8 0
p45 1 3 1
p46 3 5 0
p47 5 2 1
p48 7 3 0
p49 8 3 0
p50 2 10 1