50
p1 0 9 0
p1 7 2 0
p2 10 9 0
p3 8 9 1
p4 4 8 1
p5 10 10 1
p6 1 1 0
p7 3 6 0
p8 1 10 1
p9 0 4 0
p10 6 8 1
p11 5 1 0
p12 7 9 0
p13 10 1 1
p14 6 4 0
p15 6 4 0
p16 7 8 0
p17 3 5 1
p18 4 2 0
p19 0 3 1
p20 7 1 0
p21 3 10 0
p22 7 2 1
p23 8 7 1
p24 2 10 1
p25 4 5 0
p26 4 10 1
p27 10 7 0
p28 8 4 1
p29 10 6 1
p30 5 1 1
p31 9 4 1
p32 10 2 0
p33 2 2 0
p34 2 1 1
p35 6 10 0
p36 9 8 1
p37 2 5 0
p38 6 8 1
p39 0 4 1
p40 0 10 1
p41 5 1 0
p42 2 7 1
p43 7 2 0
p44 9 5 0
p45 0 10 0
p46 10 10 1
p47 2 4 1
p48 9 5 0
p49 2 6 0
p50 0 10 1