50
p1 0 9 1
p1 2 8 1
p2 1 6 1
p3 6 6 1
p4 8 3 1
p5 9 6 0
p6 7 10 1
p7 8 9 1
p8 7 9 1
p9 8 6 1
p10 7 9 1
p11 7 7 1
p12 2 6 0
p13 8 2 1
p14 0 4 1
p15 8 7 0
p16 9 10 1
p17 2 7 0
p18 9 4 0
p19 5 6 1
p20 2 8 1
p21 4 2 0
p22 3 6 1
p23 2 1 1
p24 1 5 0
p25 8 8 0
p26 6 10 0
p27 7 7 0
p28 10 5 1
p29 5 6 1
p30 6 3 0
p31 4 3 1
p32 10 2 0
p33 5 9 0
p34 3 7 0
p35 0 2 0
p36 7 9 1
p37 10 9 1
p38 2 10 1
p39 2 8 0
p40 9 4 0
p41 4 6 0
p42 8 7 1
p43 9 8 1
p44 6 8 1
p45 6 10 0
p46 8 3 0
p47 8 7 1
p48 10 8 0
p49 8 1 1
p50 8 2 1