50
p1 0 7 1
p1 8 4 0
p2 9 9 1
p3 1 4 0
p4 7 2 0
p5 10 5 0
p6 10 2 0
p7 6 7 1
p8 1 10 1
p9 5 2 0
p10 5 4 1
p11 8 6 0
p12 1 7 0
p13 1 8 1
p14 0 8 0
p15 5 8 0
p16 1 8 1
p17 10 1 1
p18 3 8 1
p19 1 4 0
p20 7 1 0
p21 7 3 1
p22 4 9 0
p23 1 6 1
p24 0 4 0
p25 9 10 0
p26 1 10 1
p27 2 1 0
p28 6 6 1
p29 0 7 0
p30 8 6 0
p31 6 10 0
p32 9 4 0
p33 3 4 1
p34 10 7 0
p35 4 4 1
p36 7 1 1
p37 3 9 1
p38 6 7 0
p39 7 4 0
p40 0 2 1
p41 1 7 0
p42 3 4 1
p43 9 3 0
p44 7 9 0
p45 8 4 1
p46 6 6 1
p47 0 4 0
p48 2 10 0
p49 1 9 0
p50 8 6 1