50
p1 0 5 1
p1 9 7 1
p2 10 4 1
p3 8 4 0
p4 8 4 0
p5 6 3 0
p6 0 9 1
p7 8 2 1
p8 9 9 0
p9 8 8 1
p10 10 1 1
p11 1 1 1
p12 8 8 0
p13 8 4 0
p14 9 1 1
p15 7 9 1
p16 2 1 0
p17 4 9 1
p18 3 6 1
p19 5 7 0
p20 9 8 0
p21 1 7 0
p22 9 3 0
p23 4 8 1
p24 6 8 0
p25 4 9 0
p26 8 9 0
p27 4 2 0
p28 4 1 0
p29 0 7 0
p30 8 1 1
p31 1 2 0
p32 9 2 0
p33 6 3 0
p34 2 8 1
p35 2 2 1
p36 1 2 0
p37 7 5 1
p38 8 4 1
p39 10 7 0
p40 0 7 0
p41 10 8 1
p42 5 6 0
p43 4 6 1
p44 3 6 0
p45 8 5 0
p46 6 5 1
p47 9 6 1
p48 6 9 0
p49 1 8 1
p50 10 3 1