50
p1 0 2 0
p1 10 7 0
p2 5 1 0
p3 9 3 1
p4 9 6 1
p5 9 6 1
p6 9 10 0
p7 4 5 0
p8 0 5 0
p9 5 7 1
p10 10 2 0
p11 7 9 1
p12 5 5 1
p13 5 2 1
p14 4 4 0
p15 3 10 0
p16 8 5 1
p17 10 1 1
p18 2 4 1
p19 6 3 1
p20 5 10 1
p21 0 2 1
p22 10 8 0
p23 6 4 1
p24 10 2 0
p25 10 2 1
p26 3 7 1
p27 1 4 1
p28 8 4 0
p29 3 7 0
p30 7 10 1
p31 9 8 0
p32 6 7 1
p33 2 8 1
p34 2 4 0
p35 8 2 1
p36 1 7 1
p37 3 8 1
p38 7 1 0
p39 9 2 0
p40 3 1 0
p41 2 7 1
p42 8 1 0
p43 6 8 1
p44 2 1 0
p45 9 3 1
p46 6 5 1
p47 1 1 1
p48 4 5 1
p49 6 8 0
p50 6 4 1