50
p1 0 3 1
p1 3 7 1
p2 0 4 1
p3 7 4 0
p4 2 4 0
p5 7 6 1
p6 4 6 1
p7 0 1 0
p8 3 2 0
p9 2 8 0
p10 5 8 0
p11 9 10 0
p12 2 5 1
p13 10 8 0
p14 9 5 0
p15 9 2 1
p16 9 2 0
p17 4 7 1
p18 7 7 0
p19 6 4 1
p20 5 9 1
p21 6 5 0
p22 10 1 0
p23 1 9 1
p24 5 4 0
p25 4 4 1
p26 2 4 0
p27 4 3 1
p28 8 9 1
p29 2 7 1
p30 8 3 1
p31 6 4 0
p32 9 4 0
p33 8 9 0
p34 10 10 1
p35 3 4 1
p36 4 5 0
p37 6 10 1
p38 8 3 1
p39 0 3 1
p40 3 1 1
p41 0 6 1
p42 3 7 0
p43 10 1 0
p44 3 6 1
p45 6 7 0
p46 1 7 0
p47 4 5 0
p48 5 1 0
p49 3 2 0
p50 0 2 1