50
p1 0 5 0
p1 7 5 0
p2 4 5 0
p3 3 7 1
p4 6 6 0
p5 4 1 0
p6 10 2 0
p7 4 4 1
p8 7 5 1
p9 6 5 1
p10 0 6 1
p11 1 8 1
p12 6 3 0
p13 1 5 0
p14 0 7 1
p15 3 7 1
p16 10 6 1
p17 7 10 0
p18 9 5 1
p19 8 10 1
p20 7 4 0
p21 2 4 0
p22 6 3 0
p23 0 2 0
p24 0 6 0
p25 9 4 1
p26 7 7 0
p27 7 3 1
p28 10 3 1
p29 5 3 0
p30 10 1 1
p31 8 5 1
p32 3 9 1
p33 10 6 1
p34 10 6 0
p35 5 5 0
p36 3 3 0
p37 10 7 0
p38 0 1 1
p39 1 10 1
p40 8 6 1
p41 4 1 0
p42 7 2 0
p43 6 2 1
p44 3 4 0
p45 7 10 0
p46 9 6 1
p47 10 5 1
p48 1 10 1
p49 5 7 0
p50 3 2 1