50
p1 0 2 0
p1 1 7 0
p2 1 10 0
p3 8 6 0
p4 9 7 1
p5 7 10 0
p6 10 7 0
p7 7 2 0
p8 7 10 1
p9 2 7 1
p10 4 9 1
p11 0 1 1
p12 10 4 0
p13 5 3 0
p14 5 6 0
p15 6 5 1
p16 10 5 1
p17 8 3 0
p18 4 9 0
p19 8 6 0
p20 10 1 1
p21 6 7 1
p22 9 1 1
p23 2 5 1
p24 3 10 0
p25 3 9 0
p26 10 1 1
p27 0 8 1
p28 6 6 1
p29 6 10 0
p30 4 10 1
p31 3 1 1
p32 2 8 1
p33 3 3 1
p34 1 10 1
p35 3 7 1
p36 6 7 1
p37 10 5 1
p38 9 4 0
p39 8 2 1
p40 0 9 1
p41 0 3 1
p42 6 5 0
p43 8 9 0
p44 8 9 1
p45 8 8 1
p46 6 6 0
p47 10 7 0
p48 5 6 1
p49 6 10 1
p50 7 6 1