50
p1 0 3 1
p1 9 9 1
p2 9 3 0
p3 9 3 0
p4 6 9 0
p5 9 8 1
p6 2 1 1
p7 5 4 0
p8 7 5 0
p9 10 7 1
p10 6 6 0
p11 8 8 0
p12 5 2 1
p13 8 8 1
p14 3 8 1
p15 4 7 0
p16 3 3 0
p17 8 1 1
p18 6 3 1
p19 4 1 1
p20 6 10 1
p21 1 1 0
p22 5 6 1
p23 5 6 1
p24 2 1 0
p25 9 1 0
p26 10 6 0
p27 9 5 0
p28 0 8 1
p29 10 7 1
p30 0 6 1
p31 10 9 1
p32 3 3 0
p33 9 1 1
p34 6 9 0
p35 0 4 0
p36 9 5 0
p37 0 3 0
p38 3 3 1
p39 9 8 1
p40 6 6 1
p41 10 8 1
p42 5 8 1
p43 10 3 0
p44 8 8 0
p45 4 10 1
p46 0 1 1
p47 7 9 0
p48 1 8 0
p49 8 4 1
p50 10 4 0