50
p1 0 10 1
p1 10 1 0
p2 9 6 0
p3 2 1 0
p4 1 7 1
p5 10 3 0
p6 0 7 0
p7 8 1 0
p8 9 5 1
p9 9 10 1
p10 1 7 0
p11 4 1 1
p12 7 2 0
p13 10 10 0
p14 2 10 0
p15 5 8 1
p16 6 7 1
p17 6 1 1
p18 7 6 0
p19 6 4 1
p20 6 4 1
p21 6 6 0
p22 10 1 1
p23 10 2 0
p24 7 3 0
p25 1 5 1
p26 2 8 1
p27 2 5 0
p28 3 8 1
p29 7 2 0
p30 8 7 1
p31 1 9 1
p32 4 2 1
p33 2 2 0
p34 10 10 0
p35 6 4 0
p36 0 6 1
p37 3 1 1
p38 0 3 0
p39 8 8 1
p40 5 1 0
p41 1 4 0
p42 1 3 0
p43 8 6 1
p44 3 1 0
p45 4 8 1
p46 6 6 0
p47 3 2 0
p48 3 8 1
p49 7 7 0
p50 1 6 0