50
p1 0 10 1
p1 9 6 1
p2 5 6 0
p3 10 10 1
p4 6 7 0
p5 5 4 1
p6 1 10 1
p7 5 5 1
p8 5 2 0
p9 1 6 1
p10 0 2 0
p11 2 1 0
p12 6 10 1
p13 9 3 1
p14 1 8 1
p15 10 2 0
p16 0 5 0
p17 1 6 0
p18 9 1 1
p19 1 2 0
p20 2 7 1
p21 2 8 0
p22 10 6 1
p23 6 5 1
p24 0 7 0
p25 1 5 1
p26 6 5 1
p27 5 9 1
p28 9 7 1
p29 1 4 0
p30 10 2 1
p31 6 10 0
p32 9 9 0
p33 4 1 0
p34 10 8 0
p35 9 4 0
p36 9 6 1
p37 6 3 1
p38 9 7 1
p39 1 1 0
p40 9 3 1
p41 6 10 1
p42 3 8 1
p43 1 4 1
p44 1 6 0
p45 4 9 1
p46 5 6 0
p47 7 3 0
p48 9 6 1
p49 8 9 1
p50 2 3 1