50
p1 0 1 0
p1 5 6 0
p2 8 3 1
p3 8 5 0
p4 8 9 1
p5 2 5 0
p6 6 2 0
p7 4 9 1
p8 7 1 1
p9 2 3 0
p10 8 8 0
p11 9 3 1
p12 4 3 1
p13 9 2 1
p14 0 6 1
p15 9 1 0
p16 9 7 1
p17 10 4 1
p18 10 10 0
p19 9 8 0
p20 4 2 1
p21 1 1 1
p22 6 5 0
p23 7 3 1
p24 2 9 0
p25 5 4 0
p26 10 10 0
p27 7 9 1
p28 6 6 0
p29 10 7 0
p30 5 6 1
p31 9 7 1
p32 1 3 0
p33 2 1 0
p34 9 4 0
p35 1 2 1
p36 8 1 1
p37 8 4 1
p38 7 1 0
p39 10 2 1
p40 6 10 0
p41 5 5 1
p42 6 7 1
p43 8 2 1
p44 10 2 0
p45 10 2 0
p46 6 5 0
p47 6 1 1
p48 9 8 0
p49 2 9 1
p50 4 3 0