50
p1 0 6 1
p1 5 6 0
p2 8 1 1
p3 10 6 1
p4 2 8 1
p5 5 5 0
p6 8 7 1
p7 7 7 1
p8 6 8 1
p9 10 2 0
p10 7 10 1
p11 6 4 0
p12 6 2 0
p13 9 5 0
p14 4 2 1
p15 3 2 1
p16 7 9 1
p17 8 1 0
p18 3 6 1
p19 6 9 1
p20 7 5 0
p21 9 6 1
p22 6 10 0
p23 6 10 1
p24 0 5 0
p25 5 9 1
p26 2 7 1
p27 10 10 0
p28 8 2 1
p29 6 4 1
p30 4 8 1
p31 0 8 0
p32 3 10 0
p33 5 6 1
p34 0 3 1
p35 4 9 1
p36 9 8 1
p37 5 7 0
p38 3 4 1
p39 10 7 1
p40 3 6 0
p41 9 4 1
p42 3 4 0
p43 1 8 0
p44 10 1 0
p45 3 2 0
p46 1 8 1
p47 2 2 0
p48 10 10 1
p49 7 5 1
p50 9 3 1