50
p1 0 10 1
p1 8 2 1
p2 9 8 0
p3 0 8 0
p4 6 8 1
p5 1 1 0
p6 0 3 0
p7 0 9 0
p8 7 5 0
p9 10 10 0
p10 6 3 1
p11 1 6 0
p12 3 2 1
p13 9 3 0
p14 2 1 1
p15 5 10 0
p16 1 4 0
p17 5 9 0
p18 8 6 1
p19 2 10 0
p20 8 9 0
p21 5 10 0
p22 4 2 1
p23 7 2 1
p24 5 3 0
p25 10 9 1
p26 6 9 0
p27 10 8 0
p28 7 3 0
p29 6 4 1
p30 3 7 0
p31 5 6 1
p32 10 2 0
p33 6 3 1
p34 2 8 0
p35 7 7 0
p36 5 8 1
p37 9 8 0
p38 7 2 0
p39 5 9 1
p40 2 6 1
p41 3 8 1
p42 7 4 0
p43 4 1 0
p44 6 6 1
p45 10 10 0
p46 10 4 1
p47 4 3 0
p48 10 5 1
p49 1 1 1
p50 1 7 1