50
p1 0 9 0
p1 1 5 1
p2 9 5 0
p3 10 2 0
p4 2 8 0
p5 4 6 1
p6 6 3 1
p7 3 8 1
p8 0 8 0
p9 10 3 1
p10 9 9 1
p11 9 4 0
p12 1 3 0
p13 10 4 1
p14 9 1 1
p15 3 5 0
p16 4 6 1
p17 1 4 0
p18 10 10 0
p19 9 2 0
p20 5 4 0
p21 3 2 0
p22 7 8 0
p23 4 10 1
p24 6 2 1
p25 7 5 1
p26 5 1 1
p27 0 9 0
p28 10 5 0
p29 9 8 1
p30 9 4 0
p31 0 6 1
p32 2 7 0
p33 2 3 1
p34 10 9 1
p35 6 1 1
p36 5 6 0
p37 8 8 0
p38 0 3 0
p39 0 9 0
p40 7 2 1
p41 4 9 0
p42 5 4 1
p43 8 3 1
p44 1 8 1
p45 3 3 0
p46 4 9 1
p47 7 4 1
p48 4 1 1
p49 4 5 1
p50 2 3 0