50
p1 0 9 0
p1 4 3 0
p2 9 2 1
p3 9 7 1
p4 0 8 1
p5 9 7 1
p6 6 3 1
p7 4 9 0
p8 9 8 0
p9 0 10 0
p10 3 1 0
p11 7 6 0
p12 5 10 0
p13 2 2 0
p14 6 10 1
p15 6 8 1
p16 4 10 1
p17 6 10 1
p18 7 1 0
p19 9 5 0
p20 3 8 0
p21 1 10 0
p22 4 2 1
p23 0 5 0
p24 10 9 0
p25 8 5 1
p26 10 3 1
p27 1 9 0
p28 7 4 0
p29 3 10 0
p30 5 2 0
p31 5 8 1
p32 4 3 0
p33 4 2 0
p34 9 8 0
p35 10 3 1
p36 5 9 1
p37 8 3 1
p38 0 1 1
p39 1 5 0
p40 9 1 1
p41 10 3 0
p42 5 8 1
p43 10 8 0
p44 3 2 1
p45 2 3 1
p46 1 9 0
p47 3 8 0
p48 1 1 0
p49 5 8 0
p50 0 3 0