50
p1 0 8 1
p1 9 6 0
p2 8 5 1
p3 3 7 0
p4 5 3 0
p5 0 5 1
p6 1 8 0
p7 7 8 1
p8 10 9 0
p9 0 2 1
p10 2 3 0
p11 10 4 1
p12 1 10 0
p13 7 6 0
p14 0 7 0
p15 0 9 0
p16 7 9 1
p17 10 7 0
p18 5 4 0
p19 9 4 1
p20 9 9 1
p21 10 9 1
p22 1 9 0
p23 7 9 1
p24 6 5 1
p25 10 1 0
p26 3 3 0
p27 8 4 1
p28 4 1 0
p29 9 10 1
p30 9 2 1
p31 1 4 1
p32 8 6 0
p33 1 10 0
p34 5 4 0
p35 1 2 0
p36 2 10 0
p37 9 5 0
p38 4 6 0
p39 6 3 1
p40 8 4 0
p41 8 6 1
p42 5 3 1
p43 10 2 0
p44 7 1 0
p45 5 6 1
p46 6 8 1
p47 4 3 1
p48 8 1 1
p49 0 4 1
p50 9 6 0