50
p1 0 10 1
p1 2 8 1
p2 4 2 0
p3 3 4 1
p4 4 6 1
p5 9 9 0
p6 8 9 1
p7 9 6 1
p8 10 5 1
p9 6 3 1
p10 7 5 0
p11 9 9 1
p12 4 5 1
p13 3 4 0
p14 0 2 1
p15 4 9 1
p16 9 10 1
p17 10 10 0
p18 5 4 0
p19 3 4 1
p20 10 7 1
p21 7 5 1
p22 6 6 1
p23 5 5 0
p24 5 6 1
p25 0 7 1
p26 9 9 0
p27 5 10 1
p28 9 8 0
p29 10 8 0
p30 4 5 0
p31 7 8 1
p32 9 5 0
p33 3 9 1
p34 3 3 0
p35 0 2 0
p36 1 6 0
p37 5 3 1
p38 4 10 1
p39 10 4 0
p40 4 4 0
p41 6 8 1
p42 0 6 0
p43 10 1 0
p44 7 6 1
p45 3 7 0
p46 0 8 0
p47 7 1 0
p48 1 3 0
p49 0 2 1
p50 5 9 0