50
p1 0 9 1
p1 10 7 1
p2 8 2 1
p3 1 1 0
p4 5 9 0
p5 5 9 0
p6 0 4 0
p7 4 5 1
p8 10 2 0
p9 9 5 1
p10 9 8 1
p11 3 9 1
p12 8 2 0
p13 8 1 0
p14 0 3 1
p15 9 3 1
p16 6 5 0
p17 0 4 1
p18 1 3 0
p19 1 2 1
p20 7 3 0
p21 4 2 1
p22 5 1 0
p23 5 2 0
p24 1 10 1
p25 6 5 1
p26 4 4 1
p27 5 9 1
p28 3 4 1
p29 4 1 0
p30 7 7 0
p31 3 10 0
p32 5 8 0
p33 6 8 1
p34 6 7 1
p35 1 9 1
p36 5 4 0
p37 6 8 0
p38 10 2 1
p39 3 3 1
p40 4 1 1
p41 10 8 0
p42 4 1 1
p43 5 1 1
p44 7 2 1
p45 0 7 0
p46 3 8 1
p47 0 1 0
p48 0 8 0
p49 6 5 0
p50 4 2 1