50
p1 0 2 0
p1 6 4 1
p2 3 2 0
p3 10 9 0
p4 7 5 0
p5 3 3 1
p6 3 7 1
p7 0 10 0
p8 2 7 1
p9 3 8 0
p10 3 1 0
p11 1 9 1
p12 6 10 0
p13 7 9 1
p14 8 7 1
p15 9 1 1
p16 8 4 1
p17 4 5 0
p18 8 8 0
p19 1 6 1
p20 1 2 1
p21 6 3 1
p22 10 6 1
p23 4 3 1
p24 1 8 1
p25 9 3 1
p26 5 5 0
p27 6 5 0
p28 8 1 0
p29 8 10 1
p30 1 1 0
p31 3 5 1
p32 7 5 0
p33 9 6 0
p34 6 6 1
p35 2 1 1
p36 1 3 1
p37 4 8 1
p38 9 10 1
p39 9 4 0
p40 1 9 1
p41 2 6 1
p42 8 3 1
p43 2 10 1
p44 4 9 0
p45 7 7 1
p46 9 2 1
p47 7 4 1
p48 5 3 0
p49 0 7 1
p50 4 3 1