50
p1 0 10 0
p1 5 7 1
p2 10 2 0
p3 6 7 1
p4 4 7 0
p5 2 10 0
p6 3 5 0
p7 1 5 0
p8 0 2 0
p9 7 1 1
p10 0 6 0
p11 10 7 0
p12 4 1 0
p13 7 8 0
p14 5 3 0
p15 7 8 1
p16 3 8 0
p17 3 2 0
p18 7 7 1
p19 9 5 1
p20 9 10 0
p21 9 2 1
p22 2 3 1
p23 6 4 0
p24 0 1 0
p25 6 7 1
p26 8 8 0
p27 9 2 0
p28 10 5 0
p29 3 9 1
p30 8 9 0
p31 4 6 1
p32 9 9 1
p33 9 8 1
p34 10 1 1
p35 4 8 1
p36 5 6 1
p37 1 3 0
p38 5 1 0
p39 4 5 0
p40 8 6 1
p41 2 7 0
p42 6 8 0
p43 4 9 1
p44 2 9 1
p45 3 1 0
p46 7 2 1
p47 1 2 1
p48 2 10 0
p49 2 9 0
p50 1 8 1