50
p1 0 3 1
p1 2 5 0
p2 3 10 0
p3 1 6 0
p4 9 9 0
p5 0 8 0
p6 1 2 0
p7 3 10 1
p8 9 6 1
p9 6 10 0
p10 2 9 0
p11 1 7 0
p12 2 8 0
p13 0 3 1
p14 9 5 1
p15 7 1 0
p16 7 4 0
p17 0 7 1
p18 1 3 0
p19 6 3 1
p20 2 5 1
p21 1 10 1
p22 8 9 0
p23 4 9 0
p24 10 5 0
p25 8 9 1
p26 8 6 0
p27 3 10 0
p28 3 8 1
p29 2 6 1
p30 10 3 1
p31 5 5 0
p32 9 6 1
p33 5 6 1
p34 5 2 1
p35 3 2 1
p36 1 2 1
p37 0 8 0
p38 0 7 1
p39 0 4 0
p40 0 2 1
p41 8 9 1
p42 6 1 0
p43 2 7 0
p44 3 2 1
p45 7 8 0
p46 9 10 1
p47 6 9 0
p48 8 4 0
p49 3 10 1
p50 10 9 0