50
p1 0 3 0
p1 6 3 1
p2 0 2 0
p3 0 8 0
p4 2 2 1
p5 9 4 1
p6 10 2 0
p7 6 9 0
p8 4 6 0
p9 0 4 1
p10 7 10 1
p11 6 8 0
p12 7 7 1
p13 1 3 0
p14 0 9 1
p15 6 10 1
p16 10 6 0
p17 2 2 1
p18 9 4 0
p19 10 5 1
p20 6 5 1
p21 7 8 0
p22 6 4 0
p23 5 6 1
p24 7 6 1
p25 4 6 0
p26 9 2 1
p27 9 7 0
p28 6 9 1
p29 7 8 1
p30 4 8 0
p31 6 6 1
p32 9 3 1
p33 9 2 0
p34 0 10 0
p35 2 4 1
p36 9 3 0
p37 2 3 0
p38 5 3 1
p39 8 6 0
p40 3 10 0
p41 6 1 1
p42 3 10 1
p43 7 3 0
p44 1 8 0
p45 4 1 1
p46 0 5 0
p47 0 3 0
p48 1 10 0
p49 5 8 1
p50 7 3 0