50
p1 0 8 0
p1 10 9 1
p2 8 10 0
p3 2 1 1
p4 2 9 0
p5 0 4 0
p6 6 2 0
p7 5 7 0
p8 4 6 1
p9 3 7 0
p10 0 2 1
p11 3 4 1
p12 6 6 0
p13 0 3 0
p14 5 7 0
p15 0 9 1
p16 1 7 1
p17 8 7 1
p18 2 3 0
p19 0 7 0
p20 0 5 1
p21 5 5 0
p22 4 5 1
p23 10 4 1
p24 10 2 1
p25 10 8 0
p26 4 1 0
p27 0 8 1
p28 10 9 1
p29 8 3 1
p30 6 9 1
p31 2 7 1
p32 5 7 0
p33 2 9 1
p34 4 3 0
p35 9 8 1
p36 10 9 1
p37 7 8 0
p38 8 1 0
p39 3 3 0
p40 6 6 1
p41 6 5 1
p42 4 9 1
p43 7 5 1
p44 2 4 0
p45 3 2 1
p46 2 1 1
p47 6 4 1
p48 5 10 1
p49 8 1 1
p50 4 3 0