50
p1 0 3 0
p1 7 6 1
p2 6 1 1
p3 2 10 1
p4 9 10 0
p5 5 3 1
p6 9 9 1
p7 7 9 0
p8 6 4 1
p9 2 3 1
p10 10 4 1
p11 3 6 0
p12 8 6 1
p13 7 10 0
p14 10 3 1
p15 4 6 1
p16 7 4 0
p17 2 6 0
p18 7 9 1
p19 4 1 0
p20 9 5 1
p21 3 2 0
p22 4 3 1
p23 9 6 0
p24 5 2 0
p25 1 2 0
p26 7 9 1
p27 2 4 0
p28 8 5 0
p29 5 2 0
p30 2 10 0
p31 3 1 1
p32 5 7 0
p33 0 6 1
p34 5 1 0
p35 10 9 1
p36 4 7 1
p37 1 2 1
p38 10 6 1
p39 0 4 0
p40 8 7 1
p41 6 10 0
p42 0 1 0
p43 7 3 0
p44 1 10 0
p45 1 4 1
p46 9 1 1
p47 0 6 0
p48 6 6 0
p49 3 9 1
p50 2 5 1