50
p1 0 9 0
p1 8 1 1
p2 8 3 1
p3 8 7 1
p4 8 8 0
p5 2 10 1
p6 8 1 1
p7 9 3 1
p8 7 10 0
p9 4 9 0
p10 7 5 1
p11 10 4 1
p12 9 1 1
p13 7 3 1
p14 1 4 0
p15 4 5 0
p16 1 2 0
p17 7 3 0
p18 0 1 0
p19 4 3 0
p20 4 10 0
p21 2 7 1
p22 8 5 0
p23 10 6 0
p24 3 1 1
p25 5 9 0
p26 10 1 1
p27 4 2 0
p28 9 4 0
p29 6 9 0
p30 4 9 1
p31 3 3 1
p32 1 3 1
p33 3 3 1
p34 4 8 1
p35 5 9 1
p36 3 3 1
p37 6 5 0
p38 0 3 0
p39 5 2 0
p40 2 4 0
p41 6 1 1
p42 9 3 1
p43 5 3 1
p44 1 3 0
p45 9 9 1
p46 3 9 1
p47 1 1 1
p48 1 10 1
p49 2 10 0
p50 6 10 0