50
p1 0 7 1
p1 2 3 1
p2 6 9 0
p3 2 3 1
p4 9 1 0
p5 7 7 1
p6 4 3 0
p7 3 5 0
p8 4 2 1
p9 3 4 1
p10 4 3 1
p11 2 7 1
p12 4 5 0
p13 4 1 0
p14 5 10 1
p15 5 9 1
p16 7 8 1
p17 10 9 1
p18 10 1 1
p19 6 9 0
p20 9 10 0
p21 9 5 0
p22 5 10 0
p23 10 8 1
p24 10 9 0
p25 3 1 0
p26 2 1 0
p27 5 6 0
p28 5 1 0
p29 0 3 0
p30 4 10 0
p31 10 1 0
p32 7 5 1
p33 3 5 1
p34 8 1 1
p35 8 1 1
p36 1 6 0
p37 1 2 1
p38 9 6 0
p39 7 9 0
p40 10 6 0
p41 10 7 0
p42 8 1 0
p43 6 3 0
p44 9 2 0
p45 0 3 0
p46 3 10 1
p47 7 4 1
p48 7 5 0
p49 3 3 1
p50 10 7 0