50
p1 0 7 0
p1 10 8 1
p2 2 7 0
p3 10 9 0
p4 4 8 1
p5 7 9 0
p6 1 7 1
p7 10 5 0
p8 6 9 1
p9 5 4 1
p10 10 2 1
p11 4 4 0
p12 7 10 1
p13 4 6 1
p14 3 5 1
p15 1 8 1
p16 5 10 1
p17 4 1 1
p18 6 9 0
p19 6 7 1
p20 8 6 0
p21 10 5 0
p22 6 5 1
p23 6 5 0
p24 2 4 1
p25 0 3 0
p26 10 5 1
p27 8 6 0
p28 6 2 0
p29 9 2 1
p30 5 4 0
p31 8 9 1
p32 7 10 1
p33 7 3 0
p34 2 3 1
p35 2 4 1
p36 2 2 0
p37 5 7 1
p38 7 4 0
p39 5 1 0
p40 8 2 1
p41 6 1 1
p42 2 2 0
p43 10 4 0
p44 4 3 0
p45 4 7 1
p46 2 1 0
p47 4 7 1
p48 1 8 0
p49 7 2 1
p50 10 7 0