50
p1 0 3 0
p1 1 1 1
p2 2 1 0
p3 4 2 0
p4 5 4 1
p5 1 2 0
p6 7 2 0
p7 6 7 0
p8 2 4 1
p9 7 10 1
p10 3 6 1
p11 2 8 1
p12 0 3 0
p13 5 4 1
p14 3 6 1
p15 3 6 0
p16 0 2 1
p17 9 10 1
p18 0 7 0
p19 7 2 1
p20 4 3 1
p21 2 2 0
p22 4 9 0
p23 9 5 0
p24 6 10 1
p25 4 2 0
p26 9 4 0
p27 7 3 1
p28 4 2 1
p29 7 2 0
p30 10 5 1
p31 0 9 0
p32 0 2 0
p33 3 6 1
p34 10 5 0
p35 5 1 0
p36 2 7 1
p37 5 6 1
p38 9 7 0
p39 7 3 1
p40 3 2 1
p41 10 10 1
p42 6 8 1
p43 6 7 0
p44 8 10 0
p45 6 6 0
p46 2 1 0
p47 7 5 1
p48 7 9 0
p49 0 1 0
p50 2 4 1