50
p1 0 2 1
p1 8 2 0
p2 0 10 0
p3 9 2 0
p4 4 7 1
p5 1 6 0
p6 8 9 1
p7 6 8 1
p8 8 2 0
p9 7 1 0
p10 10 3 1
p11 7 2 0
p12 3 2 0
p13 2 8 1
p14 3 7 1
p15 10 7 0
p16 10 1 1
p17 7 3 0
p18 10 2 0
p19 3 9 0
p20 9 3 1
p21 6 3 0
p22 9 4 1
p23 3 9 1
p24 9 10 1
p25 9 10 1
p26 9 3 0
p27 6 4 0
p28 5 5 1
p29 6 3 0
p30 0 4 0
p31 4 5 0
p32 6 4 0
p33 3 5 0
p34 3 7 0
p35 7 1 1
p36 9 4 1
p37 3 3 1
p38 8 1 1
p39 9 9 1
p40 10 8 1
p41 0 3 1
p42 8 9 0
p43 3 4 0
p44 7 10 0
p45 9 3 1
p46 8 1 0
p47 5 8 0
p48 4 6 1
p49 4 4 1
p50 6 6 0