50
p1 0 3 0
p1 2 3 1
p2 0 7 0
p3 1 9 0
p4 5 5 0
p5 7 7 1
p6 5 3 1
p7 8 1 0
p8 5 2 1
p9 10 9 0
p10 0 9 1
p11 0 1 1
p12 1 7 1
p13 7 3 0
p14 0 3 0
p15 10 6 0
p16 1 8 1
p17 5 6 1
p18 8 8 1
p19 10 7 1
p20 7 7 1
p21 0 6 1
p22 1 7 1
p23 8 3 0
p24 1 1 0
p25 9 5 1
p26 5 3 0
p27 4 7 1
p28 6 4 0
p29 2 2 0
p30 4 9 1
p31 7 4 0
p32 10 3 0
p33 0 1 1
p34 1 9 1
p35 6 1 0
p36 0 4 0
p37 6 2 0
p38 3 10 0
p39 3 8 1
p40 3 4 1
p41 5 7 1
p42 0 9 1
p43 10 7 1
p44 6 1 1
p45 1 9 1
p46 2 4 1
p47 10 3 0
p48 9 4 1
p49 8 3 1
p50 0 8 0