50
p1 0 5 1
p1 4 6 0
p2 0 7 0
p3 10 7 1
p4 3 6 1
p5 4 7 0
p6 9 8 1
p7 7 8 0
p8 0 2 1
p9 4 4 1
p10 3 7 0
p11 8 2 1
p12 10 2 1
p13 5 8 1
p14 7 7 0
p15 2 10 0
p16 0 6 1
p17 4 3 0
p18 10 7 1
p19 7 4 0
p20 4 5 1
p21 5 9 0
p22 6 2 0
p23 4 8 1
p24 4 10 1
p25 2 9 0
p26 7 8 1
p27 8 1 0
p28 3 7 0
p29 9 9 1
p30 4 3 1
p31 6 9 1
p32 8 8 0
p33 9 4 0
p34 8 5 1
p35 4 6 1
p36 5 5 0
p37 2 10 1
p38 5 9 1
p39 2 3 1
p40 6 6 0
p41 0 10 0
p42 1 3 0
p43 8 9 1
p44 3 9 0
p45 5 9 1
p46 1 8 0
p47 2 2 1
p48 4 6 1
p49 2 8 1
p50 4 9 1