50
p1 0 9 0
p1 4 10 1
p2 8 1 0
p3 10 9 0
p4 4 3 0
p5 0 7 0
p6 2 8 0
p7 10 7 0
p8 2 9 0
p9 8 2 1
p10 4 3 1
p11 0 1 0
p12 8 2 0
p13 10 1 0
p14 6 10 0
p15 0 1 0
p16 6 4 0
p17 9 8 0
p18 2 1 0
p19 7 5 1
p20 2 5 0
p21 2 7 0
p22 10 1 1
p23 10 10 1
p24 2 6 0
p25 4 3 0
p26 3 1 0
p27 9 1 1
p28 9 2 1
p29 0 4 1
p30 5 8 1
p31 2 4 1
p32 6 1 1
p33 5 10 1
p34 4 7 0
p35 8 1 0
p36 8 4 1
p37 3 6 1
p38 2 5 0
p39 9 10 0
p40 6 10 1
p41 8 5 0
p42 0 1 0
p43 5 3 1
p44 4 6 0
p45 8 5 0
p46 0 3 1
p47 9 3 1
p48 2 4 1
p49 9 8 0
p50 6 7 1