50
p1 0 1 0
p1 0 10 0
p2 0 5 1
p3 9 7 0
p4 1 2 0
p5 6 5 1
p6 5 8 0
p7 5 9 1
p8 10 7 0
p9 4 1 1
p10 3 7 1
p11 5 10 1
p12 5 9 1
p13 7 8 1
p14 5 2 0
p15 3 8 1
p16 8 7 0
p17 3 1 0
p18 2 6 0
p19 4 5 1
p20 5 9 1
p21 5 3 0
p22 6 5 0
p23 0 7 1
p24 7 3 0
p25 7 5 0
p26 2 4 0
p27 8 7 0
p28 2 7 1
p29 4 2 1
p30 9 3 1
p31 3 7 1
p32 6 6 1
p33 7 6 1
p34 4 4 1
p35 5 3 1
p36 8 8 0
p37 3 8 0
p38 8 3 1
p39 0 9 0
p40 1 6 0
p41 5 4 0
p42 4 10 1
p43 4 8 1
p44 9 3 0
p45 4 9 0
p46 1 6 0
p47 4 10 1
p48 7 1 1
p49 1 8 0
p50 10 3 1