50
p1 0 6 1
p1 3 4 1
p2 5 3 1
p3 6 5 0
p4 2 5 0
p5 7 10 0
p6 0 2 0
p7 3 4 0
p8 8 10 1
p9 1 3 1
p10 0 3 1
p11 5 3 0
p12 7 9 0
p13 6 8 1
p14 3 6 1
p15 2 4 1
p16 3 3 0
p17 0 1 1
p18 7 9 0
p19 0 10 0
p20 3 6 0
p21 6 3 0
p22 9 10 1
p23 10 5 0
p24 0 1 0
p25 0 1 1
p26 3 3 1
p27 8 9 0
p28 2 5 0
p29 3 8 1
p30 1 9 0
p31 10 6 0
p32 10 2 1
p33 8 2 0
p34 8 9 0
p35 0 1 1
p36 1 9 1
p37 2 2 0
p38 3 9 0
p39 1 7 0
p40 1 2 0
p41 6 5 1
p42 4 2 0
p43 8 9 1
p44 2 6 1
p45 0 1 0
p46 1 5 0
p47 8 2 1
p48 0 2 1
p49 2 5 0
p50 2 2 1