50
p1 0 6 1
p1 8 4 0
p2 3 9 0
p3 6 9 1
p4 10 7 0
p5 6 5 1
p6 7 7 0
p7 2 9 0
p8 3 1 0
p9 3 5 0
p10 8 4 1
p11 8 5 1
p12 9 10 1
p13 4 7 1
p14 10 9 1
p15 1 4 1
p16 2 4 1
p17 10 3 1
p18 7 7 1
p19 3 1 1
p20 6 9 0
p21 1 9 0
p22 6 4 1
p23 8 2 0
p24 4 8 0
p25 4 10 1
p26 5 5 1
p27 2 7 1
p28 7 5 1
p29 0 3 1
p30 0 3 1
p31 2 1 0
p32 7 10 1
p33 1 4 0
p34 3 7 0
p35 10 7 1
p36 9 10 0
p37 2 2 0
p38 3 3 0
p39 4 1 0
p40 6 4 0
p41 2 6 1
p42 5 8 0
p43 9 5 0
p44 10 5 0
p45 2 4 1
p46 10 1 0
p47 4 7 0
p48 10 6 0
p49 6 4 1
p50 2 3 0