50
p1 0 7 1
p1 0 8 0
p2 9 10 0
p3 1 6 0
p4 5 1 0
p5 6 3 1
p6 10 5 0
p7 1 5 0
p8 9 9 1
p9 10 10 0
p10 1 7 0
p11 5 6 1
p12 5 6 0
p13 7 8 1
p14 5 6 1
p15 1 3 0
p16 6 5 0
p17 7 1 0
p18 5 2 0
p19 2 6 0
p20 10 5 0
p21 2 2 1
p22 10 9 0
p23 9 1 0
p24 7 3 1
p25 10 3 1
p26 9 7 1
p27 6 1 1
p28 1 5 1
p29 10 6 0
p30 5 8 0
p31 6 9 0
p32 6 6 0
p33 1 8 0
p34 1 2 0
p35 4 7 1
p36 1 6 1
p37 2 7 1
p38 9 2 1
p39 6 2 0
p40 2 8 1
p41 2 7 0
p42 8 7 1
p43 3 9 0
p44 2 6 1
p45 3 1 1
p46 2 8 0
p47 8 9 0
p48 6 10 0
p49 6 2 1
p50 1 10 1