100
p1 0 3 1
p1 9 3 1
p2 1 9 0
p3 5 7 0
p4 6 6 0
p5 10 1 0
p6 8 3 0
p7 4 9 0
p8 3 6 1
p9 9 7 0
p10 8 2 0
p11 0 8 0
p12 1 3 1
p13 9 1 1
p14 2 2 0
p15 4 5 0
p16 2 6 0
p17 1 2 1
p18 0 2 0
p19 8 10 0
p20 9 9 0
p21 4 9 1
p22 5 10 0
p23 1 5 0
p24 1 1 1
p25 8 7 1
p26 5 7 0
p27 7 7 0
p28 8 8 1
p29 10 9 0
p30 4 7 0
p31 8 4 0
p32 9 4 1
p33 3 5 1
p34 0 5 1
p35 0 10 1
p36 4 3 1
p37 9 2 0
p38 4 1 1
p39 5 6 1
p40 8 1 1
p41 1 5 1
p42 4 2 0
p43 5 7 1
p44 1 2 1
p45 6 6 0
p46 0 8 0
p47 7 3 0
p48 4 3 0
p49 6 1 1
p50 7 4 1
p51 4 4 1
p52 1 9 0
p53 1 10 0
p54 4 10 1
p55 9 3 1
p56 4 4 0
p57 10 3 0
p58 3 5 1
p59 4 1 1
p60 8 6 0
p61 9 2 1
p62 3 4 0
p63 8 6 1
p64 5 1 0
p65 5 5 0
p66 5 10 0
p67 0 6 0
p68 6 7 0
p69 6 7 0
p70 4 9 1
p71 8 5 1
p72 6 3 0
p73 3 1 1
p74 3 9 1
p75 5 5 1
p76 4 8 1
p77 10 8 0
p78 6 8 0
p79 1 9 0
p80 5 3 1
p81 5 5 1
p82 2 9 1
p83 9 5 1
p84 3 4 0
p85 8 5 0
p86 2 1 0
p87 10 4 1
p88 7 2 0
p89 10 8 0
p90 7 2 0
p91 6 2 0
p92 7 9 1
p93 8 8 1
p94 8 6 1
p95 2 3 1
p96 0 2 1
p97 1 5 1
p98 1 7 0
p99 6 5 1
p100 9 9 0