100
p1 0 8 0
p1 8 10 1
p2 0 10 1
p3 10 3 1
p4 2 2 0
p5 10 10 1
p6 2 7 0
p7 8 5 0
p8 3 1 1
p9 7 6 0
p10 2 8 1
p11 1 3 1
p12 2 5 0
p13 4 4 0
p14 5 7 1
p15 0 8 0
p16 10 4 1
p17 1 2 1
p18 5 8 1
p19 10 10 0
p20 10 7 1
p21 0 5 1
p22 8 10 1
p23 3 10 0
p24 7 4 1
p25 5 2 0
p26 5 1 1
p27 7 7 0
p28 6 5 0
p29 3 6 1
p30 0 2 0
p31 9 9 0
p32 3 7 1
p33 6 9 0
p34 2 7 1
p35 6 2 0
p36 4 8 1
p37 10 1 1
p38 10 9 1
p39 4 2 0
p40 1 5 1
p41 2 9 1
p42 8 5 1
p43 6 8 1
p44 3 5 1
p45 1 2 1
p46 9 5 0
p47 3 1 1
p48 7 2 1
p49 2 5 1
p50 9 2 1
p51 3 8 0
p52 4 1 0
p53 9 8 1
p54 8 2 1
p55 6 8 0
p56 9 4 0
p57 9 7 1
p58 1 9 0
p59 0 6 1
p60 6 5 0
p61 10 6 1
p62 9 9 1
p63 6 1 1
p64 5 2 0
p65 9 9 1
p66 10 1 0
p67 10 10 0
p68 0 5 0
p69 6 6 1
p70 2 10 0
p71 0 8 1
p72 3 9 1
p73 3 9 1
p74 10 5 1
p75 3 5 1
p76 4 8 0
p77 0 9 1
p78 3 9 1
p79 9 1 1
p80 9 3 0
p81 10 10 1
p82 8 5 0
p83 0 6 0
p84 10 3 0
p85 1 9 1
p86 8 1 0
p87 10 1 0
p88 3 9 0
p89 9 4 0
p90 3 1 0
p91 2 3 0
p92 5 9 0
p93 0 7 1
p94 5 2 0
p95 1 2 0
p96 9 1 0
p97 2 7 0
p98 5 9 1
p99 1 5 0
p100 1 8 0