100
p1 0 1 1
p1 4 4 1
p2 1 10 1
p3 0 1 0
p4 3 4 1
p5 7 5 0
p6 4 6 1
p7 1 9 0
p8 3 9 0
p9 0 3 0
p10 0 8 1
p11 7 8 0
p12 1 6 1
p13 6 2 1
p14 8 8 1
p15 8 9 1
p16 7 6 0
p17 10 9 0
p18 3 6 1
p19 3 4 1
p20 1 3 0
p21 2 7 1
p22 4 4 0
p23 5 6 1
p24 9 5 0
p25 8 4 0
p26 3 4 1
p27 0 2 1
p28 5 9 0
p29 0 1 0
p30 9 8 0
p31 6 8 0
p32 4 8 1
p33 2 8 0
p34 2 7 0
p35 5 9 0
p36 7 10 1
p37 10 8 0
p38 4 1 0
p39 2 6 1
p40 1 1 0
p41 2 7 0
p42 10 7 1
p43 4 4 0
p44 1 1 0
p45 7 5 0
p46 0 6 0
p47 6 3 1
p48 4 2 1
p49 8 1 1
p50 9 2 1
p51 6 1 1
p52 4 2 1
p53 5 10 1
p54 9 2 1
p55 3 5 1
p56 6 2 0
p57 10 8 1
p58 2 3 0
p59 8 10 0
p60 8 10 1
p61 7 10 1
p62 3 1 0
p63 6 1 1
p64 7 5 0
p65 10 6 1
p66 4 10 0
p67 8 5 0
p68 10 6 0
p69 1 9 1
p70 5 2 0
p71 10 5 1
p72 5 7 1
p73 2 2 1
p74 3 1 0
p75 8 6 1
p76 1 7 0
p77 0 1 1
p78 3 7 0
p79 8 10 0
p80 3 6 0
p81 4 4 0
p82 0 2 0
p83 1 1 1
p84 3 2 1
p85 1 2 1
p86 7 1 1
p87 9 5 1
p88 1 10 0
p89 7 2 1
p90 2 6 0
p91 4 9 1
p92 8 3 1
p93 6 4 1
p94 2 1 0
p95 5 10 0
p96 0 7 0
p97 2 2 0
p98 10 8 0
p99 9 4 1
p100 8 9 0