100
p1 0 1 0
p1 4 10 1
p2 2 1 1
p3 4 5 1
p4 5 2 0
p5 9 5 0
p6 8 8 1
p7 6 9 0
p8 3 1 1
p9 5 8 1
p10 7 3 1
p11 10 3 1
p12 2 9 1
p13 8 6 1
p14 1 8 1
p15 3 10 1
p16 4 5 0
p17 0 2 0
p18 8 1 1
p19 8 2 0
p20 4 2 0
p21 7 8 0
p22 7 9 0
p23 3 4 1
p24 7 2 0
p25 4 10 0
p26 4 10 0
p27 3 8 1
p28 2 9 1
p29 3 4 1
p30 10 3 0
p31 0 2 1
p32 10 10 1
p33 7 6 0
p34 2 9 1
p35 2 7 0
p36 2 10 0
p37 9 3 1
p38 5 9 1
p39 6 6 0
p40 3 4 1
p41 3 4 0
p42 5 10 0
p43 8 5 1
p44 10 2 1
p45 1 9 1
p46 2 8 0
p47 10 1 0
p48 10 3 1
p49 2 6 0
p50 9 3 1
p51 4 5 0
p52 5 1 0
p53 3 8 0
p54 4 1 1
p55 0 4 1
p56 8 6 0
p57 6 5 0
p58 10 10 0
p59 10 10 0
p60 7 8 0
p61 6 8 0
p62 0 4 0
p63 9 4 1
p64 5 7 0
p65 1 9 1
p66 8 10 0
p67 8 7 1
p68 8 4 0
p69 2 3 1
p70 2 6 0
p71 3 6 1
p72 6 9 0
p73 5 4 1
p74 4 8 1
p75 4 1 1
p76 4 3 0
p77 5 10 0
p78 4 6 0
p79 2 2 0
p80 6 6 1
p81 6 2 0
p82 5 4 1
p83 6 5 0
p84 1 10 1
p85 3 2 1
p86 1 8 0
p87 3 5 1
p88 0 4 0
p89 4 10 1
p90 3 2 0
p91 2 7 1
p92 6 6 1
p93 5 9 1
p94 6 3 0
p95 3 3 0
p96 6 1 1
p97 10 1 1
p98 1 5 1
p99 8 6 0
p100 9 8 1