100
p1 0 7 0
p1 5 6 1
p2 9 3 0
p3 10 2 1
p4 9 4 0
p5 10 2 0
p6 2 9 0
p7 5 1 1
p8 1 8 0
p9 5 8 0
p10 1 3 1
p11 0 10 0
p12 4 4 1
p13 5 8 0
p14 10 7 1
p15 3 8 1
p16 3 8 1
p17 1 2 1
p18 1 9 1
p19 5 1 0
p20 7 8 0
p21 10 1 0
p22 8 5 1
p23 9 9 1
p24 0 1 1
p25 8 2 0
p26 5 3 1
p27 9 10 0
p28 0 8 0
p29 5 9 0
p30 6 4 1
p31 9 10 1
p32 7 4 1
p33 7 10 0
p34 0 10 0
p35 3 5 1
p36 4 10 1
p37 5 3 0
p38 9 6 0
p39 4 8 0
p40 10 6 1
p41 2 3 0
p42 4 7 1
p43 7 3 0
p44 1 8 1
p45 9 2 0
p46 0 2 1
p47 10 5 1
p48 5 4 1
p49 8 8 0
p50 4 8 0
p51 5 3 0
p52 3 6 0
p53 5 9 1
p54 8 1 0
p55 1 8 0
p56 4 7 1
p57 8 3 0
p58 0 5 1
p59 5 6 0
p60 2 8 1
p61 5 4 0
p62 4 7 1
p63 0 8 1
p64 3 6 0
p65 0 9 1
p66 4 4 1
p67 2 8 1
p68 4 9 0
p69 0 10 1
p70 8 3 0
p71 5 4 1
p72 3 3 0
p73 6 6 1
p74 10 9 0
p75 2 2 0
p76 2 3 1
p77 1 9 0
p78 5 6 1
p79 10 8 0
p80 0 10 0
p81 4 6 1
p82 2 6 1
p83 8 10 0
p84 5 3 0
p85 7 6 1
p86 8 8 1
p87 6 8 0
p88 2 8 1
p89 2 3 0
p90 1 10 1
p91 1 7 1
p92 3 9 0
p93 0 2 1
p94 3 6 1
p95 4 4 0
p96 10 9 0
p97 7 4 1
p98 5 5 0
p99 7 3 1
p100 2 7 0