100
p1 0 6 1
p1 4 5 0
p2 7 5 0
p3 4 4 1
p4 5 1 0
p5 10 10 1
p6 9 5 1
p7 9 5 1
p8 1 8 0
p9 6 4 1
p10 5 8 1
p11 10 10 1
p12 5 10 1
p13 3 3 0
p14 4 1 0
p15 3 6 1
p16 1 3 1
p17 4 9 1
p18 6 2 0
p19 8 1 1
p20 8 1 1
p21 1 3 0
p22 2 5 1
p23 1 9 0
p24 5 7 0
p25 1 7 0
p26 1 4 0
p27 0 6 0
p28 7 4 0
p29 0 1 0
p30 9 4 1
p31 6 4 1
p32 6 1 1
p33 4 7 1
p34 4 7 1
p35 9 1 1
p36 2 2 0
p37 7 2 0
p38 7 10 1
p39 2 4 1
p40 0 5 1
p41 3 8 0
p42 1 9 1
p43 6 1 1
p44 2 4 0
p45 1 1 0
p46 6 8 0
p47 3 9 1
p48 9 1 0
p49 4 1 1
p50 10 6 0
p51 8 1 1
p52 1 8 1
p53 10 1 1
p54 3 2 0
p55 8 9 0
p56 9 5 1
p57 10 9 0
p58 0 6 0
p59 7 7 1
p60 9 8 0
p61 10 10 0
p62 8 9 1
p63 7 6 0
p64 0 1 1
p65 4 6 1
p66 0 4 1
p67 3 7 0
p68 10 8 1
p69 0 8 1
p70 2 7 1
p71 10 2 0
p72 10 2 0
p73 5 9 0
p74 9 9 0
p75 9 10 0
p76 5 2 1
p77 3 1 1
p78 3 8 1
p79 6 3 0
p80 1 10 0
p81 8 2 1
p82 6 3 0
p83 2 10 0
p84 6 4 0
p85 3 6 0
p86 7 8 1
p87 4 3 1
p88 6 10 0
p89 1 6 0
p90 7 7 1
p91 9 2 1
p92 6 1 1
p93 4 2 0
p94 8 4 0
p95 10 6 1
p96 9 4 0
p97 6 5 0
p98 4 1 1
p99 9 5 0
p100 1 2 1