100
p1 0 5 0
p1 9 10 1
p2 2 7 0
p3 10 3 1
p4 9 9 1
p5 9 6 0
p6 10 5 1
p7 9 3 1
p8 8 5 0
p9 4 9 1
p10 4 10 0
p11 4 8 1
p12 10 3 1
p13 10 2 0
p14 3 1 0
p15 4 3 1
p16 2 6 0
p17 10 10 0
p18 8 1 0
p19 10 5 0
p20 0 3 1
p21 10 4 1
p22 9 2 1
p23 9 8 0
p24 6 2 0
p25 0 1 0
p26 0 4 0
p27 0 10 1
p28 4 2 1
p29 1 1 1
p30 10 6 0
p31 7 3 1
p32 2 1 0
p33 8 7 1
p34 8 6 1
p35 2 6 1
p36 6 7 1
p37 10 10 0
p38 10 1 1
p39 2 4 0
p40 1 7 1
p41 3 9 0
p42 7 5 0
p43 5 4 0
p44 3 7 0
p45 5 9 1
p46 4 8 1
p47 10 2 0
p48 2 2 0
p49 10 8 1
p50 8 3 1
p51 5 10 1
p52 3 6 1
p53 0 2 0
p54 2 5 1
p55 6 6 1
p56 8 8 0
p57 1 5 0
p58 3 4 1
p59 5 9 0
p60 6 2 0
p61 7 7 1
p62 10 7 0
p63 9 4 1
p64 8 8 0
p65 3 1 1
p66 7 2 0
p67 4 5 0
p68 3 5 1
p69 10 10 0
p70 9 5 1
p71 6 4 1
p72 8 1 0
p73 5 10 1
p74 6 3 0
p75 0 9 1
p76 2 4 0
p77 3 2 0
p78 4 2 0
p79 3 6 0
p80 0 2 0
p81 3 10 1
p82 3 4 0
p83 7 9 1
p84 0 9 1
p85 9 5 1
p86 1 8 0
p87 1 3 0
p88 7 6 1
p89 8 8 0
p90 9 5 1
p91 9 3 1
p92 10 4 0
p93 3 2 0
p94 5 7 0
p95 0 2 0
p96 0 1 1
p97 3 3 1
p98 1 8 0
p99 4 10 0
p100 1 7 0