100
p1 0 3 0
p1 6 8 0
p2 0 5 1
p3 2 8 1
p4 2 1 1
p5 2 7 0
p6 5 8 0
p7 0 1 1
p8 5 7 0
p9 9 10 1
p10 3 2 1
p11 10 10 1
p12 6 7 1
p13 2 10 0
p14 4 4 1
p15 0 5 1
p16 10 1 1
p17 7 3 1
p18 3 7 0
p19 3 5 1
p20 10 6 0
p21 2 3 0
p22 9 1 0
p23 9 7 1
p24 7 9 1
p25 10 2 1
p26 5 5 1
p27 3 8 1
p28 2 4 0
p29 3 7 0
p30 6 6 1
p31 1 1 1
p32 5 5 1
p33 3 10 0
p34 7 8 0
p35 1 8 1
p36 3 8 1
p37 8 9 0
p38 4 10 1
p39 0 10 1
p40 8 8 1
p41 4 7 1
p42 4 7 0
p43 6 6 1
p44 10 3 0
p45 0 2 0
p46 3 7 1
p47 7 3 0
p48 6 8 1
p49 4 2 0
p50 1 7 0
p51 7 10 0
p52 6 8 0
p53 0 7 0
p54 9 9 0
p55 9 10 1
p56 5 3 1
p57 2 10 1
p58 6 6 1
p59 2 9 0
p60 9 1 0
p61 6 9 1
p62 6 8 0
p63 1 9 1
p64 8 1 1
p65 8 10 0
p66 3 9 0
p67 4 4 0
p68 10 4 1
p69 2 10 1
p70 1 2 1
p71 2 8 1
p72 2 6 0
p73 10 2 0
p74 3 5 1
p75 2 3 0
p76 4 3 1
p77 0 1 0
p78 8 6 1
p79 1 10 0
p80 3 2 1
p81 5 8 0
p82 9 2 1
p83 1 1 1
p84 1 8 1
p85 5 7 1
p86 2 6 0
p87 3 7 0
p88 2 1 1
p89 10 3 0
p90 2 7 1
p91 3 8 0
p92 8 10 0
p93 10 9 0
p94 1 7 1
p95 7 1 1
p96 6 6 0
p97 7 8 1
p98 2 4 1
p99 3 8 1
p100 10 2 1