100
p1 0 6 1
p1 9 4 1
p2 0 2 1
p3 4 1 0
p4 9 3 1
p5 7 1 1
p6 0 9 0
p7 10 4 0
p8 0 1 0
p9 7 8 0
p10 6 4 1
p11 8 1 0
p12 3 5 0
p13 7 5 0
p14 1 1 0
p15 1 1 1
p16 5 6 1
p17 5 9 0
p18 0 7 0
p19 3 4 0
p20 8 1 1
p21 7 7 1
p22 3 4 1
p23 6 2 1
p24 10 9 1
p25 2 6 1
p26 6 10 0
p27 10 10 0
p28 3 10 0
p29 0 2 1
p30 8 4 1
p31 4 9 1
p32 8 5 0
p33 9 3 0
p34 9 5 0
p35 6 2 1
p36 9 9 0
p37 10 6 1
p38 3 6 0
p39 6 9 1
p40 4 8 0
p41 1 2 1
p42 5 3 1
p43 6 8 0
p44 0 10 0
p45 8 1 1
p46 8 4 0
p47 5 4 1
p48 4 10 0
p49 1 6 1
p50 10 6 0
p51 6 4 0
p52 4 5 0
p53 5 2 1
p54 3 10 0
p55 8 6 1
p56 8 9 0
p57 9 7 1
p58 10 3 0
p59 0 5 0
p60 2 6 1
p61 0 2 0
p62 8 9 0
p63 5 8 0
p64 4 10 1
p65 7 9 0
p66 6 2 0
p67 10 4 1
p68 7 4 1
p69 9 8 1
p70 0 7 0
p71 4 4 0
p72 8 8 0
p73 6 4 1
p74 3 5 1
p75 9 7 1
p76 8 6 0
p77 8 2 0
p78 4 3 1
p79 5 4 0
p80 5 6 0
p81 2 3 1
p82 1 10 0
p83 4 2 1
p84 5 4 0
p85 6 1 0
p86 2 2 0
p87 3 8 1
p88 6 2 1
p89 9 10 0
p90 1 6 1
p91 6 9 1
p92 2 2 1
p93 6 4 0
p94 10 3 0
p95 9 7 0
p96 8 10 0
p97 1 10 1
p98 8 4 0
p99 3 5 1
p100 4 10 1