100
p1 0 4 1
p1 7 5 1
p2 10 7 1
p3 2 4 0
p4 2 6 1
p5 6 7 0
p6 8 8 1
p7 2 2 1
p8 3 4 0
p9 5 9 1
p10 0 8 1
p11 8 1 1
p12 1 4 0
p13 8 7 1
p14 5 9 0
p15 3 9 0
p16 8 9 1
p17 2 3 0
p18 1 1 0
p19 0 2 0
p20 0 4 1
p21 3 9 1
p22 2 6 0
p23 10 7 1
p24 5 10 1
p25 8 8 0
p26 4 2 0
p27 8 8 1
p28 3 6 1
p29 8 1 0
p30 0 5 1
p31 7 8 1
p32 4 10 1
p33 1 7 1
p34 6 4 0
p35 3 4 1
p36 6 7 0
p37 3 9 1
p38 2 9 1
p39 5 6 1
p40 6 6 1
p41 5 8 0
p42 8 4 1
p43 4 8 1
p44 1 7 1
p45 4 1 0
p46 1 2 0
p47 3 9 0
p48 9 5 1
p49 7 10 0
p50 1 7 1
p51 0 1 1
p52 3 8 0
p53 6 5 1
p54 1 8 1
p55 8 10 1
p56 0 6 0
p57 2 3 0
p58 0 6 0
p59 5 1 1
p60 2 2 1
p61 2 3 1
p62 0 3 1
p63 0 2 1
p64 3 8 0
p65 4 6 1
p66 5 8 1
p67 2 2 1
p68 7 9 0
p69 7 5 1
p70 0 1 0
p71 1 1 0
p72 2 3 0
p73 8 2 1
p74 6 7 1
p75 4 2 0
p76 6 2 1
p77 3 6 0
p78 7 3 1
p79 3 1 1
p80 10 10 0
p81 6 4 0
p82 0 6 0
p83 8 3 1
p84 1 9 0
p85 0 6 1
p86 2 10 0
p87 7 9 1
p88 3 7 0
p89 4 10 0
p90 9 8 1
p91 1 4 0
p92 2 1 0
p93 0 6 0
p94 3 6 1
p95 5 4 0
p96 8 5 1
p97 6 4 1
p98 0 7 1
p99 5 3 1
p100 9 8 0