100
p1 0 6 1
p1 1 6 0
p2 7 2 0
p3 10 1 0
p4 1 8 1
p5 4 2 0
p6 10 5 0
p7 1 8 0
p8 4 7 0
p9 9 8 0
p10 1 7 1
p11 6 1 1
p12 1 5 0
p13 6 4 0
p14 2 10 1
p15 2 4 0
p16 1 10 0
p17 4 1 1
p18 8 8 0
p19 5 9 1
p20 1 9 1
p21 0 9 1
p22 3 7 1
p23 2 5 0
p24 1 2 0
p25 0 8 1
p26 2 4 0
p27 2 2 0
p28 2 1 1
p29 9 3 1
p30 4 7 1
p31 8 10 1
p32 6 7 1
p33 10 10 0
p34 1 3 1
p35 10 10 0
p36 7 8 1
p37 4 8 0
p38 0 9 1
p39 8 3 1
p40 4 4 1
p41 0 10 0
p42 4 2 0
p43 0 6 1
p44 7 6 0
p45 5 2 1
p46 5 7 0
p47 6 2 1
p48 6 9 0
p49 6 3 0
p50 3 6 1
p51 9 6 0
p52 9 4 0
p53 10 4 1
p54 10 3 0
p55 1 6 1
p56 3 8 1
p57 6 4 0
p58 3 6 0
p59 2 7 0
p60 4 9 1
p61 0 10 0
p62 9 3 0
p63 3 1 1
p64 3 7 1
p65 8 4 0
p66 6 1 0
p67 4 7 1
p68 2 10 0
p69 2 9 0
p70 1 10 0
p71 1 2 1
p72 5 6 1
p73 1 9 0
p74 3 4 0
p75 5 8 1
p76 1 4 0
p77 6 8 0
p78 3 1 1
p79 7 7 1
p80 2 4 0
p81 2 9 1
p82 3 10 0
p83 3 1 0
p84 0 3 0
p85 6 4 1
p86 8 10 0
p87 8 8 1
p88 4 1 0
p89 6 10 0
p90 5 7 1
p91 5 2 1
p92 4 8 0
p93 2 4 0
p94 9 5 0
p95 9 7 0
p96 5 4 1
p97 7 7 1
p98 4 6 1
p99 10 10 1
p100 4 9 1