100
p1 0 4 1
p1 5 1 1
p2 5 4 0
p3 1 2 1
p4 6 4 1
p5 10 9 0
p6 9 5 1
p7 10 4 0
p8 3 7 0
p9 4 3 0
p10 4 9 1
p11 0 1 0
p12 0 8 1
p13 2 6 1
p14 8 2 0
p15 8 7 0
p16 5 9 0
p17 3 8 0
p18 0 4 0
p19 6 4 0
p20 10 2 0
p21 2 2 0
p22 10 2 0
p23 9 7 1
p24 1 9 0
p25 10 6 0
p26 5 8 0
p27 6 8 0
p28 9 1 1
p29 6 5 1
p30 1 10 0
p31 8 9 1
p32 1 1 1
p33 4 5 1
p34 6 10 0
p35 2 1 1
p36 2 1 0
p37 0 9 0
p38 8 1 0
p39 5 5 0
p40 5 5 0
p41 1 9 0
p42 0 10 0
p43 3 7 1
p44 3 5 0
p45 3 8 1
p46 4 3 1
p47 4 6 1
p48 10 10 1
p49 9 5 1
p50 6 7 1
p51 10 7 1
p52 0 9 1
p53 10 4 1
p54 4 1 0
p55 1 7 1
p56 3 9 1
p57 3 6 0
p58 5 6 1
p59 9 7 1
p60 6 8 1
p61 10 9 0
p62 3 8 0
p63 9 7 0
p64 6 4 0
p65 1 7 0
p66 8 1 1
p67 3 2 0
p68 8 4 1
p69 0 5 1
p70 2 1 0
p71 1 10 0
p72 4 8 1
p73 0 10 0
p74 2 9 1
p75 2 2 1
p76 4 8 1
p77 9 9 0
p78 0 2 1
p79 9 7 1
p80 1 8 1
p81 0 4 0
p82 7 10 1
p83 9 8 0
p84 5 1 0
p85 10 9 1
p86 1 10 0
p87 1 6 0
p88 4 10 0
p89 2 10 0
p90 2 5 1
p91 10 10 0
p92 10 6 1
p93 6 10 1
p94 6 9 1
p95 5 10 1
p96 2 7 1
p97 7 2 0
p98 4 6 0
p99 7 4 1
p100 10 8 1