100
p1 0 8 0
p1 8 7 0
p2 1 10 0
p3 9 1 0
p4 6 4 1
p5 5 6 0
p6 1 10 1
p7 6 3 1
p8 4 9 1
p9 6 9 1
p10 0 2 0
p11 10 1 0
p12 6 4 1
p13 9 7 0
p14 4 4 1
p15 9 6 0
p16 9 1 1
p17 8 1 0
p18 0 6 0
p19 4 3 1
p20 0 8 0
p21 5 4 0
p22 0 8 0
p23 10 6 0
p24 2 1 1
p25 3 5 0
p26 4 1 1
p27 4 1 1
p28 3 5 1
p29 1 10 1
p30 9 8 0
p31 1 1 0
p32 3 7 1
p33 8 10 1
p34 1 7 1
p35 7 9 1
p36 9 4 1
p37 5 1 0
p38 1 3 0
p39 0 2 1
p40 8 4 0
p41 0 4 1
p42 9 1 1
p43 6 1 0
p44 10 8 0
p45 7 1 0
p46 2 4 0
p47 3 10 0
p48 10 7 0
p49 5 4 0
p50 5 3 1
p51 10 1 1
p52 0 5 1
p53 1 3 1
p54 6 9 1
p55 8 7 1
p56 9 9 0
p57 10 9 1
p58 7 9 1
p59 8 3 0
p60 8 2 1
p61 1 6 1
p62 7 4 0
p63 10 6 0
p64 5 9 0
p65 1 3 0
p66 7 9 1
p67 6 9 1
p68 1 7 0
p69 9 5 0
p70 3 8 0
p71 2 6 1
p72 8 9 0
p73 3 3 1
p74 7 2 0
p75 2 5 0
p76 10 4 0
p77 6 2 0
p78 4 10 0
p79 4 6 0
p80 0 3 1
p81 3 2 0
p82 2 9 0
p83 1 6 0
p84 6 7 0
p85 6 1 0
p86 4 7 1
p87 0 4 0
p88 2 10 0
p89 6 7 1
p90 7 8 1
p91 4 7 1
p92 5 9 1
p93 6 9 1
p94 8 3 1
p95 1 1 1
p96 8 5 1
p97 4 7 0
p98 5 3 0
p99 10 3 0
p100 6 10 1