100
p1 0 2 0
p1 4 10 1
p2 10 10 1
p3 5 4 1
p4 7 1 0
p5 6 8 0
p6 9 1 1
p7 3 10 0
p8 7 3 0
p9 5 9 1
p10 1 9 0
p11 7 7 1
p12 10 1 0
p13 8 10 1
p14 0 3 0
p15 5 1 1
p16 1 1 1
p17 6 5 1
p18 7 8 1
p19 4 3 1
p20 5 8 1
p21 9 2 1
p22 1 7 1
p23 3 1 0
p24 2 7 1
p25 2 8 1
p26 4 1 0
p27 3 1 0
p28 0 9 1
p29 10 2 0
p30 10 9 1
p31 2 7 0
p32 5 3 0
p33 0 7 1
p34 6 4 1
p35 6 6 0
p36 6 9 0
p37 3 5 0
p38 1 9 1
p39 5 1 0
p40 8 1 0
p41 9 7 1
p42 3 9 1
p43 0 6 1
p44 9 9 0
p45 4 2 1
p46 5 4 1
p47 7 8 0
p48 7 10 0
p49 0 3 0
p50 9 5 0
p51 8 4 1
p52 5 1 1
p53 1 5 0
p54 6 8 0
p55 3 5 1
p56 0 6 0
p57 5 9 1
p58 9 9 0
p59 7 10 1
p60 2 9 1
p61 0 1 0
p62 4 3 0
p63 7 1 1
p64 7 9 0
p65 10 6 0
p66 0 5 1
p67 3 5 0
p68 9 3 0
p69 10 7 0
p70 9 9 0
p71 3 10 0
p72 3 6 1
p73 0 5 1
p74 4 2 1
p75 2 8 1
p76 7 3 1
p77 4 2 1
p78 7 3 1
p79 3 7 1
p80 0 5 1
p81 7 3 1
p82 1 4 0
p83 6 4 1
p84 2 5 0
p85 4 9 1
p86 7 9 1
p87 5 2 1
p88 9 10 1
p89 9 8 1
p90 5 10 0
p91 9 6 0
p92 5 3 1
p93 6 9 1
p94 0 10 1
p95 1 9 1
p96 9 10 1
p97 0 9 1
p98 0 10 0
p99 7 9 1
p100 7 8 0