100
p1 0 4 0
p1 4 6 0
p2 7 8 1
p3 0 3 1
p4 0 10 0
p5 6 9 0
p6 2 9 1
p7 6 9 0
p8 3 10 1
p9 7 3 0
p10 4 10 1
p11 3 5 0
p12 5 7 0
p13 3 7 0
p14 1 8 0
p15 4 4 0
p16 6 5 0
p17 7 8 0
p18 10 3 1
p19 9 9 1
p20 2 9 0
p21 1 8 0
p22 10 4 0
p23 2 5 1
p24 10 5 0
p25 10 3 1
p26 8 2 1
p27 10 3 0
p28 9 1 1
p29 10 3 1
p30 3 4 1
p31 0 3 1
p32 9 7 0
p33 2 10 0
p34 3 6 0
p35 8 8 0
p36 3 4 1
p37 2 4 0
p38 4 10 0
p39 7 9 0
p40 3 5 0
p41 6 8 0
p42 8 5 0
p43 3 2 0
p44 5 9 1
p45 2 1 1
p46 8 5 0
p47 8 4 0
p48 9 5 1
p49 8 6 0
p50 2 2 0
p51 4 5 1
p52 6 2 1
p53 2 6 1
p54 7 5 1
p55 9 9 1
p56 2 8 1
p57 7 9 0
p58 9 5 1
p59 10 10 0
p60 4 8 1
p61 5 9 1
p62 2 1 0
p63 2 8 0
p64 0 10 0
p65 6 6 0
p66 9 1 0
p67 7 3 0
p68 4 6 0
p69 5 9 0
p70 3 10 1
p71 1 8 1
p72 5 9 0
p73 3 7 1
p74 6 7 0
p75 7 7 0
p76 10 1 0
p77 0 5 0
p78 5 1 0
p79 4 6 0
p80 4 9 0
p81 4 9 1
p82 8 2 1
p83 3 10 1
p84 7 2 1
p85 10 10 0
p86 5 5 0
p87 5 5 0
p88 6 8 0
p89 7 1 1
p90 1 10 1
p91 4 8 1
p92 10 1 1
p93 6 3 0
p94 8 1 0
p95 2 4 1
p96 7 3 1
p97 10 7 0
p98 2 3 1
p99 2 3 1
p100 0 5 0