100
p1 0 6 0
p1 5 10 0
p2 9 1 1
p3 2 7 1
p4 7 7 0
p5 4 8 1
p6 1 4 1
p7 7 4 1
p8 5 4 1
p9 0 7 0
p10 3 5 1
p11 4 3 0
p12 0 5 0
p13 7 7 1
p14 5 4 1
p15 5 5 0
p16 6 4 1
p17 3 3 1
p18 3 8 0
p19 6 10 0
p20 8 4 0
p21 1 4 0
p22 3 4 0
p23 9 9 0
p24 1 10 1
p25 3 10 1
p26 5 4 1
p27 2 4 1
p28 8 4 0
p29 3 2 0
p30 5 10 1
p31 9 5 0
p32 2 1 1
p33 9 3 1
p34 1 10 0
p35 3 10 0
p36 10 2 1
p37 9 7 0
p38 6 2 0
p39 8 10 1
p40 1 9 1
p41 1 3 1
p42 1 5 1
p43 1 7 1
p44 5 8 0
p45 8 3 1
p46 6 7 0
p47 1 2 1
p48 8 4 0
p49 8 2 1
p50 9 7 0
p51 3 8 0
p52 2 4 0
p53 9 4 0
p54 2 8 0
p55 2 7 0
p56 8 1 0
p57 9 7 1
p58 0 6 0
p59 3 4 1
p60 10 4 1
p61 1 5 1
p62 7 4 0
p63 8 10 1
p64 3 5 1
p65 3 3 1
p66 8 3 1
p67 10 7 0
p68 3 4 1
p69 4 5 0
p70 10 1 0
p71 7 6 0
p72 10 8 1
p73 8 5 0
p74 9 2 1
p75 8 9 1
p76 4 8 1
p77 2 5 1
p78 9 5 0
p79 1 9 0
p80 10 2 1
p81 9 1 0
p82 10 5 1
p83 3 9 1
p84 10 7 0
p85 8 5 0
p86 8 3 1
p87 9 2 1
p88 5 9 1
p89 9 1 1
p90 0 9 1
p91 10 4 1
p92 7 9 0
p93 10 5 0
p94 2 4 0
p95 10 4 1
p96 2 8 1
p97 10 9 0
p98 7 5 0
p99 9 8 0
p100 7 4 0