100
p1 0 2 0
p1 4 8 0
p2 6 7 0
p3 1 8 1
p4 3 6 1
p5 1 6 0
p6 9 10 0
p7 6 6 1
p8 3 4 0
p9 6 2 0
p10 9 10 0
p11 0 3 1
p12 7 1 1
p13 10 9 0
p14 9 10 1
p15 2 10 1
p16 4 8 0
p17 0 1 0
p18 7 6 1
p19 9 3 0
p20 1 1 1
p21 2 1 1
p22 3 7 0
p23 9 10 0
p24 1 7 1
p25 3 10 0
p26 10 4 1
p27 2 9 1
p28 8 5 0
p29 6 1 0
p30 4 2 0
p31 5 9 0
p32 10 7 1
p33 5 6 0
p34 0 4 0
p35 7 9 0
p36 7 5 1
p37 6 3 1
p38 7 2 1
p39 6 5 0
p40 1 3 1
p41 5 6 0
p42 5 8 0
p43 6 7 0
p44 9 5 1
p45 7 1 1
p46 8 2 1
p47 1 1 1
p48 5 6 0
p49 9 5 1
p50 4 10 1
p51 6 4 0
p52 1 9 1
p53 5 10 1
p54 0 8 0
p55 1 1 0
p56 9 7 1
p57 10 5 0
p58 10 3 1
p59 4 2 1
p60 8 5 0
p61 3 3 0
p62 7 10 0
p63 4 9 1
p64 3 6 1
p65 1 8 1
p66 4 9 1
p67 10 9 0
p68 0 4 0
p69 1 2 1
p70 10 5 1
p71 7 7 1
p72 3 1 0
p73 6 1 0
p74 9 8 1
p75 7 9 0
p76 9 8 0
p77 0 2 0
p78 0 9 0
p79 4 4 1
p80 8 1 0
p81 5 10 0
p82 10 1 1
p83 2 8 1
p84 6 4 0
p85 2 8 0
p86 9 8 1
p87 1 4 0
p88 1 10 0
p89 6 2 0
p90 5 7 0
p91 9 3 1
p92 2 3 1
p93 7 7 0
p94 4 1 1
p95 5 3 0
p96 2 2 0
p97 6 5 1
p98 6 10 1
p99 10 6 0
p100 10 3 1