100
p1 0 3 0
p1 4 10 1
p2 7 8 1
p3 9 6 1
p4 9 3 0
p5 7 10 0
p6 10 5 0
p7 3 3 1
p8 1 10 0
p9 10 3 1
p10 8 5 1
p11 1 3 0
p12 9 4 1
p13 0 10 0
p14 3 6 0
p15 1 9 0
p16 4 10 0
p17 8 8 0
p18 7 2 1
p19 4 7 1
p20 1 8 1
p21 1 6 0
p22 8 7 1
p23 9 5 0
p24 4 9 1
p25 10 9 1
p26 10 3 0
p27 3 10 0
p28 5 5 1
p29 1 5 1
p30 8 6 1
p31 5 6 0
p32 6 8 0
p33 8 9 0
p34 9 6 1
p35 5 4 1
p36 5 9 0
p37 6 1 1
p38 0 8 1
p39 1 5 0
p40 1 4 1
p41 3 1 1
p42 2 10 0
p43 0 4 1
p44 3 6 0
p45 2 2 1
p46 9 9 0
p47 7 8 0
p48 0 10 1
p49 9 7 1
p50 4 7 1
p51 4 9 1
p52 2 8 1
p53 4 4 0
p54 5 10 0
p55 9 1 1
p56 6 1 1
p57 1 8 0
p58 2 9 1
p59 10 2 1
p60 6 3 0
p61 8 8 0
p62 6 9 1
p63 7 9 0
p64 8 6 1
p65 2 8 1
p66 4 7 0
p67 1 4 1
p68 6 9 1
p69 10 3 1
p70 10 9 1
p71 9 2 0
p72 8 7 1
p73 10 8 1
p74 10 4 1
p75 4 8 0
p76 10 7 0
p77 6 3 1
p78 10 10 1
p79 8 6 1
p80 1 9 0
p81 2 5 1
p82 2 4 1
p83 4 3 1
p84 8 5 0
p85 7 2 0
p86 1 4 0
p87 1 3 1
p88 10 8 0
p89 8 1 1
p90 2 1 1
p91 10 5 1
p92 5 7 1
p93 6 10 1
p94 8 10 1
p95 6 10 0
p96 10 1 0
p97 6 1 0
p98 10 5 1
p99 9 1 0
p100 0 10 0