100
p1 0 3 1
p1 10 4 0
p2 9 10 0
p3 2 2 0
p4 4 2 0
p5 1 10 1
p6 9 2 1
p7 1 7 1
p8 0 7 0
p9 0 9 1
p10 9 8 1
p11 10 8 1
p12 5 6 0
p13 3 3 0
p14 7 1 1
p15 6 4 1
p16 4 4 0
p17 7 4 0
p18 5 4 0
p19 4 2 1
p20 7 6 0
p21 5 3 0
p22 4 3 1
p23 0 1 1
p24 0 3 1
p25 10 3 1
p26 7 1 0
p27 2 7 1
p28 4 4 0
p29 5 1 1
p30 5 9 0
p31 5 7 1
p32 3 8 1
p33 6 2 1
p34 6 5 1
p35 3 8 1
p36 10 2 0
p37 2 8 0
p38 0 5 1
p39 6 8 1
p40 9 6 1
p41 3 8 0
p42 2 7 1
p43 5 5 0
p44 8 6 1
p45 1 1 0
p46 4 7 0
p47 9 7 1
p48 9 4 1
p49 0 6 0
p50 4 3 1
p51 6 10 1
p52 1 3 1
p53 0 2 1
p54 4 1 0
p55 0 10 1
p56 9 7 1
p57 6 8 0
p58 2 5 1
p59 1 9 0
p60 6 10 0
p61 2 3 0
p62 2 9 0
p63 10 1 1
p64 10 2 1
p65 4 5 1
p66 7 9 1
p67 7 7 1
p68 1 1 1
p69 2 2 0
p70 3 9 1
p71 0 8 1
p72 9 10 0
p73 6 7 0
p74 10 7 1
p75 4 6 0
p76 0 3 0
p77 2 10 1
p78 3 1 1
p79 5 2 0
p80 3 1 0
p81 3 8 0
p82 6 4 1
p83 6 9 0
p84 1 8 0
p85 3 1 1
p86 3 10 0
p87 8 1 1
p88 3 3 0
p89 9 3 1
p90 5 6 1
p91 1 7 0
p92 5 6 1
p93 10 2 0
p94 1 1 1
p95 10 2 1
p96 8 2 1
p97 10 1 1
p98 1 5 0
p99 5 4 0
p100 0 3 1