100
p1 0 7 1
p1 3 2 0
p2 10 1 1
p3 10 10 1
p4 3 2 0
p5 5 5 0
p6 2 3 0
p7 2 7 0
p8 8 10 1
p9 8 3 0
p10 7 7 0
p11 0 10 1
p12 2 3 0
p13 8 1 1
p14 9 9 0
p15 1 2 0
p16 1 8 0
p17 9 4 0
p18 9 2 1
p19 8 2 1
p20 8 7 1
p21 9 8 0
p22 2 8 1
p23 9 1 1
p24 6 5 1
p25 6 2 0
p26 9 10 0
p27 8 3 1
p28 5 10 1
p29 5 8 0
p30 9 1 0
p31 1 9 0
p32 0 9 1
p33 9 3 0
p34 3 8 0
p35 5 1 1
p36 3 7 1
p37 3 5 1
p38 7 9 0
p39 4 5 1
p40 7 9 1
p41 0 8 0
p42 9 1 0
p43 8 2 1
p44 6 7 0
p45 10 10 1
p46 3 1 1
p47 3 10 1
p48 9 10 1
p49 8 6 0
p50 6 6 0
p51 2 10 1
p52 2 7 1
p53 10 1 0
p54 1 7 1
p55 3 7 0
p56 6 7 0
p57 7 6 1
p58 5 6 0
p59 3 10 1
p60 7 4 0
p61 0 1 0
p62 7 8 0
p63 3 5 0
p64 9 6 0
p65 2 9 0
p66 2 5 1
p67 8 10 0
p68 1 2 0
p69 9 5 1
p70 4 9 0
p71 0 10 0
p72 0 1 1
p73 10 9 0
p74 7 5 1
p75 4 3 1
p76 2 6 1
p77 1 10 0
p78 2 4 1
p79 6 7 1
p80 4 6 1
p81 4 5 1
p82 6 8 1
p83 1 9 1
p84 0 2 1
p85 1 1 1
p86 9 6 1
p87 4 5 0
p88 6 2 1
p89 7 5 0
p90 8 1 1
p91 7 8 1
p92 10 8 0
p93 7 5 0
p94 8 8 1
p95 2 2 1
p96 0 9 0
p97 5 1 0
p98 4 9 1
p99 5 6 1
p100 0 4 0