100
p1 0 7 1
p1 1 6 1
p2 4 7 1
p3 8 4 1
p4 1 2 0
p5 9 7 1
p6 9 7 1
p7 2 4 1
p8 0 3 1
p9 7 5 1
p10 2 7 1
p11 9 4 0
p12 1 6 1
p13 1 1 0
p14 3 7 1
p15 10 6 1
p16 5 2 1
p17 4 1 1
p18 6 4 1
p19 7 2 1
p20 6 5 1
p21 9 6 1
p22 8 3 0
p23 5 2 1
p24 1 5 1
p25 2 7 0
p26 3 2 1
p27 2 7 1
p28 1 2 0
p29 9 7 0
p30 7 3 0
p31 9 10 1
p32 3 2 0
p33 6 7 1
p34 1 3 1
p35 1 10 0
p36 4 6 1
p37 6 10 1
p38 9 5 1
p39 9 4 1
p40 4 2 1
p41 3 5 0
p42 5 2 0
p43 7 3 0
p44 10 3 0
p45 9 10 1
p46 0 5 1
p47 10 5 0
p48 8 9 1
p49 1 4 0
p50 4 2 1
p51 5 7 1
p52 7 6 0
p53 8 10 0
p54 6 2 0
p55 4 7 1
p56 10 2 1
p57 2 10 0
p58 6 8 0
p59 7 5 1
p60 5 3 1
p61 5 8 1
p62 8 6 0
p63 3 5 0
p64 9 5 1
p65 1 10 1
p66 2 6 0
p67 5 3 1
p68 5 10 1
p69 9 3 1
p70 3 3 0
p71 2 3 1
p72 0 8 0
p73 10 9 1
p74 4 1 1
p75 5 6 0
p76 7 2 1
p77 3 7 1
p78 0 5 1
p79 5 5 1
p80 6 2 1
p81 8 9 1
p82 3 3 0
p83 6 1 1
p84 5 2 1
p85 4 9 0
p86 6 10 1
p87 10 8 0
p88 7 2 0
p89 10 1 0
p90 8 4 1
p91 1 8 1
p92 4 8 1
p93 7 7 0
p94 8 4 1
p95 9 3 1
p96 7 7 0
p97 2 8 0
p98 10 2 1
p99 3 10 0
p100 10 4 1