100
p1 0 10 1
p1 9 1 0
p2 8 3 1
p3 10 7 1
p4 2 3 0
p5 8 5 0
p6 6 7 1
p7 1 8 0
p8 6 2 1
p9 10 10 0
p10 1 7 1
p11 1 8 1
p12 0 3 1
p13 10 2 1
p14 6 3 0
p15 7 10 0
p16 3 5 0
p17 7 1 1
p18 4 8 0
p19 6 3 1
p20 7 5 1
p21 7 6 1
p22 8 5 1
p23 10 1 0
p24 9 4 0
p25 2 10 0
p26 8 1 0
p27 8 6 0
p28 9 8 1
p29 4 10 0
p30 9 4 0
p31 5 9 1
p32 10 8 1
p33 10 4 1
p34 1 5 0
p35 9 3 1
p36 4 10 0
p37 2 8 1
p38 6 2 0
p39 9 5 0
p40 9 7 1
p41 7 4 0
p42 0 9 1
p43 10 9 0
p44 3 9 0
p45 6 4 0
p46 3 3 0
p47 10 10 1
p48 10 7 0
p49 6 2 0
p50 5 10 0
p51 1 5 0
p52 0 10 0
p53 10 5 0
p54 6 10 0
p55 2 8 0
p56 4 10 0
p57 2 5 0
p58 2 4 0
p59 1 1 1
p60 2 8 1
p61 5 10 1
p62 10 7 0
p63 10 6 0
p64 0 4 0
p65 5 6 1
p66 0 2 0
p67 7 5 1
p68 9 4 0
p69 8 2 0
p70 4 1 1
p71 7 10 0
p72 10 3 0
p73 9 10 0
p74 9 9 1
p75 10 6 0
p76 7 10 1
p77 1 2 1
p78 5 10 1
p79 6 10 0
p80 6 8 0
p81 3 3 1
p82 7 7 1
p83 3 2 0
p84 4 3 0
p85 2 2 0
p86 10 4 1
p87 8 1 0
p88 2 9 1
p89 0 3 0
p90 3 3 0
p91 4 8 0
p92 2 10 1
p93 9 4 0
p94 0 6 0
p95 6 3 1
p96 9 8 0
p97 10 2 1
p98 3 2 1
p99 4 5 0
p100 1 9 0