100
p1 0 8 1
p1 4 7 1
p2 6 2 1
p3 10 1 1
p4 7 10 1
p5 7 1 1
p6 7 1 1
p7 10 9 0
p8 7 2 1
p9 5 9 0
p10 10 7 0
p11 9 7 0
p12 2 6 1
p13 3 8 1
p14 6 2 0
p15 4 8 0
p16 8 2 0
p17 4 10 0
p18 2 4 0
p19 9 8 0
p20 5 5 1
p21 0 5 1
p22 10 6 0
p23 10 3 0
p24 3 6 1
p25 4 9 0
p26 3 9 1
p27 0 4 0
p28 5 2 1
p29 8 9 1
p30 2 6 1
p31 0 8 0
p32 0 6 1
p33 9 7 1
p34 6 6 1
p35 3 10 1
p36 9 4 1
p37 9 4 0
p38 10 5 1
p39 9 6 1
p40 2 8 1
p41 8 8 0
p42 4 4 1
p43 8 3 1
p44 3 3 1
p45 7 9 0
p46 10 4 1
p47 9 5 0
p48 6 10 1
p49 3 10 0
p50 9 6 1
p51 5 3 1
p52 4 6 0
p53 1 2 0
p54 9 4 1
p55 4 1 1
p56 4 9 0
p57 8 10 0
p58 7 8 1
p59 3 3 1
p60 6 7 0
p61 4 5 0
p62 10 6 1
p63 0 7 0
p64 2 3 0
p65 4 10 0
p66 7 1 1
p67 8 9 0
p68 2 7 1
p69 1 1 1
p70 0 9 0
p71 4 8 0
p72 8 5 1
p73 3 8 1
p74 8 9 1
p75 5 6 0
p76 8 1 0
p77 4 5 0
p78 4 2 1
p79 10 8 1
p80 1 7 1
p81 10 6 0
p82 7 5 0
p83 8 3 1
p84 0 3 0
p85 1 8 1
p86 4 7 1
p87 0 5 0
p88 6 5 1
p89 7 1 0
p90 4 5 0
p91 3 2 1
p92 5 8 1
p93 10 9 1
p94 5 3 1
p95 2 3 0
p96 6 6 0
p97 0 7 0
p98 4 10 1
p99 5 7 1
p100 6 4 1