100
p1 0 1 1
p1 6 10 1
p2 2 7 0
p3 10 10 1
p4 8 9 0
p5 10 6 1
p6 5 8 0
p7 0 2 1
p8 1 7 0
p9 3 5 1
p10 2 4 0
p11 4 7 1
p12 9 7 0
p13 9 2 1
p14 7 2 1
p15 3 7 1
p16 7 1 0
p17 1 10 1
p18 2 10 1
p19 3 6 1
p20 1 6 1
p21 10 9 1
p22 10 5 1
p23 2 4 0
p24 4 4 0
p25 8 10 0
p26 10 6 0
p27 8 4 0
p28 10 3 1
p29 0 5 0
p30 10 5 1
p31 9 6 1
p32 5 9 0
p33 9 8 1
p34 6 9 1
p35 7 7 0
p36 5 10 1
p37 9 7 0
p38 3 1 1
p39 1 2 1
p40 2 10 1
p41 10 4 1
p42 3 8 1
p43 9 2 1
p44 8 6 1
p45 4 4 1
p46 9 4 0
p47 9 7 0
p48 10 2 0
p49 8 3 1
p50 9 4 0
p51 9 2 1
p52 4 6 1
p53 0 10 0
p54 0 8 1
p55 8 6 0
p56 8 3 1
p57 10 6 0
p58 9 7 1
p59 6 1 1
p60 8 2 0
p61 4 7 0
p62 4 1 1
p63 0 7 1
p64 3 1 0
p65 6 1 1
p66 3 3 0
p67 0 10 1
p68 3 4 1
p69 2 9 1
p70 0 8 0
p71 4 10 1
p72 8 2 1
p73 7 2 1
p74 4 3 0
p75 2 10 0
p76 7 8 0
p77 9 3 1
p78 0 10 1
p79 1 10 1
p80 0 10 0
p81 5 3 0
p82 0 1 1
p83 2 1 0
p84 9 4 0
p85 9 7 0
p86 9 8 1
p87 8 8 1
p88 3 4 0
p89 6 10 1
p90 7 10 1
p91 5 10 1
p92 3 1 1
p93 3 5 0
p94 4 9 1
p95 8 1 0
p96 10 7 1
p97 0 8 0
p98 0 2 1
p99 0 5 1
p100 1 7 0