100
p1 0 9 1
p1 8 2 1
p2 3 8 0
p3 6 8 0
p4 0 10 1
p5 5 4 0
p6 4 7 1
p7 1 3 0
p8 0 3 0
p9 5 1 0
p10 2 3 0
p11 6 10 0
p12 2 4 1
p13 8 10 0
p14 0 3 0
p15 7 5 1
p16 2 10 1
p17 6 2 1
p18 8 8 1
p19 5 2 0
p20 9 7 0
p21 6 10 1
p22 1 2 1
p23 10 2 0
p24 9 3 1
p25 9 7 1
p26 9 4 0
p27 10 1 1
p28 4 9 1
p29 5 10 0
p30 10 1 0
p31 6 10 1
p32 7 8 0
p33 9 4 0
p34 7 7 0
p35 0 2 1
p36 0 8 0
p37 2 2 0
p38 3 5 1
p39 7 9 0
p40 4 8 0
p41 8 5 1
p42 0 9 0
p43 6 7 0
p44 9 7 0
p45 0 4 0
p46 7 2 1
p47 8 3 0
p48 10 10 0
p49 7 7 1
p50 3 1 0
p51 7 9 0
p52 1 8 0
p53 8 6 0
p54 2 2 0
p55 3 1 1
p56 10 10 1
p57 4 2 1
p58 7 10 0
p59 1 1 1
p60 1 4 1
p61 5 3 1
p62 8 3 0
p63 6 8 0
p64 8 9 1
p65 10 7 1
p66 8 8 1
p67 3 9 0
p68 4 7 1
p69 5 9 1
p70 10 2 0
p71 4 3 0
p72 2 8 0
p73 6 7 0
p74 6 5 0
p75 6 2 0
p76 10 10 0
p77 7 5 0
p78 5 9 0
p79 10 2 0
p80 7 10 1
p81 10 5 1
p82 0 9 0
p83 3 8 1
p84 0 8 1
p85 4 4 0
p86 9 6 1
p87 0 4 1
p88 3 3 0
p89 3 10 1
p90 10 5 1
p91 3 1 1
p92 5 4 0
p93 4 7 1
p94 5 6 0
p95 5 3 0
p96 3 5 1
p97 3 1 0
p98 10 2 0
p99 1 1 0
p100 3 8 0