100
p1 0 7 0
p1 7 9 0
p2 3 1 1
p3 8 9 1
p4 9 10 1
p5 2 4 0
p6 2 10 1
p7 8 6 0
p8 3 10 0
p9 1 6 0
p10 7 5 1
p11 6 5 1
p12 8 1 1
p13 0 7 0
p14 10 3 1
p15 6 9 0
p16 9 7 1
p17 3 8 0
p18 1 5 1
p19 0 1 0
p20 0 3 0
p21 7 4 1
p22 5 7 1
p23 2 9 0
p24 7 8 0
p25 10 9 1
p26 7 10 1
p27 9 2 1
p28 4 4 1
p29 1 4 1
p30 1 3 1
p31 4 8 0
p32 9 1 0
p33 4 2 0
p34 0 10 0
p35 4 6 0
p36 4 7 0
p37 4 1 1
p38 9 5 1
p39 2 1 0
p40 0 6 0
p41 2 3 0
p42 9 9 0
p43 9 2 1
p44 9 2 1
p45 10 2 0
p46 3 9 0
p47 0 3 0
p48 0 1 1
p49 5 9 1
p50 0 1 0
p51 10 6 0
p52 5 1 0
p53 3 5 0
p54 5 2 1
p55 5 2 0
p56 2 5 0
p57 2 2 0
p58 3 3 0
p59 6 4 1
p60 1 8 1
p61 2 9 0
p62 9 5 0
p63 0 6 1
p64 0 7 0
p65 8 6 1
p66 4 10 0
p67 5 9 1
p68 0 10 1
p69 0 10 1
p70 4 9 0
p71 2 7 0
p72 5 6 1
p73 2 1 0
p74 10 8 0
p75 7 8 0
p76 0 2 1
p77 4 2 1
p78 4 10 0
p79 4 7 1
p80 4 7 0
p81 4 6 0
p82 3 5 1
p83 5 3 1
p84 2 3 0
p85 8 2 1
p86 5 10 0
p87 4 10 1
p88 7 9 1
p89 4 6 1
p90 1 8 0
p91 9 7 1
p92 2 8 0
p93 6 10 0
p94 4 6 0
p95 7 5 1
p96 1 2 0
p97 8 7 1
p98 2 3 0
p99 1 5 1
p100 5 5 1