100
p1 0 3 0
p1 9 4 0
p2 5 6 0
p3 6 3 0
p4 5 3 1
p5 1 7 0
p6 9 9 1
p7 0 4 1
p8 0 8 0
p9 7 7 0
p10 9 10 1
p11 3 3 0
p12 4 7 1
p13 4 4 1
p14 1 6 1
p15 7 7 1
p16 9 6 1
p17 9 8 1
p18 0 2 0
p19 0 6 0
p20 5 4 1
p21 9 10 1
p22 9 6 1
p23 3 8 1
p24 6 7 0
p25 10 2 0
p26 3 4 1
p27 5 3 0
p28 10 4 0
p29 3 8 1
p30 3 1 0
p31 8 5 1
p32 7 5 0
p33 5 6 0
p34 4 4 0
p35 0 9 1
p36 2 2 1
p37 9 8 1
p38 8 1 0
p39 0 2 0
p40 10 5 0
p41 7 1 1
p42 8 3 1
p43 1 9 1
p44 9 1 0
p45 10 10 1
p46 0 9 0
p47 9 7 1
p48 0 10 1
p49 9 3 0
p50 1 10 0
p51 3 5 0
p52 3 7 1
p53 6 4 1
p54 7 3 1
p55 8 4 0
p56 7 5 0
p57 10 2 1
p58 7 7 0
p59 8 5 1
p60 5 10 0
p61 8 8 0
p62 5 5 0
p63 0 4 0
p64 7 3 0
p65 0 7 0
p66 9 4 0
p67 3 5 1
p68 1 1 0
p69 9 2 0
p70 8 9 1
p71 4 6 1
p72 6 6 1
p73 8 8 0
p74 10 8 1
p75 1 1 1
p76 1 10 1
p77 8 4 1
p78 8 9 0
p79 2 5 1
p80 9 3 0
p81 8 6 1
p82 10 6 0
p83 0 1 0
p84 10 4 1
p85 7 10 1
p86 8 3 0
p87 8 9 0
p88 4 8 0
p89 2 9 0
p90 10 8 1
p91 6 10 0
p92 0 2 1
p93 8 3 0
p94 5 8 1
p95 10 3 0
p96 10 3 1
p97 1 4 1
p98 9 8 0
p99 9 3 0
p100 0 7 1