100
p1 0 6 1
p1 3 9 1
p2 7 7 0
p3 9 1 0
p4 9 10 1
p5 0 3 0
p6 7 6 1
p7 4 2 1
p8 4 1 1
p9 6 4 1
p10 8 6 0
p11 9 9 1
p12 3 4 1
p13 9 6 1
p14 10 3 1
p15 2 4 1
p16 1 1 0
p17 8 1 1
p18 7 9 0
p19 1 6 1
p20 9 6 0
p21 6 6 0
p22 4 6 0
p23 3 6 1
p24 9 6 1
p25 6 5 1
p26 5 3 1
p27 4 3 0
p28 7 3 0
p29 0 10 0
p30 2 2 1
p31 9 3 0
p32 4 5 1
p33 2 4 0
p34 0 3 1
p35 0 6 0
p36 10 3 0
p37 4 9 0
p38 3 6 0
p39 4 3 1
p40 10 7 1
p41 9 3 1
p42 5 10 0
p43 4 3 1
p44 0 7 1
p45 1 5 1
p46 7 3 1
p47 10 1 1
p48 6 1 0
p49 10 2 0
p50 1 2 0
p51 9 6 1
p52 5 10 0
p53 7 9 1
p54 1 3 1
p55 10 5 1
p56 5 8 0
p57 0 8 0
p58 0 6 1
p59 1 6 0
p60 8 6 1
p61 5 1 0
p62 9 2 1
p63 0 6 0
p64 10 8 0
p65 10 2 0
p66 4 2 0
p67 8 2 1
p68 9 2 0
p69 0 8 1
p70 6 2 1
p71 4 3 1
p72 1 3 0
p73 4 4 0
p74 2 5 1
p75 10 6 0
p76 0 1 0
p77 5 1 1
p78 0 2 0
p79 4 2 1
p80 2 2 1
p81 7 8 1
p82 2 2 0
p83 3 3 1
p84 7 5 1
p85 4 9 1
p86 0 9 1
p87 3 4 1
p88 9 9 1
p89 0 3 0
p90 6 2 0
p91 2 4 1
p92 6 9 0
p93 4 1 0
p94 2 7 0
p95 3 7 0
p96 5 1 1
p97 1 3 0
p98 7 2 0
p99 0 4 0
p100 0 2 1