100
p1 0 6 1
p1 8 4 1
p2 9 4 1
p3 10 4 1
p4 2 3 1
p5 2 1 0
p6 10 2 1
p7 1 9 1
p8 0 1 0
p9 1 2 1
p10 3 9 1
p11 2 9 0
p12 4 2 1
p13 9 6 0
p14 3 3 1
p15 6 10 1
p16 10 6 0
p17 0 9 0
p18 10 7 1
p19 10 2 0
p20 2 4 0
p21 0 10 0
p22 2 2 1
p23 4 1 1
p24 0 9 1
p25 3 5 0
p26 8 4 1
p27 10 7 0
p28 1 6 0
p29 9 8 0
p30 2 10 1
p31 4 8 0
p32 2 7 1
p33 2 10 1
p34 3 4 0
p35 9 1 0
p36 4 4 1
p37 4 7 1
p38 5 8 1
p39 5 1 0
p40 8 7 1
p41 4 6 1
p42 7 7 1
p43 7 9 0
p44 4 5 0
p45 9 2 0
p46 9 7 1
p47 1 10 1
p48 5 3 1
p49 1 1 1
p50 6 8 1
p51 2 7 0
p52 8 8 0
p53 7 2 1
p54 10 2 1
p55 7 4 0
p56 1 6 0
p57 8 8 0
p58 9 3 0
p59 0 1 0
p60 4 5 0
p61 3 5 0
p62 1 8 1
p63 7 4 0
p64 3 1 0
p65 3 3 1
p66 5 2 1
p67 10 3 0
p68 1 3 0
p69 1 2 0
p70 8 10 0
p71 3 5 1
p72 2 7 0
p73 3 2 0
p74 2 7 0
p75 9 10 0
p76 4 2 0
p77 4 1 0
p78 9 4 0
p79 0 10 1
p80 4 6 0
p81 8 10 0
p82 6 4 1
p83 6 1 0
p84 10 6 0
p85 9 2 1
p86 10 5 1
p87 2 7 1
p88 4 1 1
p89 3 9 0
p90 6 9 1
p91 8 7 0
p92 0 1 1
p93 4 9 1
p94 2 5 0
p95 10 7 1
p96 9 1 1
p97 3 10 1
p98 9 6 1
p99 9 3 1
p100 2 10 1