100
p1 0 4 1
p1 5 8 0
p2 1 7 0
p3 7 6 1
p4 8 2 0
p5 7 9 0
p6 3 3 1
p7 10 6 1
p8 6 3 1
p9 0 3 0
p10 0 8 1
p11 2 7 0
p12 7 8 0
p13 4 5 0
p14 3 3 1
p15 6 10 1
p16 6 2 1
p17 6 6 0
p18 5 1 0
p19 1 5 1
p20 1 5 0
p21 7 10 0
p22 7 3 0
p23 5 10 0
p24 10 1 1
p25 8 4 0
p26 10 3 0
p27 4 5 1
p28 3 4 1
p29 7 2 1
p30 5 9 1
p31 7 7 0
p32 2 1 0
p33 10 2 0
p34 3 3 0
p35 10 9 1
p36 7 10 1
p37 5 6 1
p38 4 5 0
p39 8 2 1
p40 8 8 1
p41 0 2 1
p42 1 5 0
p43 10 2 1
p44 2 8 0
p45 2 10 0
p46 3 5 0
p47 0 10 1
p48 8 8 1
p49 10 10 0
p50 8 1 1
p51 7 7 1
p52 9 8 1
p53 5 8 1
p54 0 3 0
p55 5 7 1
p56 4 3 0
p57 6 7 1
p58 2 9 1
p59 8 6 0
p60 7 10 0
p61 4 9 0
p62 5 2 0
p63 8 7 1
p64 4 8 1
p65 1 8 1
p66 1 5 0
p67 8 2 0
p68 5 5 0
p69 4 7 1
p70 4 1 0
p71 0 5 1
p72 4 2 0
p73 3 5 1
p74 6 6 0
p75 8 4 1
p76 9 1 0
p77 0 10 1
p78 4 4 1
p79 5 10 1
p80 4 9 0
p81 7 1 0
p82 10 7 0
p83 0 5 0
p84 1 4 1
p85 5 2 0
p86 2 2 0
p87 8 6 1
p88 7 8 1
p89 7 3 0
p90 9 3 0
p91 8 1 0
p92 8 5 0
p93 0 7 0
p94 5 8 1
p95 2 1 1
p96 2 9 0
p97 8 8 0
p98 2 8 1
p99 4 3 1
p100 1 2 1