100
p1 0 10 1
p1 0 9 1
p2 1 5 1
p3 5 6 0
p4 10 6 1
p5 0 10 1
p6 7 3 0
p7 5 1 1
p8 0 6 1
p9 3 1 1
p10 2 4 1
p11 5 5 1
p12 8 4 1
p13 3 9 1
p14 8 4 0
p15 0 4 1
p16 0 2 0
p17 1 10 0
p18 6 3 1
p19 1 2 0
p20 7 6 1
p21 6 10 1
p22 9 4 0
p23 3 4 0
p24 6 6 1
p25 2 1 1
p26 2 9 0
p27 3 6 0
p28 10 7 0
p29 2 4 1
p30 9 8 0
p31 0 1 0
p32 5 3 1
p33 3 1 0
p34 8 8 1
p35 8 5 1
p36 2 8 0
p37 6 2 1
p38 4 9 1
p39 3 8 0
p40 7 6 1
p41 8 10 1
p42 9 8 0
p43 3 10 0
p44 7 8 0
p45 5 4 0
p46 2 3 1
p47 4 1 1
p48 6 4 1
p49 4 8 0
p50 9 3 0
p51 6 4 1
p52 8 4 0
p53 6 5 1
p54 10 10 1
p55 5 7 0
p56 0 6 1
p57 1 6 1
p58 6 4 0
p59 5 5 1
p60 0 4 1
p61 8 1 1
p62 9 4 0
p63 6 8 0
p64 0 3 1
p65 1 10 0
p66 6 4 1
p67 1 9 0
p68 6 1 1
p69 1 10 1
p70 0 10 1
p71 8 2 1
p72 0 4 0
p73 7 2 0
p74 10 9 0
p75 4 4 0
p76 2 1 1
p77 9 3 1
p78 3 2 1
p79 3 1 0
p80 9 8 0
p81 1 7 1
p82 3 8 0
p83 2 8 1
p84 4 9 0
p85 4 6 1
p86 10 3 1
p87 6 7 1
p88 6 8 0
p89 3 4 0
p90 2 5 0
p91 2 2 0
p92 9 10 1
p93 0 8 0
p94 1 9 1
p95 0 4 0
p96 1 5 1
p97 8 5 1
p98 9 10 0
p99 1 6 1
p100 5 10 0