100
p1 0 5 0
p1 10 6 0
p2 2 10 0
p3 9 7 1
p4 6 10 0
p5 8 1 1
p6 2 4 1
p7 1 1 1
p8 4 6 1
p9 0 9 0
p10 2 6 0
p11 2 5 1
p12 3 2 0
p13 7 6 1
p14 7 6 0
p15 0 8 0
p16 6 1 1
p17 5 1 1
p18 2 9 0
p19 5 10 1
p20 0 8 0
p21 8 4 0
p22 5 3 0
p23 10 1 1
p24 0 7 0
p25 3 8 1
p26 4 7 1
p27 0 9 1
p28 3 7 1
p29 8 3 0
p30 1 4 1
p31 9 3 1
p32 2 7 1
p33 10 4 1
p34 5 4 1
p35 2 8 1
p36 0 6 1
p37 10 1 0
p38 9 9 0
p39 2 2 0
p40 8 9 1
p41 0 9 1
p42 8 6 0
p43 1 10 1
p44 1 2 1
p45 9 3 0
p46 4 4 0
p47 1 5 0
p48 4 8 1
p49 4 10 0
p50 5 10 0
p51 6 10 1
p52 8 3 0
p53 2 1 1
p54 5 7 0
p55 0 8 1
p56 10 10 0
p57 1 3 0
p58 6 5 1
p59 9 4 0
p60 1 4 0
p61 6 8 1
p62 1 9 0
p63 5 6 0
p64 10 2 0
p65 8 4 1
p66 2 10 0
p67 2 6 1
p68 5 2 1
p69 0 10 0
p70 7 7 0
p71 1 7 1
p72 2 8 1
p73 8 7 0
p74 5 2 1
p75 5 7 0
p76 6 7 1
p77 10 5 0
p78 4 5 0
p79 6 9 1
p80 3 4 1
p81 3 8 0
p82 1 6 1
p83 1 10 0
p84 9 1 1
p85 3 4 1
p86 8 8 1
p87 8 3 1
p88 6 3 1
p89 6 10 0
p90 6 6 1
p91 6 9 0
p92 0 2 0
p93 9 1 1
p94 6 3 1
p95 10 4 0
p96 9 5 0
p97 1 8 0
p98 10 10 1
p99 9 1 0
p100 6 2 1