100
p1 0 8 1
p1 7 2 0
p2 5 3 1
p3 2 8 0
p4 9 8 1
p5 4 9 0
p6 6 9 0
p7 9 2 1
p8 2 3 1
p9 5 1 0
p10 8 8 0
p11 3 9 1
p12 10 6 1
p13 8 4 1
p14 9 2 0
p15 10 4 0
p16 7 6 1
p17 6 4 0
p18 9 4 0
p19 3 7 0
p20 8 10 1
p21 5 5 1
p22 4 3 1
p23 4 9 0
p24 3 4 1
p25 4 8 0
p26 3 6 1
p27 2 10 0
p28 10 10 0
p29 3 3 0
p30 1 6 1
p31 4 8 0
p32 10 7 0
p33 10 9 0
p34 7 3 1
p35 6 5 0
p36 0 7 1
p37 6 9 1
p38 0 10 0
p39 5 8 0
p40 4 8 1
p41 5 1 0
p42 8 8 0
p43 4 2 1
p44 8 10 1
p45 7 2 1
p46 9 6 1
p47 1 3 1
p48 6 1 1
p49 1 3 0
p50 9 6 1
p51 3 2 1
p52 1 4 1
p53 3 6 0
p54 4 10 0
p55 5 8 1
p56 8 9 0
p57 6 9 0
p58 9 6 1
p59 7 3 1
p60 3 2 0
p61 9 10 1
p62 6 5 0
p63 1 3 1
p64 8 3 1
p65 7 1 0
p66 6 9 0
p67 1 5 0
p68 1 3 1
p69 5 9 1
p70 3 4 0
p71 5 5 0
p72 1 4 0
p73 10 8 0
p74 1 9 1
p75 6 7 1
p76 8 7 1
p77 4 10 0
p78 8 2 0
p79 0 5 0
p80 5 2 1
p81 4 9 0
p82 2 9 1
p83 7 6 1
p84 3 5 1
p85 1 6 1
p86 8 2 1
p87 7 9 1
p88 5 6 0
p89 8 2 1
p90 3 6 0
p91 2 5 0
p92 4 5 0
p93 2 2 0
p94 9 10 0
p95 7 10 1
p96 8 8 1
p97 2 9 1
p98 5 2 0
p99 3 7 1
p100 2 6 1