100
p1 0 10 1
p1 7 5 0
p2 9 3 0
p3 8 8 1
p4 7 2 0
p5 3 4 1
p6 8 4 0
p7 5 8 0
p8 2 9 1
p9 6 3 1
p10 0 2 1
p11 0 5 1
p12 1 8 1
p13 6 7 1
p14 2 1 0
p15 10 3 1
p16 8 7 1
p17 9 6 0
p18 0 1 0
p19 0 6 1
p20 9 6 0
p21 8 7 1
p22 8 4 0
p23 3 7 0
p24 2 4 0
p25 2 7 0
p26 10 7 0
p27 5 4 0
p28 6 8 0
p29 6 8 0
p30 9 10 1
p31 0 4 0
p32 7 6 1
p33 4 10 0
p34 1 2 1
p35 1 7 1
p36 9 9 1
p37 8 8 0
p38 4 7 0
p39 8 5 1
p40 1 4 0
p41 9 8 0
p42 5 10 1
p43 1 3 0
p44 4 7 0
p45 3 10 0
p46 6 10 0
p47 0 5 1
p48 4 2 1
p49 3 4 0
p50 1 7 1
p51 6 4 0
p52 0 7 0
p53 4 10 0
p54 7 6 0
p55 0 4 1
p56 9 10 1
p57 7 2 1
p58 1 5 1
p59 5 7 0
p60 2 5 0
p61 10 2 0
p62 2 10 0
p63 2 8 1
p64 2 5 1
p65 5 5 0
p66 10 4 1
p67 3 8 1
p68 1 10 1
p69 0 5 1
p70 2 8 0
p71 2 2 1
p72 4 5 0
p73 0 10 0
p74 4 9 0
p75 8 9 0
p76 1 8 1
p77 4 10 1
p78 5 9 0
p79 6 8 0
p80 0 10 1
p81 9 3 0
p82 3 2 1
p83 8 8 0
p84 3 7 1
p85 6 5 1
p86 7 7 0
p87 1 4 1
p88 6 1 1
p89 10 4 0
p90 7 7 0
p91 8 8 0
p92 0 6 0
p93 6 3 1
p94 4 5 1
p95 8 10 1
p96 10 9 1
p97 7 9 0
p98 0 9 0
p99 2 6 0
p100 8 8 0