100
p1 0 10 1
p1 9 1 0
p2 1 2 1
p3 4 2 0
p4 5 6 0
p5 5 6 1
p6 4 6 0
p7 2 10 1
p8 2 5 0
p9 8 1 0
p10 6 6 1
p11 0 6 0
p12 7 7 1
p13 0 7 1
p14 7 9 0
p15 10 3 1
p16 0 1 1
p17 6 2 0
p18 7 5 0
p19 6 5 0
p20 4 9 0
p21 5 10 1
p22 9 10 1
p23 10 6 1
p24 3 1 1
p25 10 6 0
p26 4 5 0
p27 6 9 1
p28 2 1 0
p29 8 9 0
p30 0 7 1
p31 3 2 0
p32 3 8 1
p33 10 5 1
p34 6 3 1
p35 9 1 1
p36 0 4 1
p37 3 1 1
p38 1 1 1
p39 6 2 1
p40 0 1 1
p41 3 6 1
p42 0 2 0
p43 6 9 0
p44 5 4 0
p45 0 7 0
p46 0 9 1
p47 4 2 1
p48 5 10 0
p49 3 4 1
p50 7 2 1
p51 3 4 0
p52 4 8 1
p53 9 5 1
p54 2 2 1
p55 8 2 1
p56 4 7 1
p57 5 7 0
p58 4 8 1
p59 6 3 0
p60 7 10 0
p61 5 8 1
p62 5 9 0
p63 8 10 0
p64 0 5 1
p65 10 10 0
p66 3 5 0
p67 9 5 0
p68 10 1 0
p69 7 7 0
p70 2 2 1
p71 8 6 0
p72 8 8 0
p73 7 9 1
p74 3 10 1
p75 9 3 0
p76 7 10 0
p77 2 6 1
p78 9 4 1
p79 3 6 0
p80 1 5 1
p81 5 1 1
p82 1 1 0
p83 6 10 1
p84 5 2 0
p85 7 2 0
p86 0 10 1
p87 10 2 0
p88 8 5 0
p89 5 8 1
p90 1 4 1
p91 8 3 0
p92 8 6 0
p93 4 8 1
p94 5 8 1
p95 9 5 0
p96 3 4 1
p97 9 6 0
p98 9 3 1
p99 8 8 0
p100 2 6 1