100
p1 0 8 1
p1 9 8 1
p2 5 5 1
p3 6 9 0
p4 9 8 1
p5 9 7 0
p6 1 8 0
p7 0 1 0
p8 6 10 0
p9 3 10 0
p10 9 9 1
p11 3 10 0
p12 6 3 0
p13 0 5 0
p14 6 6 0
p15 8 3 0
p16 5 3 0
p17 1 3 0
p18 4 1 1
p19 10 2 0
p20 4 8 0
p21 5 8 1
p22 9 10 1
p23 10 6 1
p24 5 3 0
p25 4 6 1
p26 6 8 1
p27 5 3 1
p28 9 5 1
p29 4 2 0
p30 4 6 0
p31 1 2 1
p32 0 8 0
p33 6 10 0
p34 1 7 0
p35 6 10 1
p36 5 6 1
p37 9 3 1
p38 9 1 1
p39 9 3 1
p40 3 8 0
p41 8 6 1
p42 7 6 0
p43 4 10 0
p44 0 8 0
p45 8 2 0
p46 5 3 1
p47 8 9 1
p48 5 8 1
p49 0 4 0
p50 9 1 1
p51 7 6 0
p52 8 7 1
p53 10 2 1
p54 1 9 0
p55 8 8 1
p56 1 9 1
p57 5 9 1
p58 5 3 0
p59 6 2 1
p60 2 10 0
p61 7 2 1
p62 0 4 1
p63 5 9 0
p64 3 1 0
p65 5 6 0
p66 6 7 0
p67 0 9 1
p68 3 3 1
p69 4 10 0
p70 10 7 1
p71 3 9 0
p72 9 5 0
p73 1 9 0
p74 7 2 0
p75 10 1 0
p76 0 9 0
p77 0 10 1
p78 10 2 1
p79 10 10 0
p80 0 2 0
p81 0 7 0
p82 2 6 0
p83 8 1 1
p84 0 6 0
p85 4 7 1
p86 3 5 1
p87 9 1 1
p88 2 6 0
p89 9 10 0
p90 3 6 1
p91 4 5 1
p92 10 8 1
p93 7 2 1
p94 10 3 0
p95 9 5 0
p96 8 5 0
p97 2 2 0
p98 1 3 1
p99 6 10 0
p100 9 4 1