100
p1 0 2 1
p1 9 3 1
p2 6 6 0
p3 3 3 0
p4 5 1 1
p5 1 8 0
p6 2 3 0
p7 7 9 1
p8 8 7 0
p9 8 1 0
p10 4 10 1
p11 10 10 1
p12 1 2 0
p13 5 6 0
p14 4 2 0
p15 3 6 0
p16 10 2 0
p17 2 5 0
p18 6 8 0
p19 9 5 1
p20 0 7 0
p21 2 9 0
p22 3 2 1
p23 6 9 0
p24 9 6 0
p25 5 5 1
p26 3 1 0
p27 10 7 0
p28 0 2 1
p29 9 2 1
p30 6 2 0
p31 3 3 0
p32 8 9 1
p33 3 8 1
p34 4 1 0
p35 2 10 1
p36 10 4 1
p37 6 5 1
p38 10 3 0
p39 4 10 0
p40 9 9 1
p41 2 7 0
p42 7 1 0
p43 10 9 1
p44 5 1 1
p45 5 5 1
p46 5 2 0
p47 2 9 0
p48 7 7 1
p49 5 7 0
p50 9 8 0
p51 1 3 1
p52 4 8 1
p53 10 4 1
p54 9 3 1
p55 3 8 1
p56 5 7 0
p57 6 8 1
p58 5 3 1
p59 1 10 1
p60 3 3 0
p61 5 3 0
p62 9 4 1
p63 10 5 0
p64 2 3 0
p65 7 7 0
p66 9 10 0
p67 10 3 1
p68 9 5 1
p69 3 5 0
p70 6 8 0
p71 5 9 1
p72 0 7 0
p73 9 6 0
p74 3 1 0
p75 4 6 1
p76 1 4 0
p77 0 8 1
p78 3 6 1
p79 8 9 1
p80 3 9 0
p81 3 10 0
p82 4 10 0
p83 0 9 0
p84 10 10 0
p85 10 8 1
p86 4 10 0
p87 4 2 0
p88 4 8 1
p89 1 7 1
p90 3 8 1
p91 4 6 1
p92 5 3 0
p93 8 2 0
p94 9 3 1
p95 8 5 1
p96 5 7 0
p97 3 8 0
p98 3 4 1
p99 1 9 1
p100 0 8 0