100
p1 0 4 1
p1 7 3 0
p2 4 9 0
p3 2 3 1
p4 7 8 0
p5 4 5 0
p6 8 8 1
p7 5 4 0
p8 6 2 0
p9 3 5 1
p10 7 9 0
p11 4 3 1
p12 1 5 1
p13 2 2 0
p14 3 5 1
p15 2 2 0
p16 1 6 1
p17 5 9 0
p18 0 3 1
p19 0 1 0
p20 10 6 0
p21 6 8 0
p22 1 1 1
p23 10 9 0
p24 5 8 0
p25 1 9 1
p26 8 4 1
p27 5 10 1
p28 10 2 1
p29 9 4 1
p30 7 10 0
p31 8 4 0
p32 10 1 0
p33 3 7 0
p34 1 6 1
p35 0 6 1
p36 2 2 0
p37 5 3 1
p38 9 2 0
p39 0 5 0
p40 3 2 1
p41 1 8 0
p42 7 4 0
p43 0 7 0
p44 3 6 1
p45 8 7 0
p46 4 6 1
p47 5 4 1
p48 1 1 1
p49 5 4 1
p50 7 10 1
p51 5 6 0
p52 5 5 1
p53 8 4 1
p54 0 5 0
p55 8 2 0
p56 2 5 0
p57 8 8 1
p58 9 10 0
p59 4 3 1
p60 2 4 0
p61 7 10 1
p62 4 8 1
p63 3 10 0
p64 3 9 1
p65 9 3 0
p66 4 7 0
p67 4 3 1
p68 1 7 1
p69 1 7 1
p70 5 1 1
p71 5 4 0
p72 0 1 0
p73 10 9 1
p74 7 2 1
p75 0 7 1
p76 4 1 0
p77 2 2 0
p78 10 3 0
p79 2 6 1
p80 7 2 1
p81 7 2 1
p82 0 6 1
p83 6 5 0
p84 4 4 1
p85 3 1 0
p86 9 4 0
p87 4 1 1
p88 5 8 0
p89 9 4 1
p90 9 6 1
p91 9 4 0
p92 0 1 1
p93 10 4 1
p94 6 3 1
p95 6 9 1
p96 1 2 0
p97 7 4 0
p98 4 6 0
p99 5 2 1
p100 9 4 0