100
p1 0 8 0
p1 10 9 1
p2 5 10 1
p3 8 5 1
p4 0 8 1
p5 1 4 0
p6 2 9 0
p7 0 10 0
p8 8 6 1
p9 2 7 1
p10 4 4 0
p11 10 10 0
p12 10 6 1
p13 7 10 0
p14 0 4 1
p15 5 10 0
p16 0 9 1
p17 6 2 0
p18 2 2 0
p19 0 7 0
p20 10 3 1
p21 4 7 0
p22 7 8 0
p23 0 7 1
p24 9 9 0
p25 5 4 1
p26 6 4 1
p27 7 4 1
p28 8 8 0
p29 9 5 0
p30 10 8 1
p31 6 5 1
p32 7 4 1
p33 8 5 1
p34 0 2 1
p35 9 5 0
p36 10 8 1
p37 3 8 0
p38 2 8 1
p39 1 5 0
p40 4 6 1
p41 1 2 1
p42 2 9 0
p43 3 8 1
p44 8 1 0
p45 10 4 0
p46 8 4 1
p47 6 10 0
p48 4 3 0
p49 6 8 0
p50 9 10 1
p51 4 10 0
p52 0 10 1
p53 6 5 0
p54 10 1 0
p55 8 8 1
p56 4 10 1
p57 6 3 0
p58 6 8 1
p59 5 7 0
p60 8 2 1
p61 1 4 1
p62 4 9 0
p63 10 9 1
p64 1 1 1
p65 3 6 1
p66 10 4 0
p67 10 7 0
p68 4 6 1
p69 4 2 0
p70 0 7 1
p71 7 8 1
p72 3 7 1
p73 8 5 1
p74 4 7 0
p75 8 6 1
p76 7 7 0
p77 8 8 0
p78 6 6 0
p79 3 1 1
p80 4 3 1
p81 9 2 0
p82 6 4 0
p83 6 4 0
p84 4 6 1
p85 9 1 0
p86 5 5 0
p87 9 3 0
p88 1 5 1
p89 0 10 0
p90 9 6 0
p91 4 7 1
p92 7 5 0
p93 9 2 1
p94 9 5 0
p95 8 8 0
p96 9 5 0
p97 10 2 0
p98 10 5 0
p99 2 1 0
p100 9 3 1