100
p1 0 9 1
p1 1 9 1
p2 1 3 0
p3 1 1 0
p4 7 1 1
p5 8 6 0
p6 2 5 1
p7 8 10 1
p8 5 1 0
p9 4 8 0
p10 3 1 0
p11 8 1 0
p12 10 5 1
p13 10 3 1
p14 3 3 1
p15 4 8 0
p16 7 8 1
p17 2 9 0
p18 1 2 0
p19 8 4 1
p20 10 5 0
p21 6 9 0
p22 1 10 0
p23 6 10 0
p24 0 2 0
p25 10 3 1
p26 4 5 1
p27 8 6 1
p28 9 9 0
p29 5 8 1
p30 5 7 1
p31 9 6 1
p32 5 2 0
p33 3 9 1
p34 6 9 0
p35 8 2 1
p36 4 4 1
p37 9 4 1
p38 7 9 1
p39 5 9 0
p40 1 7 0
p41 0 9 1
p42 8 10 1
p43 1 3 1
p44 1 2 0
p45 9 8 1
p46 6 10 0
p47 8 6 0
p48 7 4 0
p49 4 5 0
p50 5 4 1
p51 0 7 1
p52 3 4 0
p53 1 3 0
p54 2 3 0
p55 1 10 1
p56 10 2 0
p57 8 10 0
p58 5 6 1
p59 8 2 1
p60 10 5 0
p61 4 5 1
p62 10 6 0
p63 9 10 0
p64 2 7 0
p65 8 5 0
p66 2 6 1
p67 7 5 0
p68 1 7 0
p69 0 10 1
p70 1 2 1
p71 0 1 1
p72 8 8 0
p73 0 1 1
p74 8 2 0
p75 3 8 0
p76 0 3 1
p77 7 8 1
p78 10 8 1
p79 2 8 1
p80 10 4 0
p81 6 7 1
p82 3 8 0
p83 9 8 0
p84 7 1 1
p85 5 3 0
p86 7 1 0
p87 8 1 0
p88 9 7 1
p89 4 1 0
p90 0 4 0
p91 5 10 0
p92 2 6 1
p93 1 9 0
p94 9 9 1
p95 7 1 1
p96 7 3 0
p97 4 10 0
p98 4 8 0
p99 3 8 0
p100 3 5 1