100
p1 0 6 0
p1 0 10 0
p2 8 2 0
p3 6 7 0
p4 4 2 0
p5 6 4 1
p6 4 4 0
p7 7 2 0
p8 10 2 0
p9 1 3 0
p10 3 10 1
p11 5 2 0
p12 10 6 1
p13 6 5 1
p14 9 3 1
p15 1 5 0
p16 8 10 1
p17 6 5 0
p18 5 6 1
p19 10 2 0
p20 10 1 1
p21 1 5 1
p22 2 6 0
p23 3 4 0
p24 6 1 0
p25 1 1 0
p26 4 1 1
p27 10 7 1
p28 3 1 0
p29 3 8 0
p30 5 4 0
p31 3 8 0
p32 9 9 0
p33 7 7 1
p34 6 2 1
p35 7 5 0
p36 5 7 0
p37 4 9 0
p38 9 8 0
p39 4 8 1
p40 3 8 1
p41 9 3 0
p42 2 4 0
p43 3 6 0
p44 7 3 0
p45 9 1 0
p46 1 1 0
p47 9 6 1
p48 8 1 0
p49 2 1 1
p50 9 10 0
p51 6 6 0
p52 5 9 1
p53 5 1 1
p54 0 9 1
p55 2 7 1
p56 4 10 1
p57 8 4 1
p58 3 5 1
p59 3 3 1
p60 7 1 1
p61 0 9 0
p62 2 8 0
p63 1 6 1
p64 4 10 1
p65 4 2 1
p66 7 6 1
p67 9 8 0
p68 9 10 0
p69 5 9 1
p70 1 4 1
p71 10 10 1
p72 8 3 1
p73 6 8 0
p74 8 9 1
p75 8 2 0
p76 6 7 1
p77 0 5 0
p78 0 10 1
p79 3 4 0
p80 1 10 1
p81 10 9 0
p82 6 3 1
p83 2 5 0
p84 4 2 0
p85 1 8 0
p86 4 8 0
p87 2 3 0
p88 5 6 1
p89 7 4 0
p90 4 10 0
p91 6 6 0
p92 0 9 0
p93 0 7 0
p94 7 9 1
p95 0 6 1
p96 10 5 0
p97 6 5 1
p98 1 3 0
p99 0 1 1
p100 8 9 1