100
p1 0 7 0
p1 5 6 1
p2 7 8 0
p3 4 1 0
p4 1 1 1
p5 6 6 1
p6 1 1 1
p7 6 7 0
p8 6 7 0
p9 3 9 0
p10 7 3 0
p11 8 3 1
p12 10 5 1
p13 2 1 1
p14 8 4 1
p15 1 8 0
p16 3 2 1
p17 0 8 1
p18 7 6 1
p19 5 3 0
p20 4 7 0
p21 7 10 1
p22 5 3 1
p23 9 3 1
p24 6 4 0
p25 0 9 1
p26 1 2 0
p27 5 6 0
p28 6 4 1
p29 2 10 0
p30 0 6 0
p31 6 1 1
p32 0 10 1
p33 0 9 0
p34 0 2 1
p35 7 6 1
p36 7 10 0
p37 8 4 1
p38 3 6 0
p39 2 2 1
p40 1 2 1
p41 8 9 1
p42 0 8 0
p43 5 3 1
p44 6 5 0
p45 6 1 1
p46 8 5 0
p47 2 2 1
p48 1 8 1
p49 8 2 0
p50 4 4 0
p51 8 6 0
p52 1 4 1
p53 7 1 1
p54 6 2 1
p55 0 8 0
p56 0 1 0
p57 8 3 1
p58 2 1 1
p59 5 5 0
p60 6 8 0
p61 2 9 1
p62 0 5 0
p63 0 9 0
p64 2 3 1
p65 6 6 0
p66 6 5 1
p67 0 2 1
p68 0 10 1
p69 4 8 1
p70 1 4 1
p71 9 2 1
p72 7 10 1
p73 2 9 1
p74 10 10 1
p75 4 9 1
p76 8 9 1
p77 10 4 0
p78 10 7 1
p79 6 6 0
p80 1 6 1
p81 3 10 0
p82 1 6 1
p83 5 6 0
p84 2 8 1
p85 7 8 1
p86 8 1 0
p87 4 10 1
p88 1 9 1
p89 1 8 1
p90 0 2 0
p91 9 1 0
p92 1 1 1
p93 1 10 0
p94 4 8 1
p95 8 6 1
p96 7 3 1
p97 9 1 0
p98 10 7 1
p99 2 1 0
p100 9 7 1