100
p1 0 4 0
p1 0 10 1
p2 1 8 1
p3 7 9 1
p4 5 9 0
p5 5 1 0
p6 3 1 1
p7 4 10 1
p8 6 8 0
p9 6 1 0
p10 6 6 0
p11 7 6 1
p12 10 8 1
p13 1 10 1
p14 2 6 0
p15 2 5 0
p16 3 5 0
p17 2 2 1
p18 3 7 1
p19 8 9 1
p20 4 3 0
p21 4 10 1
p22 2 9 0
p23 3 6 0
p24 10 2 1
p25 7 9 1
p26 4 7 1
p27 5 1 0
p28 6 10 1
p29 2 5 1
p30 3 9 1
p31 10 4 0
p32 8 3 1
p33 2 1 0
p34 5 9 0
p35 2 6 0
p36 8 4 0
p37 1 1 1
p38 7 10 0
p39 9 10 1
p40 1 1 1
p41 0 10 0
p42 2 2 1
p43 3 7 1
p44 2 1 1
p45 4 3 1
p46 5 8 0
p47 2 8 0
p48 3 5 0
p49 9 9 1
p50 9 6 0
p51 3 1 1
p52 9 4 1
p53 2 4 1
p54 9 6 1
p55 5 5 1
p56 9 7 0
p57 2 2 0
p58 9 10 0
p59 2 3 1
p60 5 8 0
p61 0 3 0
p62 4 2 1
p63 4 2 0
p64 0 9 0
p65 0 8 0
p66 5 6 0
p67 10 2 0
p68 4 1 1
p69 3 1 1
p70 6 3 1
p71 3 1 1
p72 4 3 0
p73 9 5 1
p74 8 3 1
p75 3 8 1
p76 9 4 0
p77 8 9 0
p78 1 10 0
p79 9 2 0
p80 1 4 1
p81 3 3 1
p82 1 1 1
p83 9 10 0
p84 0 3 0
p85 1 7 1
p86 7 8 0
p87 3 2 1
p88 3 4 0
p89 2 2 1
p90 2 1 1
p91 7 7 1
p92 6 4 1
p93 2 5 0
p94 8 7 1
p95 2 4 1
p96 8 5 0
p97 6 4 0
p98 5 5 1
p99 7 2 0
p100 4 1 0