100
p1 0 4 0
p1 3 1 0
p2 9 4 0
p3 7 5 0
p4 3 9 1
p5 2 9 0
p6 3 7 1
p7 5 1 1
p8 2 1 1
p9 0 8 1
p10 7 4 0
p11 2 6 1
p12 5 2 0
p13 1 9 0
p14 7 10 1
p15 7 2 1
p16 6 1 1
p17 6 6 0
p18 2 1 0
p19 10 1 1
p20 0 7 0
p21 0 5 0
p22 1 6 1
p23 10 4 1
p24 1 1 0
p25 5 4 0
p26 5 8 0
p27 2 8 0
p28 6 6 0
p29 0 6 0
p30 3 8 0
p31 3 4 1
p32 1 9 0
p33 8 4 1
p34 6 6 0
p35 9 7 1
p36 9 2 0
p37 5 2 0
p38 7 8 1
p39 4 10 0
p40 4 8 1
p41 3 3 0
p42 2 9 0
p43 7 1 0
p44 6 9 1
p45 5 9 0
p46 0 7 1
p47 5 3 0
p48 7 8 1
p49 5 9 0
p50 5 6 0
p51 2 2 0
p52 10 7 0
p53 1 8 1
p54 4 1 1
p55 9 3 1
p56 0 3 1
p57 2 5 1
p58 8 9 0
p59 7 10 0
p60 4 5 0
p61 8 4 1
p62 3 10 0
p63 8 4 1
p64 1 10 1
p65 6 5 0
p66 1 5 0
p67 4 5 0
p68 8 4 0
p69 8 5 1
p70 6 5 1
p71 7 5 1
p72 1 7 0
p73 0 8 1
p74 2 1 0
p75 10 4 0
p76 5 7 0
p77 0 4 1
p78 9 2 0
p79 6 6 0
p80 5 5 1
p81 10 6 1
p82 0 3 0
p83 6 9 1
p84 7 5 1
p85 3 3 0
p86 5 4 1
p87 9 6 0
p88 9 9 1
p89 10 5 0
p90 6 3 1
p91 4 9 0
p92 10 6 0
p93 2 3 1
p94 2 7 1
p95 7 5 1
p96 3 4 1
p97 10 7 0
p98 4 9 0
p99 9 7 0
p100 0 3 1