100
p1 0 4 0
p1 10 4 1
p2 3 2 1
p3 3 7 0
p4 9 4 0
p5 0 7 0
p6 1 4 0
p7 0 1 0
p8 7 7 0
p9 5 5 1
p10 1 5 1
p11 9 2 0
p12 3 9 1
p13 0 8 1
p14 5 1 0
p15 0 5 0
p16 10 8 1
p17 0 7 1
p18 6 6 1
p19 9 1 1
p20 0 8 0
p21 3 10 1
p22 3 5 1
p23 1 7 0
p24 2 10 1
p25 8 7 1
p26 10 8 1
p27 4 2 1
p28 7 7 1
p29 8 5 1
p30 8 8 1
p31 3 2 0
p32 1 8 0
p33 0 1 0
p34 7 7 1
p35 6 1 1
p36 8 7 1
p37 0 10 0
p38 4 8 0
p39 0 2 0
p40 6 6 1
p41 9 1 0
p42 7 4 1
p43 1 1 1
p44 3 2 1
p45 6 6 1
p46 8 1 1
p47 9 6 0
p48 6 4 0
p49 7 7 1
p50 8 1 0
p51 9 9 1
p52 0 8 0
p53 6 6 0
p54 4 10 1
p55 7 5 0
p56 10 4 1
p57 1 2 0
p58 6 2 1
p59 7 5 1
p60 10 2 1
p61 3 4 1
p62 8 3 1
p63 4 4 0
p64 2 2 1
p65 5 1 1
p66 1 2 1
p67 4 5 0
p68 4 6 0
p69 5 5 0
p70 3 5 1
p71 6 10 0
p72 1 6 1
p73 7 3 0
p74 0 6 1
p75 7 6 1
p76 1 7 1
p77 7 3 1
p78 5 9 0
p79 5 10 0
p80 8 10 0
p81 5 4 0
p82 9 7 1
p83 4 1 1
p84 7 3 0
p85 0 10 0
p86 2 10 0
p87 5 8 1
p88 4 4 1
p89 8 4 1
p90 6 2 0
p91 2 9 1
p92 2 10 1
p93 10 9 1
p94 7 7 1
p95 6 9 0
p96 2 4 0
p97 1 4 1
p98 1 5 0
p99 4 2 1
p100 1 1 0