100
p1 0 5 0
p1 5 8 1
p2 7 6 1
p3 3 6 0
p4 10 3 0
p5 2 10 0
p6 7 7 0
p7 4 4 1
p8 6 2 0
p9 4 6 0
p10 0 7 0
p11 6 8 1
p12 1 6 1
p13 2 5 0
p14 5 7 0
p15 5 6 0
p16 6 7 0
p17 2 5 1
p18 9 8 1
p19 7 3 0
p20 10 4 0
p21 8 10 1
p22 0 1 0
p23 10 3 0
p24 7 8 0
p25 8 1 0
p26 9 4 0
p27 7 7 0
p28 4 9 1
p29 1 4 1
p30 7 10 1
p31 4 7 0
p32 8 9 1
p33 2 4 1
p34 2 1 0
p35 2 1 0
p36 5 3 1
p37 2 5 1
p38 10 3 0
p39 2 7 1
p40 0 4 0
p41 6 8 0
p42 4 2 0
p43 3 7 1
p44 3 9 0
p45 4 9 0
p46 3 9 1
p47 10 3 1
p48 1 1 1
p49 9 5 0
p50 4 7 1
p51 3 9 0
p52 5 6 1
p53 7 8 0
p54 2 8 0
p55 10 4 0
p56 2 6 0
p57 10 10 0
p58 6 2 0
p59 5 1 1
p60 7 2 1
p61 7 5 1
p62 9 6 1
p63 8 6 0
p64 7 6 1
p65 9 9 0
p66 1 7 0
p67 10 10 1
p68 7 9 0
p69 7 3 1
p70 4 1 0
p71 9 8 0
p72 1 7 1
p73 7 6 1
p74 6 7 0
p75 1 10 0
p76 3 7 1
p77 8 4 0
p78 4 5 0
p79 0 1 0
p80 5 7 0
p81 1 1 1
p82 0 10 0
p83 10 2 1
p84 2 6 0
p85 10 10 1
p86 9 7 0
p87 2 5 1
p88 10 1 0
p89 1 2 0
p90 6 7 0
p91 6 1 0
p92 10 6 1
p93 2 1 0
p94 1 3 0
p95 4 7 1
p96 7 4 1
p97 8 7 0
p98 10 9 0
p99 4 10 1
p100 10 3 0