100
p1 0 5 0
p1 7 9 1
p2 4 9 0
p3 0 4 0
p4 5 1 1
p5 6 6 0
p6 3 4 1
p7 6 4 0
p8 7 1 0
p9 8 6 0
p10 2 5 1
p11 9 4 1
p12 4 7 1
p13 6 4 1
p14 3 3 1
p15 4 2 0
p16 0 6 0
p17 10 9 1
p18 9 5 1
p19 5 4 0
p20 0 4 0
p21 6 9 0
p22 2 6 0
p23 8 2 0
p24 4 7 0
p25 7 5 1
p26 6 6 0
p27 5 5 1
p28 8 5 1
p29 3 1 0
p30 8 10 0
p31 0 3 0
p32 3 2 1
p33 1 6 1
p34 2 9 1
p35 9 1 0
p36 8 10 1
p37 10 1 1
p38 9 7 0
p39 8 8 0
p40 6 6 1
p41 2 10 0
p42 7 10 1
p43 1 10 0
p44 9 7 0
p45 3 1 0
p46 8 7 0
p47 0 1 0
p48 1 4 1
p49 6 10 0
p50 0 3 1
p51 3 10 0
p52 0 2 1
p53 3 1 1
p54 7 3 1
p55 7 6 1
p56 6 2 1
p57 2 10 1
p58 5 2 0
p59 4 6 0
p60 7 5 0
p61 6 7 0
p62 6 3 1
p63 10 10 1
p64 7 1 1
p65 7 6 0
p66 10 3 1
p67 4 7 1
p68 8 7 0
p69 5 2 0
p70 6 9 0
p71 2 4 0
p72 7 10 0
p73 4 5 1
p74 7 9 1
p75 1 8 0
p76 1 6 0
p77 3 6 0
p78 3 2 0
p79 6 6 1
p80 4 8 0
p81 7 4 1
p82 9 3 0
p83 4 10 0
p84 8 3 0
p85 6 6 1
p86 1 6 1
p87 1 6 0
p88 8 4 1
p89 1 7 0
p90 8 8 1
p91 2 5 1
p92 9 4 1
p93 2 7 0
p94 0 5 0
p95 8 10 0
p96 9 5 1
p97 4 7 0
p98 6 7 0
p99 2 7 0
p100 6 5 0