100
p1 0 2 1
p1 5 10 1
p2 9 5 0
p3 5 3 0
p4 0 2 1
p5 4 1 0
p6 8 1 0
p7 6 6 0
p8 8 8 0
p9 5 3 1
p10 8 1 1
p11 0 9 0
p12 6 6 0
p13 7 4 0
p14 7 10 0
p15 10 6 0
p16 3 7 0
p17 10 1 1
p18 3 1 0
p19 1 2 0
p20 8 5 0
p21 0 1 0
p22 8 5 1
p23 8 8 0
p24 1 4 1
p25 6 8 0
p26 9 2 0
p27 2 10 0
p28 10 4 0
p29 2 1 1
p30 7 10 1
p31 3 1 0
p32 10 7 0
p33 1 3 1
p34 4 9 1
p35 6 2 0
p36 7 8 1
p37 8 1 0
p38 7 4 1
p39 7 8 0
p40 7 3 1
p41 4 1 1
p42 10 10 1
p43 6 5 1
p44 1 1 0
p45 10 10 1
p46 10 5 0
p47 4 5 0
p48 9 10 0
p49 0 1 1
p50 4 9 1
p51 1 9 1
p52 0 3 1
p53 9 7 1
p54 1 1 1
p55 10 5 0
p56 9 2 1
p57 6 9 1
p58 6 7 0
p59 6 10 0
p60 8 9 1
p61 7 7 1
p62 5 2 0
p63 5 7 0
p64 4 2 0
p65 7 6 1
p66 7 2 0
p67 1 6 0
p68 6 8 0
p69 5 7 1
p70 5 8 1
p71 4 7 1
p72 0 4 1
p73 6 9 1
p74 4 6 0
p75 6 7 0
p76 1 2 1
p77 7 8 0
p78 6 7 1
p79 9 1 1
p80 10 2 1
p81 4 7 1
p82 1 6 0
p83 3 5 1
p84 4 9 0
p85 4 1 0
p86 2 8 1
p87 3 9 0
p88 6 4 1
p89 1 2 1
p90 6 2 0
p91 7 1 1
p92 5 7 0
p93 10 5 1
p94 1 10 1
p95 6 1 1
p96 7 9 0
p97 4 1 0
p98 3 6 1
p99 10 10 1
p100 1 3 0