100
p1 0 7 1
p1 3 3 1
p2 4 2 0
p3 9 7 1
p4 2 2 0
p5 10 10 1
p6 8 7 1
p7 9 1 1
p8 6 8 0
p9 10 6 0
p10 3 5 0
p11 9 1 0
p12 10 2 1
p13 5 5 0
p14 4 1 1
p15 7 1 0
p16 3 1 0
p17 7 3 0
p18 2 9 1
p19 3 3 0
p20 0 4 1
p21 5 2 1
p22 6 1 1
p23 1 4 1
p24 9 6 1
p25 5 7 1
p26 2 9 1
p27 6 7 1
p28 7 2 0
p29 8 7 0
p30 5 10 1
p31 1 7 0
p32 1 3 0
p33 6 9 1
p34 1 2 0
p35 3 5 1
p36 7 9 1
p37 3 10 1
p38 3 8 0
p39 8 5 0
p40 2 10 1
p41 10 5 0
p42 8 7 0
p43 4 10 0
p44 3 8 0
p45 10 4 0
p46 3 2 0
p47 9 9 0
p48 4 9 1
p49 6 6 1
p50 0 8 0
p51 2 6 0
p52 1 7 0
p53 1 5 1
p54 0 9 1
p55 9 8 0
p56 9 8 1
p57 3 2 1
p58 5 3 0
p59 3 4 1
p60 3 10 0
p61 8 8 1
p62 10 9 0
p63 4 9 0
p64 0 10 0
p65 5 10 0
p66 0 5 1
p67 5 6 0
p68 8 1 0
p69 3 1 0
p70 5 6 1
p71 8 9 0
p72 6 7 1
p73 7 4 1
p74 4 8 0
p75 10 1 0
p76 3 4 0
p77 2 1 1
p78 9 2 1
p79 0 10 1
p80 5 8 0
p81 2 8 0
p82 10 1 1
p83 1 5 0
p84 7 2 1
p85 7 2 1
p86 6 4 0
p87 2 6 1
p88 9 2 0
p89 6 4 1
p90 0 5 0
p91 1 7 1
p92 9 7 0
p93 7 3 0
p94 4 6 1
p95 7 5 1
p96 10 9 0
p97 2 4 1
p98 9 9 0
p99 6 4 0
p100 6 7 0