100
p1 0 4 0
p1 2 6 0
p2 3 8 0
p3 4 6 0
p4 8 5 0
p5 7 10 1
p6 1 7 1
p7 1 4 0
p8 5 7 1
p9 1 6 1
p10 9 10 0
p11 6 7 0
p12 10 5 1
p13 3 1 0
p14 7 6 1
p15 10 7 0
p16 2 1 0
p17 10 2 1
p18 6 1 1
p19 0 6 1
p20 0 2 0
p21 3 2 1
p22 2 2 1
p23 4 4 1
p24 9 1 1
p25 10 5 1
p26 0 8 1
p27 1 6 0
p28 0 7 1
p29 1 8 0
p30 0 9 1
p31 1 1 0
p32 7 3 1
p33 8 2 0
p34 8 6 1
p35 7 8 1
p36 7 9 0
p37 9 3 1
p38 5 9 0
p39 10 3 1
p40 0 1 1
p41 8 4 0
p42 5 10 0
p43 10 6 0
p44 4 9 1
p45 8 7 0
p46 4 6 0
p47 9 6 1
p48 6 3 1
p49 4 5 1
p50 0 9 0
p51 3 8 1
p52 10 5 1
p53 6 1 0
p54 7 10 0
p55 1 3 0
p56 7 6 1
p57 1 6 0
p58 5 10 1
p59 8 4 1
p60 0 9 0
p61 9 2 1
p62 5 4 0
p63 5 1 0
p64 6 4 1
p65 5 10 0
p66 7 9 1
p67 4 8 0
p68 8 10 0
p69 8 5 1
p70 5 8 0
p71 7 7 1
p72 0 10 0
p73 8 3 1
p74 10 5 0
p75 8 4 0
p76 9 6 0
p77 7 4 1
p78 9 9 0
p79 9 1 0
p80 0 7 0
p81 3 4 0
p82 0 1 1
p83 8 6 0
p84 1 10 0
p85 6 9 1
p86 3 8 0
p87 9 2 0
p88 10 8 0
p89 2 7 1
p90 4 1 1
p91 2 3 0
p92 7 10 1
p93 10 1 0
p94 5 6 1
p95 0 7 1
p96 10 6 0
p97 4 3 1
p98 1 3 1
p99 5 7 1
p100 5 1 1