100
p1 0 9 1
p1 8 7 0
p2 4 5 0
p3 5 2 0
p4 10 1 1
p5 0 5 0
p6 0 8 0
p7 9 1 1
p8 3 10 0
p9 2 6 1
p10 0 8 1
p11 5 1 1
p12 8 10 1
p13 3 7 0
p14 4 2 1
p15 1 4 1
p16 10 9 1
p17 6 1 1
p18 1 4 0
p19 1 6 1
p20 4 6 0
p21 9 9 1
p22 0 8 0
p23 3 10 0
p24 4 2 0
p25 0 7 1
p26 10 2 1
p27 2 5 1
p28 3 10 1
p29 1 8 0
p30 9 4 1
p31 7 6 1
p32 5 10 1
p33 5 2 0
p34 2 4 1
p35 6 9 1
p36 8 1 0
p37 2 9 0
p38 2 5 0
p39 6 8 1
p40 3 6 0
p41 6 8 1
p42 5 4 1
p43 8 2 0
p44 7 2 1
p45 4 5 1
p46 7 4 1
p47 6 9 1
p48 4 9 0
p49 10 2 1
p50 4 1 0
p51 3 6 1
p52 3 5 0
p53 5 4 1
p54 0 6 1
p55 3 2 1
p56 3 8 0
p57 4 7 0
p58 3 5 0
p59 0 3 1
p60 6 8 0
p61 10 4 1
p62 4 9 1
p63 6 1 1
p64 6 1 0
p65 8 8 1
p66 7 8 0
p67 10 3 1
p68 5 4 1
p69 7 5 0
p70 9 5 1
p71 3 1 0
p72 4 9 0
p73 5 5 0
p74 3 8 0
p75 7 3 1
p76 5 4 0
p77 7 2 1
p78 6 1 0
p79 4 6 1
p80 10 10 1
p81 4 9 0
p82 4 5 0
p83 7 4 0
p84 9 3 1
p85 6 7 1
p86 1 1 1
p87 8 2 0
p88 7 5 0
p89 1 2 1
p90 2 3 1
p91 1 6 1
p92 0 5 1
p93 1 2 0
p94 8 4 0
p95 8 7 1
p96 6 5 1
p97 0 7 0
p98 9 5 1
p99 4 7 0
p100 3 6 1