100
p1 0 6 0
p1 1 7 1
p2 7 6 0
p3 2 8 0
p4 7 6 1
p5 7 10 1
p6 6 3 1
p7 9 3 1
p8 6 9 0
p9 5 6 0
p10 0 2 1
p11 9 9 1
p12 0 8 0
p13 4 3 0
p14 0 5 1
p15 5 10 0
p16 10 3 0
p17 2 3 0
p18 5 6 0
p19 7 3 1
p20 8 8 0
p21 0 5 0
p22 7 2 1
p23 5 5 0
p24 1 4 0
p25 10 9 1
p26 4 7 1
p27 0 2 1
p28 4 4 0
p29 7 9 0
p30 4 5 1
p31 5 1 0
p32 3 9 1
p33 9 10 1
p34 0 1 0
p35 3 9 0
p36 5 1 0
p37 10 3 1
p38 5 8 1
p39 5 3 1
p40 4 5 1
p41 9 10 1
p42 2 6 0
p43 10 3 1
p44 10 10 0
p45 8 7 0
p46 10 4 1
p47 4 1 1
p48 1 5 0
p49 8 9 0
p50 8 8 1
p51 10 9 0
p52 2 7 1
p53 0 5 1
p54 0 7 0
p55 2 8 1
p56 1 10 0
p57 2 6 0
p58 5 9 0
p59 9 6 1
p60 3 1 0
p61 6 6 0
p62 5 9 1
p63 10 9 1
p64 10 9 1
p65 3 1 1
p66 0 2 0
p67 6 5 1
p68 0 6 1
p69 3 10 0
p70 0 10 1
p71 4 1 0
p72 10 4 0
p73 9 5 1
p74 4 8 1
p75 0 9 0
p76 4 9 1
p77 5 1 1
p78 5 8 1
p79 7 2 0
p80 6 4 1
p81 0 1 1
p82 6 1 0
p83 6 3 1
p84 10 3 0
p85 5 6 0
p86 5 10 0
p87 0 6 0
p88 2 3 0
p89 4 5 1
p90 3 4 0
p91 0 8 1
p92 3 5 1
p93 2 10 1
p94 10 6 1
p95 0 9 0
p96 10 5 1
p97 5 9 0
p98 3 3 0
p99 3 10 1
p100 9 1 0