100
p1 0 3 1
p1 2 2 0
p2 4 3 0
p3 9 1 1
p4 4 2 1
p5 1 3 0
p6 10 2 1
p7 5 5 0
p8 6 4 1
p9 8 4 0
p10 10 7 0
p11 1 7 1
p12 3 1 1
p13 4 7 0
p14 3 8 1
p15 10 5 1
p16 0 8 0
p17 1 7 0
p18 0 5 1
p19 3 6 1
p20 10 5 1
p21 6 1 0
p22 2 5 0
p23 8 5 0
p24 2 5 1
p25 10 3 1
p26 2 10 0
p27 3 10 1
p28 0 4 1
p29 0 6 0
p30 10 4 0
p31 1 10 0
p32 0 6 0
p33 5 6 1
p34 4 9 1
p35 1 10 1
p36 4 9 1
p37 5 1 0
p38 6 10 0
p39 1 2 1
p40 2 9 0
p41 4 3 1
p42 6 6 1
p43 4 3 0
p44 10 8 0
p45 4 9 1
p46 5 10 0
p47 3 1 0
p48 10 9 1
p49 1 8 0
p50 0 5 0
p51 4 3 1
p52 10 8 0
p53 6 9 0
p54 2 5 1
p55 10 10 0
p56 4 6 1
p57 10 6 1
p58 5 8 1
p59 1 8 0
p60 7 1 0
p61 0 10 1
p62 1 8 0
p63 1 2 0
p64 1 9 0
p65 6 9 1
p66 1 1 0
p67 6 6 1
p68 7 6 0
p69 3 8 1
p70 2 8 1
p71 8 2 0
p72 9 4 0
p73 2 1 1
p74 2 5 1
p75 4 6 0
p76 3 1 0
p77 10 1 1
p78 9 6 1
p79 10 6 0
p80 1 6 1
p81 2 2 0
p82 6 10 1
p83 1 3 0
p84 0 3 0
p85 8 4 1
p86 8 7 1
p87 7 8 1
p88 9 10 0
p89 2 7 1
p90 3 2 0
p91 1 10 1
p92 2 6 0
p93 8 3 1
p94 7 10 1
p95 2 1 0
p96 8 4 0
p97 2 7 1
p98 1 4 1
p99 10 3 1
p100 10 9 0