100
p1 0 7 0
p1 3 10 1
p2 0 8 1
p3 9 1 1
p4 2 5 0
p5 1 8 1
p6 7 6 0
p7 6 10 0
p8 7 1 1
p9 9 2 0
p10 1 8 0
p11 10 6 0
p12 3 8 1
p13 7 3 0
p14 0 10 0
p15 8 1 0
p16 5 3 1
p17 10 1 0
p18 7 9 1
p19 10 4 0
p20 6 2 0
p21 6 8 1
p22 0 6 0
p23 5 3 0
p24 4 5 1
p25 10 10 0
p26 6 10 0
p27 3 10 0
p28 7 2 1
p29 2 5 0
p30 3 8 1
p31 5 9 0
p32 9 9 0
p33 4 8 0
p34 8 3 1
p35 0 2 0
p36 0 4 1
p37 4 4 0
p38 9 1 1
p39 6 7 1
p40 5 4 0
p41 5 2 0
p42 5 6 0
p43 7 5 1
p44 3 1 1
p45 5 4 1
p46 0 5 0
p47 0 8 1
p48 6 6 0
p49 10 7 0
p50 0 2 1
p51 4 6 1
p52 6 9 0
p53 4 3 0
p54 5 2 0
p55 9 2 1
p56 9 4 1
p57 6 7 1
p58 7 8 0
p59 5 4 1
p60 2 5 0
p61 2 10 0
p62 10 8 0
p63 9 2 0
p64 6 5 0
p65 6 2 1
p66 7 6 1
p67 0 10 1
p68 7 10 1
p69 8 5 0
p70 2 3 1
p71 7 9 0
p72 5 5 1
p73 1 10 0
p74 1 5 1
p75 5 4 0
p76 9 9 0
p77 10 6 1
p78 6 1 0
p79 6 1 1
p80 3 6 1
p81 0 4 1
p82 1 5 0
p83 9 5 1
p84 6 9 1
p85 9 7 0
p86 1 4 1
p87 3 5 0
p88 10 5 0
p89 2 4 1
p90 8 5 0
p91 6 2 1
p92 8 7 0
p93 2 7 0
p94 8 4 0
p95 8 4 0
p96 9 7 1
p97 6 9 1
p98 9 3 1
p99 1 6 0
p100 4 5 1