100
p1 0 3 1
p1 9 6 1
p2 2 7 0
p3 5 9 1
p4 0 6 0
p5 8 1 1
p6 10 4 0
p7 3 9 0
p8 2 10 1
p9 10 3 1
p10 4 2 1
p11 3 4 0
p12 1 9 0
p13 4 4 1
p14 0 8 0
p15 9 4 0
p16 7 4 0
p17 10 2 0
p18 1 9 1
p19 5 7 1
p20 2 1 0
p21 1 9 1
p22 3 2 0
p23 5 1 1
p24 9 8 0
p25 1 1 1
p26 8 3 1
p27 10 7 0
p28 0 4 1
p29 8 1 1
p30 10 4 1
p31 8 1 1
p32 10 2 0
p33 4 7 1
p34 7 6 0
p35 4 5 1
p36 7 2 1
p37 10 8 0
p38 7 9 1
p39 10 4 1
p40 3 7 1
p41 4 3 1
p42 2 10 0
p43 9 3 0
p44 6 3 1
p45 2 7 1
p46 5 1 1
p47 4 10 0
p48 2 8 0
p49 5 8 1
p50 3 2 0
p51 10 9 0
p52 5 9 1
p53 0 2 1
p54 1 2 1
p55 1 7 1
p56 3 6 0
p57 1 5 1
p58 4 2 0
p59 1 8 0
p60 2 4 1
p61 3 6 1
p62 0 8 1
p63 5 7 1
p64 7 3 0
p65 2 5 0
p66 3 4 0
p67 9 2 0
p68 6 2 0
p69 0 8 1
p70 1 6 0
p71 3 6 0
p72 8 8 1
p73 8 5 1
p74 7 9 0
p75 2 2 0
p76 4 1 1
p77 8 7 0
p78 3 3 1
p79 1 8 0
p80 9 6 0
p81 1 2 1
p82 4 6 1
p83 8 6 1
p84 5 5 0
p85 6 7 1
p86 7 9 1
p87 2 9 0
p88 3 1 0
p89 10 8 1
p90 2 8 1
p91 6 4 0
p92 10 5 1
p93 4 8 1
p94 0 1 1
p95 4 8 1
p96 7 5 1
p97 0 3 1
p98 5 7 0
p99 2 6 1
p100 5 4 0