100
p1 0 8 1
p1 3 6 0
p2 0 3 1
p3 3 1 0
p4 3 10 1
p5 1 8 0
p6 6 4 0
p7 6 1 1
p8 2 10 1
p9 6 4 0
p10 4 7 0
p11 8 6 1
p12 9 8 1
p13 3 9 1
p14 10 9 1
p15 4 2 0
p16 7 4 1
p17 6 9 1
p18 4 6 0
p19 4 3 1
p20 2 4 1
p21 1 10 1
p22 9 2 0
p23 4 7 0
p24 9 7 0
p25 1 10 0
p26 9 5 1
p27 10 6 1
p28 4 7 0
p29 10 5 0
p30 2 10 1
p31 1 4 0
p32 10 8 1
p33 9 1 0
p34 9 5 0
p35 1 3 1
p36 8 2 1
p37 3 7 0
p38 2 7 1
p39 6 5 1
p40 8 5 0
p41 1 3 0
p42 4 7 1
p43 2 8 1
p44 9 3 1
p45 4 10 1
p46 7 2 1
p47 9 2 1
p48 0 2 1
p49 7 5 1
p50 10 2 0
p51 2 10 0
p52 5 7 0
p53 5 10 1
p54 4 2 1
p55 0 3 1
p56 7 10 0
p57 7 1 1
p58 0 10 1
p59 10 8 1
p60 5 7 0
p61 4 9 1
p62 8 7 0
p63 8 10 1
p64 8 8 0
p65 8 8 0
p66 4 1 0
p67 9 9 0
p68 9 2 1
p69 9 4 0
p70 2 1 0
p71 5 7 1
p72 9 8 1
p73 4 10 1
p74 4 10 0
p75 5 3 1
p76 2 7 1
p77 1 5 1
p78 8 10 0
p79 1 3 1
p80 9 10 0
p81 9 4 0
p82 2 1 1
p83 4 4 1
p84 6 10 0
p85 1 10 0
p86 0 9 0
p87 4 8 0
p88 2 7 1
p89 10 5 1
p90 0 3 1
p91 3 4 0
p92 4 1 0
p93 7 10 1
p94 1 4 0
p95 1 3 1
p96 2 1 0
p97 8 8 1
p98 6 7 0
p99 2 7 0
p100 4 2 1