100
p1 0 8 0
p1 10 6 1
p2 9 2 0
p3 0 5 0
p4 0 7 1
p5 5 1 1
p6 7 2 1
p7 10 9 0
p8 5 9 1
p9 3 9 1
p10 9 3 1
p11 8 10 0
p12 10 9 1
p13 5 7 1
p14 5 9 1
p15 10 6 0
p16 6 10 1
p17 7 6 1
p18 3 5 0
p19 0 2 0
p20 2 10 1
p21 8 5 0
p22 1 7 0
p23 8 3 0
p24 2 1 1
p25 9 1 0
p26 1 2 1
p27 7 8 0
p28 4 6 0
p29 1 3 1
p30 1 5 1
p31 10 1 1
p32 10 4 0
p33 2 7 0
p34 5 6 1
p35 8 7 1
p36 5 4 0
p37 4 9 1
p38 4 1 0
p39 8 1 0
p40 6 7 0
p41 10 3 0
p42 0 10 0
p43 0 4 0
p44 0 3 1
p45 6 8 0
p46 3 4 1
p47 6 4 1
p48 0 10 1
p49 10 10 1
p50 1 6 0
p51 8 9 0
p52 6 2 1
p53 2 4 1
p54 7 7 1
p55 8 3 0
p56 6 6 0
p57 7 7 1
p58 10 1 0
p59 4 7 1
p60 3 5 1
p61 6 4 1
p62 1 1 0
p63 10 10 0
p64 1 1 0
p65 9 7 1
p66 2 10 0
p67 2 2 1
p68 6 3 1
p69 1 4 0
p70 0 7 0
p71 2 7 1
p72 8 10 1
p73 7 2 0
p74 9 1 0
p75 1 1 1
p76 1 5 0
p77 1 6 1
p78 2 1 1
p79 4 3 1
p80 5 10 1
p81 8 4 1
p82 5 1 0
p83 2 3 1
p84 1 7 1
p85 9 8 1
p86 9 1 0
p87 6 5 1
p88 9 6 1
p89 2 7 1
p90 1 5 0
p91 7 4 1
p92 5 3 0
p93 4 9 0
p94 1 3 1
p95 8 8 0
p96 1 8 0
p97 1 8 1
p98 9 5 0
p99 0 6 0
p100 6 7 1