100
p1 0 5 0
p1 6 9 0
p2 5 6 1
p3 0 9 1
p4 8 5 0
p5 9 9 0
p6 8 3 1
p7 5 10 0
p8 9 1 1
p9 5 10 0
p10 10 9 1
p11 0 8 1
p12 2 9 0
p13 8 3 1
p14 0 2 1
p15 9 3 0
p16 7 9 0
p17 6 1 1
p18 6 7 1
p19 6 4 0
p20 5 10 0
p21 10 1 0
p22 5 5 0
p23 8 10 1
p24 1 4 0
p25 5 9 0
p26 9 5 0
p27 5 5 0
p28 8 4 0
p29 5 3 0
p30 5 2 1
p31 5 8 1
p32 2 1 1
p33 10 6 0
p34 6 5 0
p35 6 3 0
p36 10 1 0
p37 2 3 0
p38 7 8 0
p39 7 8 0
p40 0 7 1
p41 8 9 0
p42 0 2 0
p43 2 6 1
p44 5 5 1
p45 0 10 1
p46 9 3 1
p47 1 2 1
p48 3 2 0
p49 3 8 0
p50 3 4 0
p51 10 9 0
p52 10 7 0
p53 8 9 1
p54 2 10 0
p55 1 10 1
p56 3 9 0
p57 0 6 1
p58 3 3 0
p59 3 5 1
p60 7 6 0
p61 9 7 0
p62 2 3 1
p63 1 10 1
p64 3 8 0
p65 0 5 0
p66 0 6 0
p67 8 1 1
p68 6 3 1
p69 7 9 1
p70 0 8 1
p71 1 9 1
p72 9 6 1
p73 3 6 0
p74 1 1 1
p75 1 10 0
p76 4 2 1
p77 3 9 1
p78 1 5 1
p79 1 1 0
p80 4 7 1
p81 5 10 1
p82 9 5 0
p83 4 1 1
p84 0 6 1
p85 6 2 0
p86 5 8 0
p87 7 2 0
p88 2 3 0
p89 0 2 0
p90 7 4 1
p91 5 7 0
p92 3 7 0
p93 1 8 0
p94 2 8 1
p95 7 8 1
p96 3 3 0
p97 2 8 0
p98 2 7 0
p99 5 1 1
p100 7 1 0