100
p1 0 2 0
p1 10 1 1
p2 8 5 0
p3 1 4 1
p4 8 9 0
p5 10 3 1
p6 7 6 0
p7 2 10 0
p8 8 9 1
p9 1 7 0
p10 5 10 1
p11 1 1 1
p12 2 6 1
p13 1 4 0
p14 9 7 0
p15 2 10 1
p16 2 8 0
p17 2 10 1
p18 1 6 1
p19 0 2 1
p20 8 2 0
p21 0 1 0
p22 6 9 1
p23 2 5 1
p24 6 9 1
p25 8 6 0
p26 7 3 0
p27 6 2 1
p28 4 3 0
p29 3 3 1
p30 10 9 0
p31 10 2 1
p32 7 4 1
p33 0 9 0
p34 0 2 0
p35 4 10 1
p36 0 1 1
p37 3 6 0
p38 7 9 0
p39 7 5 0
p40 4 2 0
p41 10 2 1
p42 7 5 0
p43 6 5 0
p44 7 8 0
p45 5 2 1
p46 2 7 0
p47 2 2 1
p48 3 8 1
p49 8 2 1
p50 2 3 1
p51 6 3 0
p52 7 3 0
p53 0 7 0
p54 7 7 1
p55 10 1 1
p56 8 7 1
p57 3 8 1
p58 5 3 0
p59 3 9 0
p60 9 6 0
p61 4 3 0
p62 7 1 1
p63 0 4 1
p64 5 2 0
p65 0 5 0
p66 9 4 0
p67 10 9 1
p68 5 8 0
p69 10 8 0
p70 0 3 1
p71 8 8 1
p72 3 3 0
p73 10 4 1
p74 6 4 0
p75 2 4 1
p76 3 4 0
p77 4 10 1
p78 1 5 0
p79 1 1 1
p80 10 4 1
p81 7 4 0
p82 9 9 0
p83 0 2 0
p84 4 3 1
p85 4 8 0
p86 7 8 0
p87 10 2 1
p88 8 5 0
p89 0 3 0
p90 9 5 1
p91 5 4 1
p92 9 3 1
p93 10 8 0
p94 3 1 1
p95 4 2 0
p96 2 2 1
p97 5 10 0
p98 10 8 1
p99 3 1 1
p100 1 8 1