100
p1 0 3 1
p1 3 7 1
p2 1 3 0
p3 8 7 0
p4 5 6 0
p5 2 3 0
p6 1 1 0
p7 9 3 1
p8 9 6 0
p9 7 10 1
p10 0 9 1
p11 2 4 1
p12 1 1 0
p13 6 7 0
p14 9 8 1
p15 0 6 1
p16 1 8 1
p17 10 5 1
p18 5 1 1
p19 6 4 0
p20 2 8 0
p21 2 10 1
p22 10 6 1
p23 3 9 1
p24 8 10 1
p25 1 3 0
p26 6 6 1
p27 10 2 0
p28 6 6 0
p29 9 1 0
p30 0 10 1
p31 5 6 0
p32 1 3 0
p33 5 7 0
p34 5 2 1
p35 3 9 1
p36 6 8 0
p37 5 10 1
p38 10 7 1
p39 4 6 1
p40 6 4 0
p41 3 5 1
p42 9 8 0
p43 1 7 0
p44 7 8 1
p45 3 9 0
p46 0 7 1
p47 9 8 0
p48 4 9 0
p49 3 10 1
p50 8 4 1
p51 2 1 1
p52 7 10 0
p53 10 8 1
p54 0 3 0
p55 9 4 0
p56 2 3 0
p57 7 7 1
p58 10 7 1
p59 7 9 1
p60 2 5 0
p61 8 8 0
p62 8 10 1
p63 2 8 0
p64 3 6 1
p65 8 9 0
p66 7 7 0
p67 4 5 1
p68 2 8 1
p69 2 3 1
p70 3 3 0
p71 3 7 1
p72 3 9 0
p73 10 8 1
p74 3 10 0
p75 10 4 0
p76 2 1 0
p77 10 4 1
p78 2 4 0
p79 2 2 0
p80 1 5 0
p81 8 10 0
p82 0 7 1
p83 8 8 0
p84 7 1 0
p85 6 7 1
p86 1 3 1
p87 9 1 0
p88 10 9 0
p89 4 1 1
p90 9 3 0
p91 3 5 1
p92 7 10 0
p93 6 3 1
p94 9 3 1
p95 0 9 1
p96 7 8 1
p97 3 7 1
p98 5 9 1
p99 10 7 0
p100 0 1 0