100
p1 0 2 1
p1 10 5 1
p2 9 1 0
p3 10 2 1
p4 8 8 1
p5 8 10 1
p6 2 2 1
p7 7 1 1
p8 9 3 1
p9 9 1 1
p10 1 4 1
p11 9 9 1
p12 5 5 1
p13 6 1 0
p14 2 2 1
p15 2 4 0
p16 3 1 1
p17 9 10 1
p18 1 7 0
p19 7 3 0
p20 6 3 0
p21 0 6 0
p22 8 9 0
p23 9 4 1
p24 2 3 0
p25 2 4 1
p26 10 1 1
p27 3 1 0
p28 0 4 0
p29 1 7 0
p30 2 1 0
p31 6 6 0
p32 1 2 0
p33 9 9 0
p34 4 8 0
p35 6 1 1
p36 8 7 1
p37 3 10 1
p38 7 10 1
p39 9 9 1
p40 5 10 1
p41 7 5 0
p42 3 8 1
p43 3 10 1
p44 9 3 0
p45 8 10 1
p46 3 6 1
p47 7 9 0
p48 0 3 1
p49 9 5 1
p50 2 9 0
p51 1 6 0
p52 6 5 0
p53 3 5 1
p54 10 10 0
p55 5 4 1
p56 2 9 1
p57 7 1 1
p58 3 9 1
p59 0 8 1
p60 9 6 0
p61 8 1 1
p62 1 4 0
p63 2 2 0
p64 7 7 1
p65 10 7 0
p66 4 9 0
p67 5 9 1
p68 7 10 1
p69 1 5 1
p70 2 4 0
p71 1 3 1
p72 3 2 0
p73 10 8 0
p74 7 9 0
p75 9 10 0
p76 1 2 1
p77 8 10 1
p78 3 5 0
p79 6 9 1
p80 5 1 0
p81 0 5 0
p82 0 3 1
p83 0 6 0
p84 2 2 0
p85 5 9 1
p86 9 8 1
p87 9 4 0
p88 8 3 0
p89 3 6 0
p90 0 9 1
p91 9 1 1
p92 1 10 1
p93 3 4 1
p94 2 3 0
p95 5 3 0
p96 0 4 1
p97 3 5 1
p98 3 4 1
p99 9 1 0
p100 0 9 1