100
p1 0 3 0
p1 8 3 1
p2 7 9 1
p3 6 3 1
p4 5 2 0
p5 9 3 0
p6 10 6 1
p7 8 7 1
p8 8 7 0
p9 0 7 0
p10 0 4 0
p11 4 2 1
p12 9 2 1
p13 10 3 1
p14 6 4 0
p15 0 7 0
p16 5 6 1
p17 9 6 1
p18 9 6 1
p19 8 7 1
p20 7 7 0
p21 5 6 0
p22 2 1 1
p23 7 2 1
p24 7 6 1
p25 2 8 1
p26 6 5 1
p27 4 1 0
p28 3 7 1
p29 7 3 0
p30 0 5 0
p31 0 5 1
p32 5 9 0
p33 8 3 1
p34 4 3 0
p35 10 9 1
p36 0 7 0
p37 5 1 0
p38 0 9 0
p39 4 8 0
p40 5 4 0
p41 2 1 1
p42 10 2 1
p43 6 8 1
p44 9 2 1
p45 5 8 1
p46 6 6 0
p47 10 3 0
p48 6 3 0
p49 1 10 1
p50 3 7 1
p51 6 10 1
p52 3 2 1
p53 6 9 0
p54 9 8 1
p55 10 8 1
p56 9 7 0
p57 8 10 1
p58 6 1 1
p59 1 5 0
p60 0 8 0
p61 0 3 1
p62 3 7 0
p63 0 8 0
p64 10 2 0
p65 3 4 1
p66 0 10 1
p67 3 7 0
p68 3 7 0
p69 10 2 1
p70 4 8 0
p71 1 9 0
p72 8 9 0
p73 6 9 1
p74 1 9 0
p75 10 8 0
p76 10 5 1
p77 1 6 1
p78 4 4 0
p79 3 1 1
p80 7 8 0
p81 1 3 0
p82 5 5 0
p83 4 7 0
p84 0 10 0
p85 3 9 0
p86 0 3 0
p87 8 8 1
p88 6 3 0
p89 6 3 0
p90 0 1 1
p91 8 8 1
p92 6 4 1
p93 9 7 1
p94 3 6 1
p95 9 4 1
p96 7 2 0
p97 9 5 1
p98 7 6 0
p99 2 2 0
p100 4 8 0