100
p1 0 7 0
p1 0 4 1
p2 2 1 0
p3 9 7 0
p4 7 9 0
p5 7 2 0
p6 4 8 1
p7 7 3 0
p8 2 1 0
p9 7 9 0
p10 3 1 1
p11 3 9 0
p12 4 8 0
p13 0 2 0
p14 8 1 0
p15 9 2 1
p16 6 2 0
p17 4 6 1
p18 1 1 1
p19 2 10 1
p20 3 2 1
p21 10 7 0
p22 10 2 1
p23 9 2 1
p24 6 3 1
p25 10 7 1
p26 6 6 0
p27 0 1 1
p28 2 1 1
p29 6 8 1
p30 5 9 0
p31 1 5 0
p32 2 9 0
p33 1 3 1
p34 4 1 1
p35 7 7 1
p36 7 10 1
p37 6 5 1
p38 9 2 1
p39 7 7 0
p40 9 10 0
p41 3 4 0
p42 4 6 0
p43 4 7 0
p44 4 10 0
p45 8 4 0
p46 5 3 1
p47 9 8 0
p48 3 7 1
p49 10 10 1
p50 8 7 0
p51 0 1 1
p52 5 7 0
p53 0 9 1
p54 3 10 0
p55 9 10 1
p56 2 8 1
p57 1 3 0
p58 4 1 1
p59 0 7 0
p60 7 5 0
p61 5 7 0
p62 8 6 0
p63 5 4 0
p64 6 10 1
p65 6 8 1
p66 8 5 0
p67 10 2 1
p68 8 2 1
p69 6 10 1
p70 5 1 1
p71 10 4 0
p72 2 7 1
p73 7 3 0
p74 5 7 1
p75 2 2 1
p76 4 9 1
p77 7 10 0
p78 4 5 0
p79 0 1 1
p80 3 1 1
p81 10 9 0
p82 10 2 1
p83 8 4 1
p84 10 4 1
p85 10 1 0
p86 3 8 1
p87 4 3 0
p88 1 9 0
p89 6 6 0
p90 9 1 0
p91 4 10 0
p92 5 10 0
p93 10 6 1
p94 9 3 0
p95 0 9 0
p96 4 8 1
p97 2 2 1
p98 2 5 1
p99 8 8 1
p100 6 2 1