100
p1 0 5 1
p1 4 8 1
p2 6 10 0
p3 7 9 0
p4 4 4 1
p5 2 2 1
p6 7 7 0
p7 7 6 1
p8 1 6 1
p9 9 2 0
p10 1 7 0
p11 8 8 0
p12 8 9 1
p13 2 8 1
p14 5 10 0
p15 6 3 1
p16 4 2 0
p17 4 7 1
p18 9 7 0
p19 1 10 1
p20 10 1 1
p21 4 6 0
p22 1 10 0
p23 6 10 1
p24 2 9 1
p25 9 3 1
p26 9 10 0
p27 9 3 0
p28 8 5 1
p29 3 5 0
p30 1 10 0
p31 4 10 1
p32 5 8 0
p33 10 1 0
p34 0 5 0
p35 4 4 0
p36 9 10 1
p37 2 2 1
p38 7 3 1
p39 4 10 1
p40 3 6 1
p41 10 5 0
p42 6 10 0
p43 8 7 0
p44 5 3 1
p45 4 9 0
p46 7 7 1
p47 7 10 0
p48 6 5 0
p49 3 7 1
p50 7 7 0
p51 10 5 0
p52 1 9 1
p53 4 10 1
p54 10 6 1
p55 0 1 1
p56 5 3 0
p57 10 7 1
p58 0 3 1
p59 5 7 1
p60 6 3 1
p61 2 3 1
p62 10 6 0
p63 9 3 1
p64 0 3 0
p65 2 3 0
p66 7 4 1
p67 4 9 1
p68 6 1 1
p69 5 2 0
p70 7 5 0
p71 2 3 0
p72 1 6 0
p73 7 9 0
p74 7 10 0
p75 6 4 1
p76 8 9 0
p77 6 3 0
p78 8 5 0
p79 5 5 0
p80 10 3 0
p81 8 1 0
p82 10 8 1
p83 3 9 0
p84 2 9 1
p85 6 5 0
p86 1 10 0
p87 6 4 0
p88 7 7 1
p89 2 2 1
p90 4 4 1
p91 7 1 1
p92 4 6 0
p93 5 3 0
p94 7 8 0
p95 7 4 1
p96 9 3 0
p97 7 10 0
p98 5 6 0
p99 10 10 1
p100 4 6 1