100
p1 0 5 1
p1 3 4 0
p2 8 1 1
p3 9 8 1
p4 4 5 1
p5 10 3 0
p6 5 2 0
p7 1 8 1
p8 10 2 1
p9 2 9 0
p10 6 8 1
p11 9 9 0
p12 7 5 0
p13 1 2 0
p14 1 7 0
p15 4 2 0
p16 7 5 1
p17 7 9 1
p18 0 8 0
p19 9 3 1
p20 5 5 0
p21 4 10 0
p22 1 7 0
p23 1 6 1
p24 1 2 0
p25 1 5 1
p26 5 5 1
p27 5 9 1
p28 0 4 0
p29 5 2 0
p30 4 5 0
p31 3 5 1
p32 4 1 0
p33 4 10 1
p34 6 2 1
p35 7 3 1
p36 4 9 1
p37 0 10 1
p38 5 4 0
p39 10 6 0
p40 1 6 0
p41 10 10 1
p42 9 8 1
p43 7 7 0
p44 3 8 0
p45 8 4 0
p46 2 4 0
p47 3 10 1
p48 7 2 0
p49 10 10 0
p50 2 4 1
p51 4 1 0
p52 1 2 1
p53 1 10 0
p54 4 2 1
p55 2 3 0
p56 5 4 1
p57 4 2 1
p58 6 7 0
p59 7 3 1
p60 3 3 0
p61 5 10 1
p62 5 1 0
p63 10 8 1
p64 10 2 1
p65 8 3 1
p66 2 5 0
p67 5 2 1
p68 5 8 0
p69 6 10 0
p70 5 7 1
p71 5 2 0
p72 6 6 0
p73 0 7 0
p74 10 4 1
p75 1 2 1
p76 1 8 0
p77 5 6 1
p78 1 5 0
p79 7 8 1
p80 2 4 1
p81 5 9 1
p82 10 4 0
p83 7 2 0
p84 5 1 1
p85 8 7 0
p86 6 10 1
p87 10 8 1
p88 7 2 1
p89 10 7 1
p90 4 1 0
p91 3 6 0
p92 0 1 0
p93 1 9 1
p94 3 10 1
p95 3 3 1
p96 9 3 0
p97 1 5 0
p98 3 2 1
p99 9 1 1
p100 0 1 0