100
p1 0 3 0
p1 9 10 1
p2 1 1 1
p3 5 1 0
p4 6 1 1
p5 8 7 0
p6 0 3 0
p7 0 4 1
p8 0 9 1
p9 1 2 1
p10 9 9 1
p11 4 8 0
p12 5 8 0
p13 8 1 1
p14 8 5 1
p15 6 4 0
p16 6 2 0
p17 7 1 1
p18 6 7 1
p19 3 8 0
p20 9 6 1
p21 4 3 0
p22 4 6 1
p23 6 9 0
p24 1 7 0
p25 10 9 1
p26 7 5 0
p27 4 5 0
p28 3 9 0
p29 4 7 0
p30 9 1 1
p31 2 3 1
p32 10 4 1
p33 4 6 1
p34 8 10 1
p35 5 6 0
p36 3 2 0
p37 2 2 1
p38 2 8 1
p39 1 1 1
p40 1 10 1
p41 9 9 0
p42 0 1 1
p43 7 7 0
p44 4 9 0
p45 3 1 1
p46 7 9 1
p47 0 3 0
p48 8 5 1
p49 5 10 1
p50 3 7 1
p51 4 4 1
p52 0 4 1
p53 4 3 0
p54 0 9 0
p55 1 10 1
p56 2 4 1
p57 0 8 1
p58 8 5 1
p59 8 3 1
p60 4 8 1
p61 2 3 0
p62 5 2 1
p63 1 9 1
p64 2 8 1
p65 7 1 1
p66 3 3 0
p67 7 9 1
p68 10 9 1
p69 10 2 1
p70 9 1 0
p71 10 3 1
p72 6 8 0
p73 1 9 0
p74 7 3 1
p75 10 10 1
p76 8 2 0
p77 9 9 0
p78 2 5 0
p79 4 5 1
p80 7 7 0
p81 1 3 0
p82 4 6 0
p83 1 2 0
p84 6 1 0
p85 8 6 0
p86 6 4 1
p87 0 2 0
p88 1 9 0
p89 6 5 0
p90 0 4 1
p91 8 8 1
p92 8 4 0
p93 8 1 1
p94 5 5 0
p95 0 2 1
p96 10 6 1
p97 5 1 0
p98 2 1 1
p99 0 10 1
p100 6 8 1