100
p1 0 8 0
p1 5 6 1
p2 4 5 1
p3 3 1 1
p4 0 5 1
p5 8 9 0
p6 10 5 0
p7 5 7 0
p8 4 8 0
p9 0 3 1
p10 9 4 1
p11 0 3 0
p12 0 2 0
p13 4 8 0
p14 5 8 1
p15 0 9 1
p16 5 8 1
p17 9 10 1
p18 10 6 0
p19 3 4 1
p20 1 6 0
p21 10 1 0
p22 6 2 1
p23 5 5 1
p24 2 6 0
p25 8 4 0
p26 5 6 1
p27 5 10 0
p28 2 3 0
p29 3 1 1
p30 5 5 0
p31 3 10 0
p32 9 7 0
p33 7 6 0
p34 7 4 1
p35 7 4 0
p36 6 4 1
p37 2 2 1
p38 8 4 1
p39 10 8 1
p40 2 7 0
p41 7 6 1
p42 0 8 0
p43 3 6 1
p44 5 4 0
p45 3 7 0
p46 8 7 1
p47 10 5 0
p48 9 2 1
p49 4 4 0
p50 8 6 0
p51 10 4 0
p52 7 10 1
p53 6 3 0
p54 1 4 0
p55 0 2 0
p56 2 5 0
p57 10 8 1
p58 6 9 0
p59 2 6 1
p60 10 6 0
p61 2 6 1
p62 3 7 1
p63 9 9 1
p64 6 2 0
p65 8 5 1
p66 4 1 0
p67 8 3 1
p68 10 4 1
p69 10 1 0
p70 3 8 1
p71 4 3 0
p72 7 3 1
p73 5 8 1
p74 8 7 0
p75 8 1 0
p76 0 4 0
p77 0 4 1
p78 6 5 0
p79 3 2 0
p80 8 9 1
p81 5 10 0
p82 2 2 0
p83 9 6 1
p84 9 2 1
p85 1 5 1
p86 5 9 1
p87 5 5 0
p88 4 4 1
p89 8 2 0
p90 1 9 0
p91 9 8 1
p92 5 5 1
p93 1 9 0
p94 6 10 1
p95 3 7 1
p96 1 8 1
p97 0 4 1
p98 1 7 0
p99 9 3 0
p100 10 9 0