100
p1 0 1 0
p1 2 5 0
p2 4 4 1
p3 6 5 0
p4 1 3 1
p5 9 6 0
p6 8 6 1
p7 2 2 0
p8 8 7 1
p9 1 6 1
p10 1 1 0
p11 7 6 0
p12 10 9 1
p13 0 8 1
p14 6 6 0
p15 10 8 1
p16 2 5 0
p17 8 8 0
p18 1 8 0
p19 7 10 0
p20 4 4 0
p21 2 6 1
p22 6 8 1
p23 7 6 1
p24 3 3 0
p25 7 4 0
p26 0 6 0
p27 10 2 0
p28 2 8 1
p29 4 9 0
p30 10 8 1
p31 9 7 0
p32 1 9 0
p33 10 10 1
p34 8 4 1
p35 9 7 1
p36 6 3 0
p37 7 9 1
p38 2 8 0
p39 9 7 1
p40 9 2 0
p41 1 5 1
p42 1 1 1
p43 8 3 0
p44 2 6 1
p45 6 8 1
p46 10 5 1
p47 7 9 0
p48 2 5 1
p49 7 10 1
p50 8 6 0
p51 7 9 0
p52 7 4 0
p53 1 10 1
p54 7 5 0
p55 5 9 1
p56 3 1 0
p57 1 7 0
p58 6 6 1
p59 10 6 0
p60 4 7 1
p61 9 9 1
p62 10 9 1
p63 10 5 0
p64 7 6 0
p65 9 1 0
p66 9 2 0
p67 6 6 0
p68 3 10 0
p69 1 5 1
p70 9 5 0
p71 3 1 0
p72 2 7 0
p73 7 5 0
p74 6 1 0
p75 10 7 0
p76 2 10 1
p77 2 10 0
p78 6 2 1
p79 6 3 1
p80 5 2 1
p81 3 9 1
p82 3 10 1
p83 4 1 0
p84 6 3 0
p85 5 10 0
p86 4 10 1
p87 7 9 0
p88 4 10 1
p89 8 1 1
p90 7 7 1
p91 3 6 1
p92 3 6 0
p93 8 9 1
p94 2 9 1
p95 5 4 0
p96 0 4 0
p97 10 2 0
p98 3 4 1
p99 10 9 1
p100 4 2 1