100
p1 0 1 0
p1 10 7 1
p2 1 10 0
p3 2 7 0
p4 5 9 0
p5 6 4 1
p6 10 8 1
p7 5 5 0
p8 1 10 0
p9 3 3 1
p10 5 8 1
p11 1 1 1
p12 10 2 0
p13 2 4 0
p14 8 3 0
p15 2 2 0
p16 1 8 1
p17 9 3 1
p18 6 10 0
p19 10 9 1
p20 7 8 0
p21 4 6 0
p22 8 7 0
p23 0 6 1
p24 4 4 1
p25 2 10 0
p26 8 5 1
p27 4 2 0
p28 7 3 1
p29 9 8 1
p30 1 3 1
p31 9 1 0
p32 9 4 0
p33 4 6 1
p34 3 5 0
p35 4 8 1
p36 9 7 0
p37 7 5 1
p38 4 2 1
p39 8 1 0
p40 6 6 0
p41 7 1 0
p42 4 8 0
p43 5 2 1
p44 1 4 1
p45 2 10 0
p46 4 9 0
p47 1 2 0
p48 7 9 1
p49 10 4 0
p50 6 4 1
p51 3 9 1
p52 5 6 0
p53 6 1 1
p54 6 1 1
p55 0 2 0
p56 8 1 0
p57 3 1 0
p58 2 9 0
p59 8 5 1
p60 9 6 0
p61 5 6 0
p62 5 6 1
p63 5 10 1
p64 9 3 0
p65 10 2 1
p66 9 6 1
p67 2 10 0
p68 8 10 0
p69 9 8 0
p70 10 8 0
p71 6 1 1
p72 2 1 0
p73 2 6 1
p74 7 6 1
p75 0 9 1
p76 1 4 0
p77 4 9 1
p78 1 1 0
p79 8 3 0
p80 3 2 1
p81 0 4 0
p82 3 9 0
p83 6 7 1
p84 0 4 0
p85 4 10 0
p86 6 5 1
p87 1 1 0
p88 3 10 0
p89 4 2 0
p90 9 1 1
p91 3 4 1
p92 5 6 1
p93 7 6 1
p94 9 1 0
p95 0 8 1
p96 8 7 1
p97 2 5 0
p98 10 3 1
p99 10 4 0
p100 0 3 1