100
p1 0 10 0
p1 2 8 0
p2 3 1 1
p3 9 8 0
p4 5 4 0
p5 5 5 0
p6 10 9 1
p7 1 6 1
p8 9 10 0
p9 4 3 1
p10 2 7 0
p11 10 6 1
p12 9 8 0
p13 4 1 1
p14 9 5 0
p15 3 7 1
p16 7 10 1
p17 0 4 0
p18 2 9 1
p19 1 2 1
p20 6 2 1
p21 7 5 0
p22 8 3 0
p23 3 3 0
p24 7 4 0
p25 6 8 0
p26 1 3 1
p27 4 10 0
p28 9 3 0
p29 3 9 1
p30 4 7 1
p31 9 1 1
p32 1 8 1
p33 9 8 0
p34 1 5 1
p35 2 6 0
p36 4 3 1
p37 4 4 0
p38 7 2 0
p39 7 8 1
p40 4 8 1
p41 5 4 1
p42 3 3 0
p43 9 6 1
p44 4 5 1
p45 6 10 1
p46 7 3 1
p47 4 4 0
p48 5 7 1
p49 1 2 1
p50 5 1 0
p51 10 7 1
p52 1 5 0
p53 7 6 1
p54 6 5 0
p55 5 7 1
p56 0 8 0
p57 2 2 1
p58 4 2 1
p59 6 9 0
p60 6 4 1
p61 2 3 1
p62 1 6 1
p63 3 4 0
p64 6 2 0
p65 10 7 1
p66 4 7 0
p67 4 2 0
p68 10 7 1
p69 0 6 1
p70 0 6 1
p71 2 4 1
p72 0 6 0
p73 6 1 0
p74 7 10 1
p75 9 7 1
p76 2 6 1
p77 8 6 0
p78 6 4 0
p79 1 8 0
p80 2 9 1
p81 5 3 1
p82 9 5 0
p83 3 8 0
p84 4 9 0
p85 6 3 0
p86 5 8 1
p87 8 2 1
p88 8 5 0
p89 7 10 1
p90 1 7 0
p91 5 6 0
p92 9 5 0
p93 4 8 1
p94 4 7 0
p95 3 7 0
p96 0 6 0
p97 9 10 1
p98 1 8 1
p99 8 2 1
p100 5 7 1