100
p1 0 8 1
p1 9 4 0
p2 1 3 0
p3 10 10 1
p4 10 5 1
p5 3 9 1
p6 10 3 0
p7 4 9 0
p8 6 4 1
p9 10 5 1
p10 8 10 0
p11 8 7 0
p12 2 3 0
p13 4 3 1
p14 1 7 0
p15 10 10 0
p16 4 9 0
p17 1 1 0
p18 0 6 1
p19 3 8 1
p20 8 3 0
p21 2 7 0
p22 6 1 0
p23 10 4 1
p24 1 9 1
p25 2 8 0
p26 3 7 0
p27 10 3 1
p28 3 2 0
p29 4 1 1
p30 0 5 0
p31 6 5 0
p32 7 4 1
p33 6 9 0
p34 8 9 0
p35 4 10 0
p36 4 8 0
p37 9 1 0
p38 0 3 0
p39 4 10 0
p40 0 6 0
p41 6 3 0
p42 4 5 1
p43 8 5 1
p44 10 10 0
p45 9 2 1
p46 7 6 0
p47 8 9 1
p48 10 5 1
p49 3 7 0
p50 0 5 1
p51 9 2 0
p52 6 6 0
p53 10 1 0
p54 7 8 1
p55 5 6 0
p56 10 3 1
p57 2 9 0
p58 8 5 0
p59 10 5 1
p60 10 1 1
p61 8 3 0
p62 9 1 0
p63 7 7 0
p64 10 3 0
p65 2 6 1
p66 5 7 1
p67 6 4 1
p68 7 8 1
p69 10 3 1
p70 9 8 1
p71 4 2 1
p72 9 5 0
p73 7 5 0
p74 2 4 0
p75 5 3 0
p76 3 5 0
p77 2 6 1
p78 7 5 0
p79 8 8 0
p80 8 3 1
p81 7 4 0
p82 8 2 0
p83 10 4 1
p84 10 5 0
p85 3 7 0
p86 3 9 0
p87 2 6 1
p88 9 6 1
p89 8 4 1
p90 7 6 1
p91 5 3 0
p92 9 7 0
p93 7 2 1
p94 6 5 1
p95 3 10 0
p96 3 4 0
p97 6 3 1
p98 9 6 0
p99 4 8 0
p100 5 5 1