100
p1 0 10 0
p1 10 6 0
p2 0 6 0
p3 10 6 0
p4 9 6 0
p5 5 1 1
p6 0 4 0
p7 8 1 1
p8 6 2 1
p9 2 5 1
p10 0 5 0
p11 0 3 1
p12 7 3 1
p13 1 2 0
p14 10 8 1
p15 2 7 0
p16 9 2 1
p17 1 4 1
p18 6 1 0
p19 1 6 0
p20 4 3 0
p21 5 5 1
p22 8 10 1
p23 6 6 0
p24 3 7 0
p25 10 8 0
p26 8 2 1
p27 5 6 0
p28 8 9 1
p29 7 5 0
p30 5 6 0
p31 3 9 1
p32 6 6 0
p33 10 7 1
p34 4 5 0
p35 8 5 1
p36 3 4 1
p37 10 1 0
p38 6 4 1
p39 3 6 1
p40 6 2 1
p41 2 6 1
p42 3 6 0
p43 10 1 1
p44 5 4 1
p45 8 8 1
p46 4 8 1
p47 9 3 1
p48 7 1 0
p49 5 10 1
p50 0 7 0
p51 8 5 0
p52 10 9 1
p53 2 2 1
p54 1 6 0
p55 8 2 1
p56 10 7 0
p57 6 4 1
p58 8 3 1
p59 1 9 1
p60 6 2 1
p61 2 5 1
p62 2 1 0
p63 2 1 1
p64 10 7 0
p65 8 4 1
p66 6 8 1
p67 1 2 0
p68 9 6 0
p69 8 5 0
p70 0 6 0
p71 4 9 0
p72 2 10 0
p73 1 8 0
p74 5 3 0
p75 4 8 1
p76 8 5 1
p77 4 9 0
p78 7 3 1
p79 9 9 0
p80 4 6 1
p81 0 5 1
p82 8 7 0
p83 3 3 1
p84 9 4 1
p85 3 7 0
p86 6 3 1
p87 6 8 1
p88 5 8 1
p89 1 7 0
p90 5 2 1
p91 0 5 1
p92 8 4 1
p93 7 5 1
p94 10 2 0
p95 10 2 0
p96 10 2 0
p97 9 6 0
p98 1 7 1
p99 3 1 1
p100 9 5 0