100
p1 0 3 0
p1 1 10 0
p2 6 9 0
p3 4 5 1
p4 10 7 0
p5 5 4 1
p6 0 10 1
p7 9 5 1
p8 1 1 1
p9 2 4 0
p10 0 9 0
p11 8 10 0
p12 0 7 0
p13 5 3 0
p14 1 2 0
p15 3 9 1
p16 0 2 0
p17 9 8 1
p18 0 4 1
p19 4 7 0
p20 7 7 0
p21 9 2 1
p22 9 2 0
p23 3 4 0
p24 5 3 0
p25 10 9 0
p26 2 7 1
p27 9 7 0
p28 4 4 0
p29 7 6 0
p30 0 9 0
p31 3 4 0
p32 0 3 1
p33 10 4 0
p34 4 9 0
p35 0 1 0
p36 0 7 1
p37 8 9 1
p38 9 2 0
p39 3 6 1
p40 3 6 1
p41 8 3 0
p42 4 4 0
p43 2 6 1
p44 5 3 0
p45 4 10 0
p46 8 5 0
p47 10 1 0
p48 4 2 1
p49 3 6 0
p50 8 1 0
p51 5 3 0
p52 1 2 1
p53 3 3 1
p54 3 7 1
p55 1 10 1
p56 0 2 1
p57 0 8 0
p58 10 6 1
p59 10 1 0
p60 7 8 1
p61 1 5 1
p62 6 8 0
p63 10 7 0
p64 1 6 1
p65 7 5 0
p66 1 5 1
p67 5 3 1
p68 6 9 0
p69 0 3 0
p70 0 4 0
p71 6 4 0
p72 7 1 1
p73 3 6 1
p74 0 3 1
p75 0 8 1
p76 7 4 1
p77 5 6 1
p78 3 1 0
p79 4 8 0
p80 2 1 1
p81 2 3 1
p82 7 2 1
p83 0 3 0
p84 1 1 1
p85 1 10 0
p86 1 4 0
p87 1 3 1
p88 10 3 1
p89 7 3 0
p90 0 3 0
p91 6 2 0
p92 2 4 1
p93 9 10 0
p94 10 3 0
p95 6 1 0
p96 4 8 1
p97 4 3 1
p98 8 6 1
p99 2 6 1
p100 4 1 1