100
p1 0 8 0
p1 0 5 1
p2 4 2 0
p3 1 1 0
p4 10 5 1
p5 3 9 0
p6 9 7 1
p7 6 4 1
p8 8 1 0
p9 7 8 1
p10 4 3 0
p11 10 7 1
p12 5 6 0
p13 4 6 0
p14 4 10 0
p15 1 4 1
p16 6 5 1
p17 1 8 1
p18 4 7 1
p19 10 10 0
p20 8 2 1
p21 7 3 1
p22 2 5 0
p23 0 5 1
p24 8 10 0
p25 4 1 1
p26 1 5 1
p27 9 7 1
p28 8 3 1
p29 1 8 0
p30 2 5 1
p31 6 3 0
p32 1 7 0
p33 2 10 1
p34 8 2 0
p35 7 8 0
p36 4 1 0
p37 2 5 1
p38 1 7 1
p39 5 9 0
p40 10 8 1
p41 6 10 1
p42 4 9 1
p43 7 2 1
p44 9 6 0
p45 3 2 1
p46 9 3 1
p47 1 4 1
p48 6 5 1
p49 0 2 0
p50 7 6 1
p51 3 10 1
p52 1 8 1
p53 5 7 1
p54 1 6 0
p55 1 8 0
p56 3 8 0
p57 10 6 1
p58 10 2 0
p59 8 6 1
p60 5 9 0
p61 3 5 0
p62 9 8 1
p63 9 5 1
p64 8 4 1
p65 10 10 0
p66 3 8 1
p67 9 4 0
p68 10 9 1
p69 6 1 1
p70 1 10 1
p71 5 6 0
p72 1 9 1
p73 4 5 1
p74 9 1 1
p75 5 1 0
p76 4 1 1
p77 2 1 0
p78 5 1 0
p79 1 1 1
p80 3 8 0
p81 9 4 1
p82 6 3 1
p83 6 2 1
p84 3 1 1
p85 6 10 1
p86 6 4 1
p87 4 6 0
p88 1 5 0
p89 3 2 1
p90 5 1 0
p91 3 6 1
p92 9 9 0
p93 10 10 1
p94 3 4 1
p95 4 5 1
p96 5 10 0
p97 3 10 1
p98 9 1 0
p99 9 9 1
p100 10 3 1