100
p1 0 1 0
p1 6 10 1
p2 2 5 1
p3 7 10 1
p4 2 8 0
p5 5 10 1
p6 2 4 1
p7 6 6 1
p8 8 4 0
p9 1 9 1
p10 6 1 1
p11 10 3 1
p12 4 2 1
p13 0 3 0
p14 9 10 1
p15 8 2 1
p16 7 4 0
p17 4 2 1
p18 2 3 1
p19 9 7 1
p20 7 8 0
p21 2 10 0
p22 3 4 1
p23 8 8 0
p24 9 9 1
p25 2 8 0
p26 7 5 1
p27 8 2 0
p28 10 3 1
p29 7 5 1
p30 8 5 0
p31 2 8 1
p32 6 2 1
p33 10 3 0
p34 8 4 0
p35 4 1 1
p36 1 5 1
p37 2 2 1
p38 10 6 1
p39 6 5 1
p40 7 5 1
p41 2 8 0
p42 5 9 1
p43 4 7 1
p44 8 6 1
p45 0 7 1
p46 0 3 0
p47 5 8 1
p48 6 3 0
p49 7 4 0
p50 3 5 0
p51 0 7 1
p52 2 1 1
p53 10 7 0
p54 8 8 1
p55 8 10 1
p56 6 2 1
p57 1 10 0
p58 10 8 1
p59 1 8 0
p60 10 3 0
p61 2 3 1
p62 9 2 1
p63 8 3 1
p64 2 1 0
p65 2 10 0
p66 8 8 1
p67 10 5 0
p68 8 10 0
p69 3 10 1
p70 8 7 1
p71 9 1 1
p72 5 7 1
p73 4 4 1
p74 6 9 1
p75 8 7 0
p76 0 6 1
p77 0 9 1
p78 6 5 1
p79 8 5 0
p80 3 8 0
p81 5 5 1
p82 10 7 1
p83 3 4 0
p84 10 2 0
p85 8 9 0
p86 5 4 1
p87 6 3 0
p88 9 2 0
p89 4 9 0
p90 3 3 1
p91 0 8 1
p92 7 4 1
p93 3 4 0
p94 1 4 0
p95 5 4 0
p96 4 3 0
p97 4 2 0
p98 5 7 1
p99 2 6 1
p100 1 10 1