100
p1 0 8 0
p1 10 3 1
p2 9 5 0
p3 10 9 0
p4 7 4 1
p5 8 4 1
p6 1 6 1
p7 10 2 0
p8 5 4 0
p9 7 7 0
p10 3 8 1
p11 3 9 1
p12 0 8 0
p13 7 9 0
p14 9 5 1
p15 7 9 0
p16 6 2 0
p17 4 6 1
p18 9 7 0
p19 10 7 1
p20 10 7 0
p21 4 3 0
p22 3 1 1
p23 10 1 1
p24 4 2 0
p25 9 1 0
p26 7 10 1
p27 3 5 0
p28 4 3 1
p29 6 6 1
p30 3 5 1
p31 7 9 1
p32 4 7 0
p33 3 9 0
p34 3 9 1
p35 10 5 0
p36 3 7 1
p37 0 5 1
p38 1 10 0
p39 7 8 1
p40 7 3 1
p41 0 6 1
p42 3 5 0
p43 0 5 0
p44 9 9 1
p45 8 8 1
p46 3 4 1
p47 9 5 1
p48 10 10 0
p49 1 7 0
p50 6 2 0
p51 9 5 0
p52 7 9 0
p53 0 3 1
p54 7 3 1
p55 0 7 0
p56 9 7 1
p57 4 3 1
p58 1 10 1
p59 4 9 1
p60 5 9 0
p61 5 4 0
p62 3 4 0
p63 8 5 0
p64 2 10 1
p65 8 4 1
p66 6 5 0
p67 7 9 0
p68 0 2 1
p69 5 5 1
p70 10 7 1
p71 0 1 0
p72 6 5 1
p73 9 3 1
p74 9 1 0
p75 3 9 1
p76 8 8 1
p77 10 7 1
p78 1 5 0
p79 6 2 1
p80 0 2 1
p81 0 10 1
p82 4 1 1
p83 5 7 1
p84 4 9 1
p85 6 10 0
p86 0 6 1
p87 4 7 1
p88 0 3 1
p89 9 7 0
p90 3 3 1
p91 6 3 1
p92 3 10 1
p93 4 7 1
p94 6 2 1
p95 0 1 0
p96 4 1 0
p97 2 5 0
p98 1 5 0
p99 10 1 0
p100 10 2 1