100
p1 0 2 1
p1 0 2 0
p2 1 3 1
p3 2 6 0
p4 3 2 0
p5 6 10 1
p6 3 1 1
p7 9 5 1
p8 3 1 1
p9 2 8 0
p10 4 5 0
p11 5 7 1
p12 4 6 1
p13 8 8 0
p14 0 2 1
p15 8 8 1
p16 5 2 1
p17 5 5 1
p18 1 9 0
p19 7 7 1
p20 7 5 1
p21 7 6 0
p22 9 2 1
p23 3 6 0
p24 7 5 1
p25 8 1 1
p26 6 9 0
p27 10 7 1
p28 5 7 1
p29 9 10 1
p30 10 7 1
p31 9 9 1
p32 1 7 0
p33 7 7 1
p34 5 2 0
p35 1 9 0
p36 7 7 0
p37 4 8 1
p38 2 7 1
p39 0 5 0
p40 10 3 0
p41 5 7 0
p42 7 10 1
p43 2 1 1
p44 7 9 0
p45 10 3 1
p46 9 6 1
p47 7 6 1
p48 10 8 1
p49 8 6 1
p50 8 4 0
p51 3 9 0
p52 10 9 1
p53 5 3 1
p54 2 1 0
p55 7 7 0
p56 3 3 0
p57 9 6 1
p58 8 5 0
p59 9 8 0
p60 9 4 1
p61 2 1 1
p62 2 9 1
p63 6 3 1
p64 3 5 0
p65 4 3 0
p66 1 2 1
p67 0 4 0
p68 3 6 0
p69 4 8 1
p70 0 2 1
p71 9 10 1
p72 5 10 1
p73 4 10 0
p74 6 3 0
p75 10 6 0
p76 4 3 1
p77 5 3 0
p78 8 7 1
p79 1 6 1
p80 5 7 0
p81 5 3 0
p82 2 6 1
p83 4 2 0
p84 6 4 0
p85 9 3 1
p86 9 9 0
p87 5 2 0
p88 6 9 0
p89 0 7 0
p90 4 2 0
p91 5 2 1
p92 4 3 0
p93 1 10 0
p94 5 1 1
p95 4 2 1
p96 2 7 0
p97 0 7 1
p98 9 6 0
p99 9 2 0
p100 3 1 1