100
p1 0 1 1
p1 0 10 1
p2 0 5 0
p3 5 1 1
p4 2 2 1
p5 0 9 1
p6 2 3 0
p7 10 1 0
p8 0 9 0
p9 1 3 0
p10 4 8 0
p11 1 6 0
p12 1 8 0
p13 0 8 0
p14 3 3 1
p15 9 7 1
p16 5 9 0
p17 2 10 0
p18 6 6 0
p19 8 3 0
p20 0 2 1
p21 5 1 0
p22 1 2 1
p23 8 10 1
p24 7 7 1
p25 5 3 1
p26 0 9 1
p27 5 5 1
p28 6 5 0
p29 3 3 1
p30 1 1 0
p31 0 5 0
p32 7 10 0
p33 0 10 1
p34 5 5 1
p35 2 8 1
p36 0 9 1
p37 2 10 1
p38 8 5 1
p39 3 2 1
p40 0 1 1
p41 5 3 0
p42 3 1 1
p43 10 7 0
p44 9 7 0
p45 7 3 0
p46 10 3 0
p47 4 1 0
p48 0 10 0
p49 2 2 0
p50 7 8 0
p51 2 1 1
p52 3 1 1
p53 0 10 1
p54 0 9 0
p55 2 6 0
p56 9 5 0
p57 3 6 1
p58 4 10 0
p59 9 5 1
p60 7 2 1
p61 3 5 1
p62 1 7 1
p63 8 1 1
p64 4 5 1
p65 2 5 0
p66 3 8 1
p67 7 3 0
p68 8 10 1
p69 8 7 1
p70 0 5 1
p71 2 5 1
p72 1 8 1
p73 6 10 1
p74 7 4 1
p75 0 10 0
p76 2 8 1
p77 0 5 1
p78 10 10 0
p79 6 4 0
p80 5 2 0
p81 9 10 0
p82 0 10 1
p83 0 4 1
p84 8 2 0
p85 2 2 0
p86 5 4 1
p87 3 3 1
p88 1 2 1
p89 8 6 0
p90 4 9 1
p91 3 6 1
p92 10 9 0
p93 2 6 1
p94 6 1 1
p95 6 7 0
p96 3 7 1
p97 0 2 1
p98 1 4 0
p99 5 2 1
p100 7 4 1