100
p1 0 2 1
p1 5 4 1
p2 0 3 1
p3 0 5 0
p4 6 9 0
p5 5 2 0
p6 9 6 0
p7 7 10 0
p8 8 4 0
p9 10 5 0
p10 6 8 0
p11 0 6 1
p12 2 8 1
p13 0 3 1
p14 6 2 0
p15 0 5 1
p16 2 8 0
p17 1 7 0
p18 0 2 1
p19 1 1 1
p20 10 4 0
p21 5 6 0
p22 6 5 1
p23 8 9 1
p24 0 9 1
p25 6 5 1
p26 4 2 0
p27 6 10 1
p28 10 3 0
p29 2 3 1
p30 1 1 0
p31 5 9 0
p32 1 10 0
p33 7 2 1
p34 4 6 1
p35 4 2 0
p36 6 3 1
p37 2 5 0
p38 9 8 1
p39 4 7 1
p40 5 5 1
p41 5 1 1
p42 3 2 0
p43 3 1 1
p44 2 6 1
p45 4 8 0
p46 1 3 1
p47 9 9 1
p48 1 1 0
p49 9 4 0
p50 7 10 0
p51 7 9 1
p52 3 1 0
p53 6 10 0
p54 4 4 0
p55 9 6 1
p56 1 9 0
p57 5 6 0
p58 6 7 0
p59 10 7 0
p60 1 10 1
p61 9 4 1
p62 8 9 0
p63 10 4 1
p64 8 2 1
p65 7 10 0
p66 0 6 0
p67 1 7 1
p68 10 5 1
p69 8 7 1
p70 5 4 0
p71 4 8 1
p72 3 2 1
p73 0 1 0
p74 0 4 0
p75 0 9 1
p76 8 5 0
p77 0 6 0
p78 8 8 0
p79 0 5 0
p80 3 10 0
p81 2 3 1
p82 6 3 0
p83 3 3 0
p84 8 2 1
p85 5 5 1
p86 5 7 0
p87 3 2 1
p88 4 1 0
p89 5 5 1
p90 0 10 0
p91 2 6 0
p92 10 8 0
p93 6 1 0
p94 4 4 0
p95 8 8 0
p96 5 2 0
p97 5 5 0
p98 6 1 0
p99 7 8 0
p100 6 3 1