100
p1 0 4 1
p1 1 10 1
p2 0 4 1
p3 0 7 1
p4 2 1 0
p5 7 10 1
p6 3 9 1
p7 4 3 1
p8 1 3 0
p9 9 5 0
p10 6 2 1
p11 1 1 0
p12 0 5 0
p13 3 1 0
p14 10 6 0
p15 3 5 0
p16 2 9 0
p17 9 2 0
p18 8 2 0
p19 4 1 0
p20 4 5 1
p21 6 6 1
p22 7 8 1
p23 10 8 1
p24 10 2 1
p25 0 10 1
p26 8 9 1
p27 7 2 0
p28 0 5 1
p29 0 3 1
p30 1 8 1
p31 4 1 0
p32 10 9 0
p33 2 6 1
p34 6 10 0
p35 6 4 1
p36 2 6 0
p37 6 4 1
p38 9 2 1
p39 3 4 1
p40 2 5 1
p41 5 8 1
p42 0 4 1
p43 7 5 1
p44 7 6 0
p45 0 2 1
p46 0 2 0
p47 6 3 1
p48 6 6 0
p49 8 7 1
p50 3 4 0
p51 7 2 1
p52 0 8 0
p53 2 1 0
p54 7 9 0
p55 6 1 1
p56 8 1 0
p57 6 7 0
p58 7 8 0
p59 2 1 0
p60 9 1 1
p61 10 4 0
p62 5 10 0
p63 8 2 0
p64 5 3 0
p65 5 4 0
p66 10 10 1
p67 0 6 1
p68 10 5 1
p69 9 10 1
p70 9 7 1
p71 7 1 0
p72 3 1 1
p73 3 10 1
p74 2 4 1
p75 7 10 1
p76 5 10 0
p77 8 6 0
p78 7 10 0
p79 7 1 0
p80 8 6 0
p81 0 8 0
p82 8 1 0
p83 1 4 0
p84 2 1 1
p85 3 6 1
p86 4 6 0
p87 5 6 1
p88 6 10 0
p89 10 3 0
p90 0 9 1
p91 2 4 1
p92 8 5 1
p93 10 2 1
p94 2 7 1
p95 2 4 1
p96 3 8 0
p97 2 1 1
p98 6 3 1
p99 8 4 1
p100 1 3 0