100
p1 0 9 0
p1 4 3 1
p2 10 7 0
p3 0 5 1
p4 4 1 0
p5 7 3 0
p6 8 6 1
p7 3 9 0
p8 3 7 1
p9 0 8 1
p10 10 7 1
p11 8 10 1
p12 2 8 1
p13 7 1 0
p14 8 1 0
p15 6 2 0
p16 10 1 1
p17 8 9 1
p18 7 1 1
p19 9 6 1
p20 0 9 1
p21 6 5 1
p22 4 6 0
p23 0 1 0
p24 8 5 0
p25 3 8 1
p26 10 8 1
p27 4 8 0
p28 9 6 0
p29 10 9 1
p30 4 9 0
p31 4 6 0
p32 0 2 1
p33 2 6 1
p34 1 1 1
p35 8 9 0
p36 9 2 0
p37 2 6 1
p38 1 9 1
p39 7 10 1
p40 3 6 0
p41 1 6 1
p42 3 6 1
p43 7 9 0
p44 9 3 0
p45 2 8 1
p46 5 8 0
p47 5 5 1
p48 8 9 1
p49 0 8 1
p50 6 1 0
p51 9 6 1
p52 0 1 1
p53 6 9 1
p54 5 4 1
p55 4 9 0
p56 3 6 1
p57 2 9 0
p58 7 7 0
p59 3 9 1
p60 8 2 0
p61 4 7 1
p62 7 7 0
p63 4 9 0
p64 10 8 0
p65 3 4 0
p66 10 5 1
p67 9 6 1
p68 10 2 1
p69 6 4 1
p70 9 10 0
p71 3 7 0
p72 0 10 1
p73 9 7 1
p74 6 4 0
p75 10 6 0
p76 10 10 0
p77 0 4 0
p78 7 8 1
p79 5 4 0
p80 4 8 0
p81 10 5 0
p82 6 6 1
p83 9 9 0
p84 8 7 1
p85 0 10 0
p86 8 8 1
p87 0 8 1
p88 1 6 0
p89 7 1 0
p90 9 3 1
p91 2 4 1
p92 3 10 1
p93 5 8 1
p94 3 10 1
p95 3 10 1
p96 10 4 0
p97 0 10 1
p98 10 3 0
p99 10 7 0
p100 3 7 1