100
p1 0 3 1
p1 5 10 0
p2 5 7 1
p3 5 7 1
p4 6 10 1
p5 6 4 0
p6 7 1 1
p7 10 10 1
p8 1 3 1
p9 8 8 1
p10 3 7 1
p11 4 10 0
p12 5 6 1
p13 5 1 1
p14 2 10 0
p15 3 9 1
p16 9 9 1
p17 5 10 0
p18 8 8 0
p19 2 4 1
p20 9 2 0
p21 8 1 1
p22 9 2 0
p23 10 3 0
p24 8 1 1
p25 1 3 1
p26 5 5 1
p27 10 8 1
p28 8 7 0
p29 10 3 1
p30 6 4 0
p31 2 7 0
p32 10 10 0
p33 4 8 0
p34 0 3 1
p35 0 3 1
p36 1 3 1
p37 7 2 0
p38 7 3 1
p39 9 5 1
p40 10 7 1
p41 2 8 1
p42 7 7 0
p43 9 9 1
p44 9 8 1
p45 1 9 0
p46 8 6 0
p47 2 4 1
p48 2 7 1
p49 2 2 0
p50 4 3 0
p51 3 3 1
p52 9 9 1
p53 7 7 0
p54 5 7 1
p55 1 5 1
p56 4 9 0
p57 0 7 1
p58 6 9 1
p59 1 10 1
p60 3 6 1
p61 5 2 1
p62 10 4 1
p63 3 3 1
p64 3 8 0
p65 8 1 0
p66 6 4 0
p67 8 3 0
p68 10 1 0
p69 6 7 1
p70 3 8 1
p71 0 2 0
p72 9 5 1
p73 4 3 1
p74 3 10 1
p75 2 7 1
p76 6 10 1
p77 7 10 1
p78 8 5 0
p79 9 9 0
p80 1 5 1
p81 10 10 0
p82 4 2 0
p83 6 4 1
p84 9 4 0
p85 9 7 0
p86 3 1 0
p87 7 3 1
p88 4 9 1
p89 5 8 1
p90 5 1 1
p91 1 4 0
p92 0 8 0
p93 5 7 1
p94 7 5 0
p95 6 3 1
p96 1 8 1
p97 6 8 1
p98 9 7 1
p99 7 3 1
p100 3 6 1