100
p1 0 7 1
p1 8 7 0
p2 8 1 1
p3 6 6 1
p4 3 2 0
p5 6 1 1
p6 2 1 0
p7 3 10 0
p8 4 6 1
p9 5 3 1
p10 1 3 0
p11 0 8 0
p12 6 1 0
p13 1 6 1
p14 8 3 0
p15 9 7 0
p16 1 9 0
p17 8 3 0
p18 10 10 1
p19 9 6 0
p20 8 5 0
p21 7 3 1
p22 1 6 1
p23 1 5 0
p24 7 6 1
p25 1 5 1
p26 4 9 1
p27 4 8 0
p28 7 3 1
p29 3 9 0
p30 4 3 1
p31 1 5 1
p32 7 9 0
p33 2 1 1
p34 7 3 0
p35 7 1 0
p36 4 3 0
p37 3 2 1
p38 6 9 1
p39 1 10 0
p40 8 6 0
p41 5 1 1
p42 10 4 1
p43 8 1 0
p44 0 3 0
p45 5 7 0
p46 8 7 0
p47 2 6 0
p48 1 1 0
p49 6 1 1
p50 5 1 1
p51 0 9 1
p52 3 6 0
p53 9 5 1
p54 0 8 1
p55 0 4 1
p56 3 5 1
p57 7 6 0
p58 1 4 0
p59 8 6 0
p60 6 10 1
p61 5 9 1
p62 0 8 0
p63 1 7 0
p64 9 8 1
p65 6 5 1
p66 10 6 1
p67 5 6 0
p68 3 5 1
p69 10 7 1
p70 1 9 0
p71 10 7 0
p72 7 5 0
p73 9 3 0
p74 5 6 0
p75 3 4 0
p76 8 9 0
p77 4 4 1
p78 4 6 1
p79 8 6 0
p80 1 2 0
p81 6 8 0
p82 3 2 0
p83 5 9 0
p84 8 4 1
p85 0 6 0
p86 3 10 1
p87 4 8 0
p88 4 1 1
p89 0 9 0
p90 10 10 0
p91 9 5 1
p92 10 7 0
p93 10 9 0
p94 5 2 1
p95 7 6 1
p96 4 5 0
p97 3 4 1
p98 7 10 1
p99 1 8 1
p100 0 3 0