100
p1 0 6 1
p1 8 2 0
p2 1 4 0
p3 9 6 1
p4 2 3 1
p5 2 6 0
p6 8 3 0
p7 10 1 1
p8 6 7 0
p9 1 5 1
p10 5 1 0
p11 8 5 1
p12 8 4 0
p13 7 10 0
p14 7 2 0
p15 3 7 1
p16 4 3 1
p17 2 7 1
p18 8 5 1
p19 0 3 1
p20 0 4 1
p21 6 3 1
p22 9 5 1
p23 2 2 0
p24 10 8 1
p25 8 9 1
p26 4 1 1
p27 9 4 1
p28 8 3 0
p29 3 1 0
p30 4 1 0
p31 8 2 0
p32 7 5 0
p33 8 4 1
p34 7 7 0
p35 8 4 1
p36 9 6 1
p37 9 5 0
p38 5 1 1
p39 1 2 1
p40 2 4 1
p41 6 7 1
p42 2 8 1
p43 0 10 0
p44 3 3 0
p45 7 9 1
p46 6 6 0
p47 0 7 0
p48 3 10 0
p49 2 8 1
p50 7 7 0
p51 5 2 0
p52 5 3 0
p53 10 7 1
p54 6 4 1
p55 8 3 1
p56 2 6 1
p57 3 1 1
p58 5 3 0
p59 3 6 0
p60 2 4 0
p61 2 6 0
p62 3 4 0
p63 7 4 0
p64 0 9 1
p65 0 5 0
p66 4 9 1
p67 10 4 1
p68 7 8 0
p69 4 3 1
p70 6 6 1
p71 4 8 0
p72 10 2 1
p73 6 6 0
p74 1 3 1
p75 9 4 1
p76 4 9 1
p77 10 4 0
p78 10 9 0
p79 2 5 0
p80 10 8 1
p81 0 8 0
p82 6 8 1
p83 10 3 0
p84 3 6 1
p85 9 2 0
p86 5 9 0
p87 1 10 0
p88 1 9 0
p89 8 6 0
p90 1 3 0
p91 5 8 1
p92 10 10 1
p93 8 1 1
p94 4 4 0
p95 7 3 1
p96 8 6 1
p97 10 7 1
p98 1 1 1
p99 8 4 1
p100 3 10 1