100
p1 0 8 1
p1 5 1 1
p2 7 1 1
p3 7 6 0
p4 6 3 0
p5 8 4 1
p6 1 6 1
p7 8 9 1
p8 10 4 1
p9 6 4 1
p10 4 1 1
p11 2 6 1
p12 9 4 1
p13 4 7 1
p14 6 10 1
p15 10 9 0
p16 7 3 1
p17 4 1 1
p18 0 3 1
p19 8 8 0
p20 0 7 1
p21 3 6 0
p22 3 1 1
p23 5 6 1
p24 6 3 0
p25 0 5 0
p26 0 7 0
p27 1 9 0
p28 9 1 0
p29 1 9 0
p30 1 3 0
p31 4 1 1
p32 1 1 0
p33 3 7 1
p34 0 3 0
p35 9 5 0
p36 3 2 0
p37 7 5 0
p38 5 2 1
p39 1 7 1
p40 8 9 1
p41 4 6 0
p42 10 5 0
p43 4 1 0
p44 1 10 1
p45 2 9 1
p46 9 2 0
p47 3 7 1
p48 10 8 0
p49 7 8 0
p50 2 3 1
p51 4 5 0
p52 6 7 1
p53 0 2 1
p54 2 3 1
p55 6 8 1
p56 0 7 1
p57 8 3 1
p58 6 3 1
p59 5 6 0
p60 5 4 0
p61 6 10 1
p62 10 6 1
p63 6 3 0
p64 10 10 1
p65 4 10 0
p66 10 7 1
p67 6 6 1
p68 1 1 1
p69 8 3 0
p70 7 2 1
p71 4 6 1
p72 2 3 0
p73 0 4 0
p74 5 3 1
p75 2 7 0
p76 2 9 0
p77 6 7 0
p78 0 3 0
p79 9 10 0
p80 3 9 0
p81 9 3 1
p82 2 5 1
p83 3 7 1
p84 3 9 1
p85 9 4 0
p86 5 9 0
p87 4 6 0
p88 10 5 1
p89 9 10 0
p90 7 6 1
p91 6 8 1
p92 1 7 1
p93 4 7 1
p94 9 1 1
p95 0 2 0
p96 8 10 1
p97 2 9 0
p98 4 3 0
p99 1 8 1
p100 10 3 1