100
p1 0 9 1
p1 8 7 0
p2 2 3 1
p3 9 3 0
p4 2 9 0
p5 4 5 0
p6 4 10 0
p7 6 8 0
p8 6 9 1
p9 7 2 1
p10 3 4 1
p11 3 4 1
p12 3 4 1
p13 2 4 0
p14 3 6 0
p15 7 7 0
p16 4 1 0
p17 10 4 1
p18 2 5 1
p19 0 7 1
p20 7 1 0
p21 3 2 0
p22 7 6 1
p23 10 4 0
p24 3 7 1
p25 10 7 0
p26 10 10 0
p27 0 1 1
p28 3 8 1
p29 9 8 1
p30 9 4 1
p31 8 6 1
p32 9 10 0
p33 4 2 1
p34 9 3 0
p35 6 5 0
p36 0 10 1
p37 2 2 1
p38 10 6 0
p39 6 4 0
p40 10 6 1
p41 1 7 0
p42 3 4 0
p43 6 8 1
p44 5 2 1
p45 7 4 0
p46 10 9 1
p47 5 5 0
p48 9 9 0
p49 8 8 1
p50 4 8 0
p51 0 10 1
p52 6 7 0
p53 6 5 0
p54 10 6 1
p55 0 1 0
p56 7 8 1
p57 9 5 1
p58 2 6 1
p59 3 7 0
p60 6 6 0
p61 1 8 1
p62 6 4 0
p63 4 1 0
p64 0 8 1
p65 3 1 1
p66 7 2 0
p67 10 4 1
p68 7 7 0
p69 1 9 0
p70 4 3 1
p71 10 5 0
p72 9 4 1
p73 3 3 1
p74 7 9 1
p75 6 6 1
p76 5 5 1
p77 4 8 0
p78 5 10 0
p79 7 9 1
p80 7 5 1
p81 5 7 1
p82 5 7 0
p83 7 6 0
p84 10 4 0
p85 8 6 1
p86 10 2 0
p87 4 2 1
p88 8 9 0
p89 10 4 0
p90 0 1 1
p91 10 7 1
p92 8 1 1
p93 5 6 1
p94 8 5 0
p95 5 9 1
p96 10 7 0
p97 3 1 1
p98 6 8 1
p99 6 4 0
p100 9 8 0