100
p1 0 2 1
p1 5 10 1
p2 2 3 0
p3 3 6 1
p4 3 3 0
p5 10 2 1
p6 3 8 1
p7 10 9 1
p8 7 3 1
p9 7 4 0
p10 2 4 1
p11 2 10 1
p12 4 10 1
p13 8 8 1
p14 1 10 1
p15 5 2 0
p16 6 4 1
p17 9 8 0
p18 8 7 0
p19 7 8 1
p20 5 10 0
p21 9 4 1
p22 4 6 0
p23 8 5 1
p24 8 10 0
p25 6 6 1
p26 0 8 1
p27 8 3 0
p28 10 9 0
p29 6 8 1
p30 5 4 0
p31 7 9 1
p32 6 3 1
p33 2 10 1
p34 9 7 0
p35 8 8 0
p36 9 4 1
p37 1 2 1
p38 6 3 1
p39 9 1 0
p40 4 6 1
p41 4 3 1
p42 2 6 1
p43 10 10 1
p44 2 7 1
p45 1 2 0
p46 0 1 0
p47 7 7 1
p48 3 5 1
p49 9 5 1
p50 7 4 0
p51 3 2 1
p52 6 9 0
p53 7 7 1
p54 1 10 1
p55 0 7 1
p56 9 5 1
p57 1 1 0
p58 9 7 0
p59 6 3 1
p60 0 6 0
p61 3 3 1
p62 4 7 1
p63 7 4 1
p64 0 5 0
p65 3 8 1
p66 3 8 1
p67 5 4 1
p68 2 3 1
p69 5 4 0
p70 0 2 1
p71 2 6 1
p72 2 10 1
p73 2 10 1
p74 8 5 1
p75 0 2 0
p76 1 6 0
p77 0 6 1
p78 1 9 0
p79 8 1 1
p80 6 2 0
p81 4 4 1
p82 2 7 0
p83 6 3 1
p84 0 9 0
p85 6 8 1
p86 2 1 1
p87 9 6 0
p88 0 6 0
p89 0 3 1
p90 10 5 0
p91 10 8 1
p92 1 2 1
p93 0 4 0
p94 1 1 0
p95 2 5 1
p96 8 6 0
p97 8 2 1
p98 6 10 0
p99 6 8 0
p100 8 5 0