100
p1 0 1 1
p1 6 6 1
p2 10 4 0
p3 2 10 1
p4 4 8 0
p5 0 1 0
p6 10 3 1
p7 10 3 0
p8 0 3 0
p9 8 4 1
p10 9 1 1
p11 1 3 0
p12 6 1 1
p13 1 3 0
p14 5 3 1
p15 8 4 1
p16 3 7 1
p17 2 10 0
p18 0 2 0
p19 10 4 0
p20 8 8 0
p21 6 8 0
p22 0 7 1
p23 6 6 1
p24 1 4 1
p25 4 4 0
p26 10 4 0
p27 3 2 0
p28 2 2 1
p29 9 10 0
p30 8 7 1
p31 2 5 0
p32 6 1 0
p33 7 9 1
p34 5 7 0
p35 4 4 1
p36 2 1 1
p37 10 8 0
p38 2 2 0
p39 1 5 1
p40 0 10 0
p41 10 9 0
p42 8 5 1
p43 9 9 1
p44 5 3 1
p45 10 1 0
p46 10 8 1
p47 9 9 0
p48 7 4 1
p49 5 8 0
p50 9 4 1
p51 6 9 0
p52 0 3 0
p53 3 2 0
p54 8 4 0
p55 3 10 1
p56 2 4 0
p57 5 1 0
p58 10 3 1
p59 10 2 0
p60 2 7 1
p61 3 6 1
p62 7 6 0
p63 6 8 1
p64 7 8 0
p65 4 6 1
p66 0 5 1
p67 5 7 1
p68 7 1 1
p69 4 9 1
p70 10 4 1
p71 1 7 1
p72 5 6 0
p73 7 9 1
p74 7 1 0
p75 6 7 0
p76 4 10 0
p77 10 5 1
p78 9 4 1
p79 1 10 1
p80 8 4 1
p81 8 5 1
p82 6 7 1
p83 2 2 1
p84 0 3 1
p85 5 3 1
p86 9 2 0
p87 3 6 0
p88 2 3 1
p89 1 10 0
p90 1 8 1
p91 1 2 1
p92 2 2 0
p93 3 5 1
p94 8 7 1
p95 10 7 1
p96 6 2 0
p97 1 9 1
p98 4 7 0
p99 3 4 1
p100 8 3 1