100
p1 0 5 1
p1 1 4 1
p2 7 10 1
p3 8 4 0
p4 3 1 0
p5 1 10 1
p6 5 9 0
p7 6 5 0
p8 1 4 1
p9 7 4 1
p10 0 9 1
p11 0 2 1
p12 5 2 0
p13 2 10 1
p14 9 1 1
p15 2 9 0
p16 10 1 0
p17 8 4 0
p18 4 9 0
p19 3 4 1
p20 8 5 0
p21 3 6 1
p22 8 9 0
p23 3 8 1
p24 1 10 1
p25 4 5 0
p26 7 8 0
p27 0 8 0
p28 3 9 0
p29 3 5 1
p30 6 1 0
p31 6 10 1
p32 3 2 1
p33 4 4 0
p34 2 9 0
p35 6 1 0
p36 1 7 1
p37 3 8 1
p38 6 8 1
p39 1 1 0
p40 4 4 0
p41 3 5 1
p42 9 7 0
p43 6 9 1
p44 4 2 1
p45 1 9 1
p46 1 5 1
p47 9 8 1
p48 0 7 0
p49 0 4 0
p50 9 3 0
p51 3 9 0
p52 5 7 1
p53 10 8 1
p54 8 9 1
p55 2 1 1
p56 3 1 1
p57 9 6 1
p58 8 7 1
p59 3 9 1
p60 5 1 1
p61 1 1 1
p62 6 8 1
p63 2 9 0
p64 0 5 1
p65 5 8 1
p66 7 6 1
p67 7 7 0
p68 0 10 0
p69 8 2 0
p70 9 5 0
p71 8 6 0
p72 6 8 1
p73 1 10 1
p74 8 2 1
p75 9 3 0
p76 3 1 1
p77 0 5 0
p78 1 1 1
p79 10 9 0
p80 7 2 1
p81 10 4 0
p82 0 4 1
p83 0 9 1
p84 9 8 0
p85 2 7 1
p86 1 10 1
p87 9 7 1
p88 2 4 0
p89 1 7 0
p90 6 5 0
p91 1 10 1
p92 5 3 0
p93 4 9 0
p94 10 3 0
p95 8 5 0
p96 4 7 1
p97 3 2 1
p98 0 8 0
p99 8 4 1
p100 9 7 1