100
p1 0 8 0
p1 4 2 0
p2 4 1 1
p3 10 2 1
p4 7 6 0
p5 7 8 1
p6 0 5 0
p7 10 3 0
p8 1 9 1
p9 1 3 1
p10 2 5 1
p11 6 2 0
p12 10 9 0
p13 9 7 1
p14 6 10 0
p15 1 7 1
p16 4 8 1
p17 8 3 0
p18 3 2 0
p19 1 8 0
p20 9 9 0
p21 4 3 0
p22 0 5 0
p23 0 4 1
p24 3 9 0
p25 4 8 0
p26 9 9 1
p27 2 4 1
p28 7 1 0
p29 8 2 1
p30 2 6 0
p31 5 7 0
p32 7 6 0
p33 1 1 1
p34 7 5 0
p35 10 5 1
p36 8 8 1
p37 7 7 0
p38 9 10 1
p39 2 5 0
p40 7 3 1
p41 6 3 1
p42 3 7 0
p43 6 1 0
p44 5 9 0
p45 1 4 0
p46 6 4 1
p47 4 1 0
p48 10 5 1
p49 7 8 0
p50 5 1 0
p51 0 3 0
p52 5 4 0
p53 9 2 0
p54 1 10 0
p55 4 6 0
p56 0 4 1
p57 6 9 1
p58 3 4 1
p59 5 3 1
p60 10 5 1
p61 7 1 1
p62 10 3 0
p63 4 10 0
p64 2 10 1
p65 6 1 1
p66 8 7 0
p67 3 5 0
p68 9 5 1
p69 1 7 1
p70 0 4 0
p71 5 2 0
p72 7 1 0
p73 0 3 1
p74 2 3 1
p75 1 5 1
p76 1 10 1
p77 4 3 0
p78 3 6 0
p79 7 4 0
p80 2 3 0
p81 6 7 1
p82 4 6 1
p83 4 8 1
p84 3 4 1
p85 2 2 0
p86 7 8 1
p87 4 1 1
p88 0 5 0
p89 3 5 1
p90 2 5 1
p91 2 10 1
p92 7 2 1
p93 7 10 0
p94 4 7 0
p95 0 2 1
p96 10 5 0
p97 9 6 0
p98 3 1 1
p99 7 5 1
p100 4 5 1