100
p1 0 6 1
p1 3 3 1
p2 10 8 0
p3 5 4 0
p4 5 3 0
p5 0 4 0
p6 5 2 1
p7 6 1 1
p8 4 5 0
p9 7 2 1
p10 9 6 0
p11 8 1 0
p12 0 2 1
p13 10 1 1
p14 1 9 1
p15 3 1 1
p16 1 5 0
p17 1 1 1
p18 9 3 1
p19 9 6 1
p20 8 1 0
p21 5 8 0
p22 5 1 1
p23 3 9 0
p24 9 10 0
p25 7 10 0
p26 8 9 1
p27 1 3 1
p28 4 6 0
p29 6 3 1
p30 2 9 1
p31 0 2 1
p32 1 3 1
p33 6 9 1
p34 6 9 0
p35 5 2 0
p36 5 6 0
p37 10 2 1
p38 0 4 0
p39 0 5 1
p40 7 9 1
p41 6 1 0
p42 4 5 0
p43 3 3 1
p44 1 5 1
p45 9 3 0
p46 10 10 1
p47 3 5 0
p48 8 6 1
p49 1 5 1
p50 1 7 1
p51 7 5 1
p52 10 5 0
p53 2 1 0
p54 0 2 1
p55 10 9 1
p56 8 9 0
p57 0 3 1
p58 7 4 0
p59 4 5 1
p60 2 4 1
p61 5 8 1
p62 2 10 0
p63 5 5 0
p64 5 9 1
p65 9 6 1
p66 9 3 1
p67 1 9 1
p68 3 4 0
p69 2 2 1
p70 10 7 0
p71 8 8 1
p72 10 7 0
p73 2 9 1
p74 9 6 1
p75 6 6 1
p76 5 2 1
p77 4 10 0
p78 6 1 1
p79 2 8 0
p80 8 1 0
p81 1 5 0
p82 10 4 0
p83 2 6 0
p84 9 1 0
p85 7 4 1
p86 5 10 0
p87 0 9 1
p88 2 6 1
p89 8 2 1
p90 7 4 1
p91 1 7 1
p92 5 6 0
p93 10 4 1
p94 0 7 0
p95 10 4 1
p96 3 9 0
p97 3 2 0
p98 3 7 0
p99 10 9 1
p100 3 3 0