100
p1 0 7 0
p1 2 1 1
p2 5 10 0
p3 0 5 1
p4 10 1 1
p5 2 2 1
p6 8 10 0
p7 0 1 1
p8 9 8 1
p9 2 3 1
p10 7 6 1
p11 4 7 0
p12 10 1 1
p13 7 3 1
p14 8 2 0
p15 0 10 1
p16 1 2 0
p17 3 6 0
p18 4 6 1
p19 0 2 0
p20 2 2 1
p21 5 10 1
p22 8 1 0
p23 2 4 0
p24 6 3 1
p25 2 6 0
p26 3 3 0
p27 8 6 1
p28 2 6 0
p29 1 5 0
p30 6 2 1
p31 0 1 1
p32 8 1 1
p33 0 5 1
p34 0 8 1
p35 4 3 0
p36 4 1 0
p37 6 3 1
p38 8 1 0
p39 0 2 1
p40 3 4 0
p41 2 9 0
p42 0 5 1
p43 5 2 1
p44 5 4 0
p45 3 4 0
p46 8 9 0
p47 3 9 0
p48 7 5 0
p49 4 3 1
p50 4 1 0
p51 3 4 0
p52 1 3 1
p53 1 7 0
p54 8 10 1
p55 2 8 1
p56 7 6 1
p57 2 5 1
p58 2 6 1
p59 2 9 1
p60 10 3 1
p61 1 9 1
p62 4 8 1
p63 9 4 1
p64 10 7 0
p65 10 10 1
p66 8 1 0
p67 9 4 1
p68 8 1 0
p69 2 8 0
p70 9 3 0
p71 3 6 0
p72 5 5 0
p73 3 8 1
p74 0 6 0
p75 3 2 1
p76 0 5 0
p77 8 9 1
p78 9 7 0
p79 1 2 1
p80 4 6 1
p81 2 2 0
p82 10 3 1
p83 2 3 0
p84 5 6 1
p85 0 5 1
p86 4 7 1
p87 8 8 0
p88 1 5 0
p89 8 5 1
p90 7 6 0
p91 7 10 0
p92 7 8 0
p93 1 8 1
p94 6 5 0
p95 10 7 1
p96 0 4 1
p97 4 5 0
p98 10 7 1
p99 3 4 1
p100 3 10 0