100
p1 0 4 0
p1 0 7 1
p2 0 5 0
p3 9 4 1
p4 8 5 1
p5 5 2 1
p6 6 10 1
p7 8 8 1
p8 2 7 1
p9 6 3 0
p10 2 1 0
p11 0 4 0
p12 10 8 0
p13 7 2 1
p14 8 6 1
p15 9 3 0
p16 9 5 1
p17 8 2 1
p18 10 3 1
p19 9 1 1
p20 9 4 1
p21 0 10 1
p22 5 7 0
p23 9 6 0
p24 0 1 1
p25 1 10 1
p26 4 8 1
p27 6 5 1
p28 9 1 1
p29 5 1 1
p30 3 8 1
p31 10 8 0
p32 2 1 0
p33 1 9 1
p34 4 9 0
p35 9 9 1
p36 8 6 0
p37 9 10 0
p38 6 1 0
p39 0 3 1
p40 10 3 0
p41 4 3 1
p42 2 5 1
p43 3 8 0
p44 2 5 0
p45 6 3 0
p46 3 3 1
p47 0 4 0
p48 3 8 0
p49 2 7 1
p50 3 3 1
p51 6 3 1
p52 10 2 0
p53 6 2 1
p54 3 7 0
p55 1 6 0
p56 0 2 0
p57 5 10 1
p58 7 10 0
p59 6 8 0
p60 5 2 1
p61 9 3 1
p62 3 6 0
p63 9 1 1
p64 6 7 1
p65 10 4 0
p66 4 9 1
p67 0 1 0
p68 1 10 1
p69 4 8 1
p70 5 4 0
p71 9 4 0
p72 3 2 0
p73 1 9 0
p74 5 10 0
p75 6 5 1
p76 8 1 1
p77 1 1 0
p78 5 8 1
p79 5 8 0
p80 7 1 0
p81 6 8 1
p82 8 3 0
p83 7 6 1
p84 2 10 0
p85 2 2 1
p86 7 9 1
p87 8 1 1
p88 5 7 0
p89 5 7 0
p90 5 2 0
p91 9 5 1
p92 2 5 1
p93 0 2 0
p94 9 8 0
p95 4 8 1
p96 1 3 1
p97 8 6 1
p98 10 5 0
p99 9 6 0
p100 6 1 0