100
p1 0 10 1
p1 4 8 1
p2 10 1 1
p3 6 7 0
p4 10 5 1
p5 7 1 1
p6 10 4 1
p7 1 10 0
p8 9 6 1
p9 8 6 0
p10 7 7 1
p11 8 4 0
p12 6 10 0
p13 9 6 1
p14 4 8 1
p15 6 6 0
p16 4 8 1
p17 3 4 0
p18 8 3 1
p19 10 8 0
p20 5 6 0
p21 4 10 0
p22 9 10 1
p23 6 3 1
p24 10 2 0
p25 9 1 1
p26 4 2 1
p27 3 3 0
p28 0 1 0
p29 6 5 0
p30 0 1 1
p31 7 6 0
p32 8 6 1
p33 4 6 1
p34 7 9 1
p35 9 3 1
p36 1 8 0
p37 5 9 0
p38 0 5 1
p39 4 1 1
p40 6 4 0
p41 10 1 1
p42 2 6 0
p43 1 8 1
p44 10 8 1
p45 2 1 0
p46 3 4 1
p47 5 8 1
p48 1 3 1
p49 1 4 0
p50 0 9 1
p51 4 1 1
p52 4 5 0
p53 9 7 1
p54 1 5 0
p55 1 5 1
p56 4 5 0
p57 8 5 0
p58 8 5 0
p59 10 1 1
p60 4 6 1
p61 0 5 1
p62 7 1 1
p63 7 10 0
p64 6 1 0
p65 0 1 0
p66 6 3 0
p67 3 6 0
p68 8 8 1
p69 8 8 1
p70 9 6 0
p71 0 5 0
p72 8 7 0
p73 8 5 0
p74 0 1 0
p75 6 1 0
p76 4 6 0
p77 10 5 1
p78 1 5 0
p79 4 6 0
p80 7 7 1
p81 8 4 0
p82 9 1 0
p83 4 1 1
p84 1 1 1
p85 9 9 1
p86 7 7 0
p87 8 2 0
p88 9 10 0
p89 7 6 0
p90 7 8 0
p91 6 5 1
p92 10 3 1
p93 4 9 1
p94 5 7 1
p95 8 5 1
p96 0 7 0
p97 7 5 1
p98 0 2 0
p99 4 9 0
p100 9 5 1