100
p1 0 4 1
p1 6 2 1
p2 4 5 0
p3 10 4 1
p4 1 8 0
p5 1 10 1
p6 9 2 0
p7 1 6 0
p8 9 1 0
p9 5 8 1
p10 1 4 0
p11 8 9 1
p12 0 3 0
p13 8 3 1
p14 0 8 1
p15 8 3 0
p16 5 4 1
p17 0 7 0
p18 4 8 1
p19 9 4 0
p20 4 6 1
p21 0 2 1
p22 1 2 0
p23 6 2 0
p24 10 7 1
p25 3 1 1
p26 10 8 0
p27 4 1 1
p28 8 5 0
p29 6 8 0
p30 5 5 1
p31 5 3 0
p32 3 1 0
p33 0 6 1
p34 4 3 0
p35 5 9 0
p36 2 5 1
p37 4 5 1
p38 0 5 0
p39 8 4 1
p40 1 9 1
p41 2 7 0
p42 5 9 0
p43 2 3 1
p44 6 6 0
p45 7 2 0
p46 2 5 1
p47 7 3 1
p48 8 8 1
p49 8 2 0
p50 8 9 0
p51 6 2 0
p52 7 9 1
p53 8 6 1
p54 3 10 0
p55 1 7 1
p56 3 9 0
p57 0 3 0
p58 1 8 0
p59 7 5 1
p60 7 7 1
p61 8 6 0
p62 1 10 0
p63 3 3 1
p64 10 10 1
p65 6 7 1
p66 3 1 1
p67 5 9 1
p68 5 7 0
p69 2 9 0
p70 3 10 0
p71 9 6 0
p72 0 7 1
p73 1 1 1
p74 3 5 1
p75 0 1 1
p76 9 10 1
p77 8 4 0
p78 6 10 0
p79 9 10 0
p80 1 3 1
p81 1 1 1
p82 2 4 1
p83 2 2 0
p84 6 3 0
p85 7 3 0
p86 2 4 1
p87 7 2 0
p88 10 4 1
p89 9 3 0
p90 2 6 0
p91 7 1 1
p92 7 5 0
p93 1 3 1
p94 6 5 1
p95 8 6 1
p96 9 9 0
p97 4 3 0
p98 6 7 1
p99 7 9 1
p100 0 9 0