100
p1 0 8 1
p1 3 8 1
p2 10 4 1
p3 0 10 1
p4 9 4 1
p5 5 9 1
p6 5 3 1
p7 9 9 1
p8 5 10 1
p9 10 1 1
p10 0 6 1
p11 4 8 0
p12 0 9 0
p13 5 5 1
p14 2 10 0
p15 3 5 0
p16 7 2 1
p17 4 6 1
p18 10 9 0
p19 10 1 1
p20 5 4 0
p21 9 9 1
p22 5 2 1
p23 3 2 1
p24 9 5 1
p25 10 10 1
p26 3 1 0
p27 4 2 1
p28 5 1 1
p29 2 8 0
p30 9 2 1
p31 4 7 1
p32 1 4 0
p33 8 8 1
p34 1 1 0
p35 4 4 1
p36 7 8 1
p37 4 5 0
p38 3 4 1
p39 6 5 0
p40 5 1 1
p41 9 5 1
p42 1 8 0
p43 0 9 1
p44 4 2 1
p45 10 7 1
p46 2 4 0
p47 5 8 1
p48 5 2 0
p49 7 2 0
p50 2 1 0
p51 4 2 0
p52 0 6 1
p53 2 6 0
p54 4 6 1
p55 4 8 1
p56 10 5 0
p57 3 10 0
p58 1 1 1
p59 4 3 0
p60 5 3 1
p61 4 4 0
p62 1 8 1
p63 6 4 0
p64 8 8 0
p65 4 2 1
p66 1 8 0
p67 1 5 1
p68 10 9 1
p69 9 3 1
p70 1 5 1
p71 4 5 0
p72 5 7 1
p73 3 9 0
p74 10 10 0
p75 7 1 1
p76 2 1 0
p77 9 1 1
p78 7 6 1
p79 3 2 0
p80 2 4 0
p81 6 4 1
p82 8 3 1
p83 8 8 1
p84 3 3 1
p85 2 8 1
p86 4 10 1
p87 8 5 1
p88 5 10 0
p89 9 1 1
p90 8 6 1
p91 7 3 0
p92 0 3 0
p93 6 7 1
p94 8 7 1
p95 3 3 0
p96 8 6 0
p97 9 3 0
p98 10 10 1
p99 5 6 1
p100 7 2 1