100
p1 0 10 0
p1 9 8 0
p2 2 2 1
p3 4 9 1
p4 8 4 0
p5 2 7 1
p6 5 5 0
p7 2 4 0
p8 2 2 1
p9 10 3 1
p10 5 2 0
p11 9 6 1
p12 2 10 0
p13 3 10 1
p14 0 4 0
p15 1 8 1
p16 3 4 1
p17 8 2 0
p18 7 8 1
p19 0 7 0
p20 9 9 1
p21 5 5 0
p22 5 1 1
p23 1 6 1
p24 8 7 0
p25 3 3 0
p26 0 1 1
p27 4 10 0
p28 8 8 1
p29 7 7 1
p30 1 9 1
p31 4 5 1
p32 1 1 1
p33 3 9 1
p34 0 10 1
p35 4 9 1
p36 10 10 1
p37 4 2 1
p38 8 6 0
p39 2 4 1
p40 5 2 1
p41 0 1 0
p42 5 8 0
p43 0 3 0
p44 7 6 1
p45 5 4 1
p46 6 2 0
p47 2 7 1
p48 9 1 1
p49 3 10 0
p50 5 2 0
p51 9 10 0
p52 10 4 0
p53 3 5 0
p54 9 3 1
p55 3 10 1
p56 10 2 0
p57 8 10 1
p58 10 3 1
p59 2 1 0
p60 0 1 1
p61 4 5 1
p62 7 5 0
p63 0 3 0
p64 6 1 0
p65 2 6 1
p66 4 1 0
p67 5 2 0
p68 1 4 0
p69 7 2 0
p70 5 8 1
p71 10 10 1
p72 10 6 0
p73 0 9 0
p74 9 5 1
p75 2 7 0
p76 6 4 0
p77 3 10 1
p78 5 4 1
p79 8 6 0
p80 5 5 1
p81 8 6 0
p82 8 10 1
p83 1 8 1
p84 10 6 0
p85 1 8 0
p86 6 3 0
p87 5 5 1
p88 2 10 0
p89 10 2 1
p90 4 5 0
p91 6 8 1
p92 9 7 1
p93 5 8 0
p94 0 2 0
p95 4 2 1
p96 10 5 0
p97 10 3 0
p98 9 6 1
p99 5 10 1
p100 4 6 1