100
p1 0 2 1
p1 4 2 0
p2 1 7 0
p3 0 8 0
p4 8 8 0
p5 4 8 0
p6 5 2 1
p7 0 10 1
p8 4 1 0
p9 1 8 0
p10 0 9 0
p11 8 7 1
p12 1 9 1
p13 6 3 0
p14 10 3 1
p15 10 8 1
p16 1 6 0
p17 8 5 0
p18 9 4 0
p19 10 8 0
p20 2 6 0
p21 8 8 1
p22 10 9 1
p23 7 5 1
p24 9 10 0
p25 0 6 1
p26 6 9 0
p27 1 5 0
p28 1 2 1
p29 10 1 1
p30 9 5 0
p31 2 5 1
p32 1 6 1
p33 4 3 0
p34 2 2 1
p35 2 6 0
p36 6 8 0
p37 9 6 0
p38 9 6 1
p39 6 2 0
p40 3 3 0
p41 0 8 1
p42 6 2 0
p43 6 3 0
p44 8 5 1
p45 2 6 1
p46 4 10 0
p47 7 4 1
p48 8 3 0
p49 1 10 1
p50 5 7 1
p51 2 7 0
p52 8 10 1
p53 0 4 1
p54 7 5 0
p55 1 4 1
p56 6 8 0
p57 4 7 1
p58 7 6 0
p59 3 4 1
p60 5 5 1
p61 6 4 1
p62 1 8 0
p63 0 4 0
p64 3 1 0
p65 6 4 1
p66 4 9 1
p67 7 3 1
p68 9 3 0
p69 9 4 1
p70 2 10 1
p71 10 3 0
p72 10 3 1
p73 10 1 1
p74 2 8 1
p75 4 1 0
p76 7 7 1
p77 3 3 1
p78 10 8 1
p79 3 2 0
p80 4 6 1
p81 6 6 0
p82 0 4 0
p83 3 4 0
p84 6 4 1
p85 5 6 1
p86 9 7 1
p87 4 6 1
p88 3 7 1
p89 1 1 0
p90 2 6 1
p91 9 8 1
p92 5 5 0
p93 2 2 1
p94 2 3 0
p95 2 2 1
p96 1 10 1
p97 10 8 0
p98 3 8 1
p99 8 7 1
p100 6 6 0