100
p1 0 6 0
p1 1 6 1
p2 5 1 1
p3 0 3 1
p4 9 1 1
p5 10 10 0
p6 8 9 1
p7 7 7 1
p8 5 10 1
p9 6 2 1
p10 9 7 1
p11 10 2 0
p12 9 10 0
p13 0 7 0
p14 9 1 1
p15 5 5 0
p16 2 6 0
p17 7 3 1
p18 2 4 0
p19 5 1 1
p20 9 2 0
p21 6 5 1
p22 8 9 1
p23 1 2 1
p24 5 9 1
p25 4 3 0
p26 2 10 1
p27 6 9 1
p28 6 10 0
p29 10 10 0
p30 6 1 1
p31 10 4 1
p32 3 10 1
p33 0 3 1
p34 1 6 1
p35 3 8 0
p36 5 10 1
p37 4 3 1
p38 6 1 0
p39 3 6 1
p40 10 8 0
p41 3 8 1
p42 10 3 0
p43 9 6 0
p44 10 4 1
p45 0 5 0
p46 5 5 0
p47 3 10 0
p48 2 4 1
p49 1 9 0
p50 9 9 1
p51 6 2 0
p52 3 2 0
p53 6 10 1
p54 5 7 0
p55 1 4 1
p56 4 2 1
p57 9 4 0
p58 4 5 1
p59 1 10 0
p60 1 5 0
p61 8 2 1
p62 10 4 0
p63 9 1 0
p64 6 8 0
p65 2 8 1
p66 8 1 1
p67 6 6 0
p68 2 8 0
p69 0 6 1
p70 2 7 0
p71 5 8 1
p72 3 8 1
p73 1 8 1
p74 0 5 0
p75 8 5 1
p76 3 8 0
p77 0 2 1
p78 1 8 0
p79 6 8 0
p80 5 9 0
p81 4 7 1
p82 2 7 0
p83 8 4 1
p84 9 9 0
p85 6 3 0
p86 0 6 0
p87 7 2 1
p88 1 6 1
p89 5 10 0
p90 0 7 0
p91 5 3 0
p92 9 4 1
p93 6 8 0
p94 5 7 1
p95 0 8 1
p96 6 8 0
p97 6 3 1
p98 6 7 0
p99 7 9 1
p100 8 4 1