500
p1 0 1 0
p1 2 8 1
p2 5 7 1
p3 8 8 1
p4 3 5 0
p5 7 10 1
p6 8 6 0
p7 5 2 0
p8 6 9 0
p9 2 3 0
p10 8 6 0
p11 6 2 1
p12 8 3 1
p13 6 2 0
p14 8 6 1
p15 6 3 0
p16 4 9 1
p17 3 8 1
p18 10 10 1
p19 0 6 1
p20 9 7 0
p21 4 2 1
p22 7 2 0
p23 5 2 1
p24 1 10 0
p25 10 9 0
p26 1 8 0
p27 4 4 0
p28 6 3 1
p29 10 9 0
p30 1 8 1
p31 4 10 0
p32 7 2 0
p33 6 2 1
p34 7 9 0
p35 1 6 1
p36 3 4 0
p37 1 10 1
p38 8 4 0
p39 7 8 0
p40 0 4 1
p41 5 9 0
p42 6 4 0
p43 1 4 1
p44 4 8 1
p45 1 6 1
p46 1 10 0
p47 4 7 1
p48 7 6 1
p49 2 6 0
p50 5 5 1
p51 10 6 0
p52 3 6 1
p53 8 8 0
p54 10 3 1
p55 8 1 0
p56 2 3 0
p57 4 8 0
p58 5 10 0
p59 10 4 1
p60 8 6 1
p61 0 9 1
p62 9 1 0
p63 0 3 0
p64 9 1 0
p65 0 10 0
p66 5 10 1
p67 4 10 0
p68 7 6 1
p69 3 1 0
p70 8 2 1
p71 10 7 1
p72 3 3 0
p73 4 5 0
p74 0 5 0
p75 6 2 1
p76 1 6 0
p77 5 2 0
p78 3 3 1
p79 7 1 0
p80 10 3 1
p81 6 7 1
p82 1 7 0
p83 10 2 0
p84 8 1 0
p85 9 5 1
p86 5 9 1
p87 3 4 0
p88 0 1 0
p89 10 9 1
p90 5 3 1
p91 4 10 1
p92 9 6 0
p93 4 5 1
p94 8 10 0
p95 10 1 0
p96 8 2 0
p97 8 10 1
p98 10 5 1
p99 2 6 1
p100 5 3 1
p101 5 8 0
p102 9 8 1
p103 9 8 1
p104 9 2 0
p105 4 2 1
p106 3 5 0
p107 3 6 1
p108 2 7 0
p109 8 2 1
p110 6 3 0
p111 8 1 1
p112 5 6 0
p113 0 10 1
p114 3 9 0
p115 9 10 1
p116 5 5 1
p117 5 2 0
p118 0 6 0
p119 5 5 0
p120 4 1 0
p121 1 8 0
p122 10 3 1
p123 9 3 0
p124 0 5 0
p125 9 8 1
p126 4 5 1
p127 0 7 0
p128 5 9 1
p129 5 10 1
p130 4 3 1
p131 3 6 0
p132 9 2 0
p133 8 4 1
p134 8 1 1
p135 7 8 0
p136 7 2 1
p137 9 4 1
p138 5 8 1
p139 10 10 1
p140 2 7 1
p141 4 7 1
p142 9 6 0
p143 2 6 0
p144 2 8 0
p145 3 3 0
p146 3 2 1
p147 6 6 0
p148 2 8 1
p149 8 4 1
p150 2 8 1
p151 10 3 1
p152 10 2 0
p153 1 2 1
p154 2 3 1
p155 0 4 1
p156 3 9 0
p157 6 7 1
p158 6 6 1
p159 6 3 0
p160 10 7 1
p161 1 5 1
p162 0 1 1
p163 0 6 0
p164 3 7 1
p165 10 5 0
p166 2 6 0
p167 0 5 0
p168 2 7 1
p169 10 8 0
p170 1 8 0
p171 10 7 0
p172 8 1 1
p173 2 8 0
p174 3 3 1
p175 3 2 1
p176 4 1 0
p177 7 1 1
p178 3 8 1
p179 9 8 0
p180 8 8 1
p181 9 4 1
p182 1 8 1
p183 5 4 1
p184 7 3 1
p185 10 9 0
p186 2 7 1
p187 4 5 1
p188 5 1 0
p189 9 1 1
p190 7 8 0
p191 9 2 0
p192 5 5 1
p193 5 10 0
p194 8 4 1
p195 3 7 1
p196 2 1 0
p197 4 4 0
p198 9 1 1
p199 10 2 1
p200 2 2 0
p201 7 10 0
p202 5 2 0
p203 1 2 1
p204 6 9 1
p205 2 3 1
p206 3 8 0
p207 1 1 1
p208 10 10 1
p209 1 4 0
p210 7 8 0
p211 9 6 1
p212 8 2 0
p213 0 7 0
p214 3 4 0
p215 3 9 1
p216 4 9 0
p217 0 5 0
p218 5 1 1
p219 9 1 1
p220 3 1 0
p221 2 8 1
p222 3 7 0
p223 0 10 0
p224 10 3 1
p225 8 2 1
p226 7 5 1
p227 6 2 1
p228 9 8 0
p229 5 4 0
p230 3 4 0
p231 2 8 0
p232 2 5 0
p233 2 2 0
p234 5 10 0
p235 2 8 1
p236 8 1 0
p237 9 4 1
p238 10 3 1
p239 5 4 0
p240 7 4 1
p241 1 8 0
p242 4 3 0
p243 2 10 1
p244 5 9 0
p245 6 4 1
p246 4 2 1
p247 8 3 0
p248 1 4 1
p249 0 7 0
p250 2 2 0
p251 10 2 1
p252 2 3 0
p253 1 5 1
p254 7 5 0
p255 10 9 1
p256 3 7 0
p257 4 4 0
p258 8 3 0
p259 0 3 0
p260 9 9 0
p261 2 6 1
p262 1 7 1
p263 7 2 0
p264 2 9 0
p265 8 10 1
p266 6 2 1
p267 2 6 0
p268 5 9 1
p269 2 10 1
p270 0 6 0
p271 3 2 1
p272 2 6 0
p273 8 9 1
p274 2 6 1
p275 9 5 0
p276 1 7 0
p277 3 7 1
p278 10 6 1
p279 4 6 1
p280 5 9 0
p281 5 4 0
p282 10 4 1
p283 1 6 1
p284 1 1 1
p285 5 5 1
p286 10 10 0
p287 7 2 0
p288 7 5 1
p289 2 2 1
p290 0 9 1
p291 8 6 1
p292 5 9 0
p293 3 3 1
p294 8 3 0
p295 10 9 0
p296 4 7 0
p297 4 3 1
p298 3 4 1
p299 1 5 1
p300 4 9 1
p301 8 2 1
p302 6 4 1
p303 9 6 1
p304 5 3 0
p305 4 3 0
p306 2 2 0
p307 10 8 0
p308 0 10 1
p309 1 1 0
p310 6 10 0
p311 9 6 1
p312 3 3 1
p313 6 8 0
p314 10 3 0
p315 2 2 0
p316 0 10 1
p317 3 5 0
p318 1 10 1
p319 6 1 0
p320 4 8 1
p321 4 1 0
p322 5 9 0
p323 0 8 1
p324 0 5 0
p325 4 3 1
p326 9 10 0
p327 8 4 1
p328 5 9 0
p329 1 9 0
p330 8 9 0
p331 8 7 0
p332 9 7 1
p333 8 4 0
p334 0 1 0
p335 2 4 1
p336 3 3 0
p337 7 2 1
p338 1 9 1
p339 7 5 1
p340 2 10 1
p341 2 5 0
p342 5 9 0
p343 2 4 0
p344 8 9 0
p345 8 6 0
p346 8 7 0
p347 4 2 1
p348 0 8 1
p349 5 10 0
p350 7 5 1
p351 2 6 1
p352 9 6 1
p353 9 4 1
p354 1 7 1
p355 7 3 1
p356 4 3 1
p357 5 8 0
p358 2 8 1
p359 6 5 0
p360 2 8 1
p361 1 5 0
p362 9 1 1
p363 2 4 1
p364 0 9 1
p365 1 9 1
p366 4 6 0
p367 3 8 1
p368 3 6 0
p369 5 9 0
p370 4 6 0
p371 1 2 0
p372 9 7 0
p373 2 10 0
p374 10 6 0
p375 10 6 0
p376 8 2 0
p377 2 4 1
p378 6 5 0
p379 7 10 0
p380 10 3 1
p381 1 5 0
p382 0 5 1
p383 8 7 0
p384 7 6 0
p385 9 7 1
p386 1 9 0
p387 8 1 1
p388 9 2 0
p389 8 1 1
p390 0 4 1
p391 7 2 1
p392 8 5 1
p393 1 7 0
p394 8 1 1
p395 6 8 1
p396 10 3 1
p397 9 4 1
p398 10 2 0
p399 0 1 0
p400 7 3 0
p401 0 2 1
p402 4 7 1
p403 2 10 0
p404 8 9 0
p405 8 10 1
p406 9 10 1
p407 10 8 0
p408 9 2 0
p409 5 6 0
p410 3 1 0
p411 0 9 1
p412 10 6 0
p413 10 9 1
p414 5 3 1
p415 2 7 0
p416 8 5 1
p417 4 8 0
p418 7 4 0
p419 1 7 1
p420 5 9 0
p421 10 4 0
p422 8 5 0
p423 7 5 0
p424 8 7 0
p425 2 9 1
p426 1 9 1
p427 9 1 0
p428 3 7 1
p429 3 9 0
p430 5 3 0
p431 6 8 1
p432 6 7 1
p433 6 9 1
p434 0 3 1
p435 5 7 0
p436 8 4 0
p437 5 9 0
p438 6 7 0
p439 10 7 0
p440 8 5 1
p441 4 4 0
p442 7 2 0
p443 3 4 1
p444 2 10 1
p445 7 7 1
p446 8 8 0
p447 2 9 1
p448 2 7 1
p449 2 9 0
p450 3 1 0
p451 9 9 1
p452 6 1 1
p453 6 8 0
p454 0 6 0
p455 10 4 0
p456 1 10 1
p457 0 5 1
p458 9 8 0
p459 0 5 0
p460 6 5 1
p461 10 4 1
p462 8 10 1
p463 3 6 0
p464 10 5 0
p465 10 9 1
p466 4 2 1
p467 10 10 1
p468 1 3 0
p469 5 8 0
p470 8 10 1
p471 8 9 0
p472 3 7 1
p473 4 8 0
p474 1 3 0
p475 7 5 0
p476 7 2 0
p477 8 3 1
p478 0 4 0
p479 7 6 1
p480 7 7 0
p481 2 9 0
p482 10 1 0
p483 3 4 1
p484 9 7 0
p485 4 7 0
p486 0 6 1
p487 6 10 0
p488 9 1 1
p489 10 8 0
p490 3 5 1
p491 6 10 1
p492 8 9 1
p493 6 7 0
p494 1 6 1
p495 5 8 1
p496 4 4 0
p497 1 4 1
p498 3 1 1
p499 3 9 0
p500 2 3 0