500
p1 0 5 0
p1 6 6 1
p2 3 3 1
p3 6 3 1
p4 5 1 1
p5 10 2 0
p6 9 4 1
p7 0 4 0
p8 6 9 1
p9 4 7 1
p10 5 3 1
p11 1 1 0
p12 3 3 0
p13 9 10 1
p14 8 3 1
p15 1 9 1
p16 8 1 0
p17 7 8 1
p18 2 2 0
p19 8 9 0
p20 7 9 1
p21 4 6 1
p22 9 10 1
p23 4 6 1
p24 5 5 1
p25 0 1 1
p26 2 9 0
p27 0 7 1
p28 0 5 0
p29 8 2 0
p30 3 5 1
p31 10 8 0
p32 0 8 0
p33 9 9 1
p34 0 2 1
p35 8 1 1
p36 1 7 1
p37 7 5 1
p38 4 1 1
p39 8 8 1
p40 9 10 1
p41 5 7 0
p42 4 2 0
p43 1 6 0
p44 2 3 1
p45 4 7 0
p46 8 4 0
p47 9 10 1
p48 7 10 1
p49 7 9 0
p50 1 5 0
p51 3 5 0
p52 0 8 1
p53 5 5 0
p54 5 1 0
p55 3 10 0
p56 9 6 0
p57 3 6 1
p58 6 9 0
p59 8 9 1
p60 6 1 1
p61 0 5 1
p62 9 10 1
p63 1 9 1
p64 5 8 0
p65 6 1 1
p66 3 7 1
p67 7 10 0
p68 2 2 0
p69 3 7 0
p70 8 1 0
p71 0 4 1
p72 7 4 0
p73 8 2 1
p74 6 6 0
p75 9 6 0
p76 10 3 1
p77 5 6 0
p78 2 10 0
p79 8 3 0
p80 6 6 0
p81 10 5 0
p82 9 1 1
p83 5 6 0
p84 2 4 1
p85 1 7 1
p86 4 3 1
p87 9 2 1
p88 8 7 0
p89 2 10 0
p90 1 7 0
p91 0 3 0
p92 9 10 0
p93 9 2 1
p94 7 4 0
p95 4 5 0
p96 6 9 0
p97 3 9 1
p98 3 10 1
p99 4 3 0
p100 2 9 1
p101 0 3 1
p102 10 1 1
p103 4 6 0
p104 1 2 1
p105 7 6 0
p106 5 10 0
p107 7 4 0
p108 7 9 0
p109 3 9 0
p110 5 7 0
p111 5 7 0
p112 2 7 0
p113 2 5 0
p114 1 10 1
p115 0 7 0
p116 8 3 0
p117 10 4 1
p118 9 6 0
p119 5 9 0
p120 9 3 0
p121 10 6 0
p122 10 3 0
p123 3 4 0
p124 9 2 1
p125 4 9 1
p126 0 10 0
p127 3 5 1
p128 5 2 0
p129 6 4 0
p130 2 6 1
p131 4 2 0
p132 10 7 0
p133 8 3 0
p134 0 2 1
p135 0 9 1
p136 9 1 0
p137 4 4 0
p138 10 7 1
p139 3 6 0
p140 9 1 1
p141 6 10 1
p142 1 7 1
p143 9 10 1
p144 5 5 1
p145 0 3 1
p146 5 1 1
p147 8 4 1
p148 2 5 1
p149 7 9 1
p150 8 8 1
p151 1 4 1
p152 9 7 1
p153 5 10 1
p154 4 7 1
p155 4 9 0
p156 9 6 0
p157 7 7 1
p158 1 6 1
p159 7 6 0
p160 6 1 1
p161 0 10 1
p162 5 1 1
p163 9 4 0
p164 8 5 0
p165 9 2 0
p166 4 9 1
p167 0 8 1
p168 2 9 0
p169 8 4 1
p170 1 8 0
p171 8 2 1
p172 1 6 1
p173 4 8 1
p174 4 9 1
p175 4 6 0
p176 2 8 1
p177 3 3 0
p178 2 9 0
p179 1 2 0
p180 5 4 1
p181 10 9 0
p182 4 7 0
p183 8 2 1
p184 4 5 0
p185 4 4 1
p186 3 7 0
p187 9 9 0
p188 5 2 0
p189 6 7 0
p190 3 3 1
p191 0 2 1
p192 1 1 1
p193 8 4 0
p194 8 6 0
p195 10 9 1
p196 8 7 1
p197 7 1 1
p198 6 10 0
p199 9 9 0
p200 10 8 0
p201 0 2 1
p202 7 7 0
p203 10 6 1
p204 2 1 1
p205 7 1 1
p206 5 3 1
p207 0 5 0
p208 2 7 1
p209 2 2 1
p210 10 9 0
p211 9 3 1
p212 9 6 0
p213 0 10 1
p214 1 10 1
p215 8 10 0
p216 10 3 0
p217 9 7 0
p218 3 8 0
p219 10 9 0
p220 10 8 0
p221 4 10 1
p222 4 1 0
p223 1 6 0
p224 10 10 1
p225 8 10 1
p226 4 3 1
p227 3 7 0
p228 1 4 1
p229 2 1 0
p230 7 2 1
p231 9 10 0
p232 0 2 0
p233 5 4 1
p234 2 2 1
p235 6 7 0
p236 4 8 0
p237 5 3 0
p238 8 2 1
p239 2 5 0
p240 1 5 1
p241 0 1 0
p242 3 6 0
p243 2 5 1
p244 10 5 0
p245 7 8 0
p246 7 2 1
p247 0 7 1
p248 4 1 0
p249 0 10 1
p250 8 7 1
p251 4 9 1
p252 5 8 0
p253 3 4 0
p254 8 1 0
p255 5 3 1
p256 6 9 0
p257 7 3 1
p258 4 3 1
p259 5 3 0
p260 3 5 0
p261 3 10 0
p262 5 10 0
p263 1 9 1
p264 1 2 1
p265 4 10 1
p266 5 10 1
p267 4 9 1
p268 8 4 1
p269 1 6 0
p270 7 8 0
p271 1 10 0
p272 6 10 1
p273 2 5 1
p274 10 2 1
p275 9 1 0
p276 4 6 1
p277 2 8 1
p278 1 10 1
p279 3 6 0
p280 9 5 1
p281 1 3 0
p282 6 3 0
p283 8 1 0
p284 6 10 1
p285 7 4 1
p286 9 1 1
p287 1 3 0
p288 2 2 1
p289 2 10 0
p290 9 5 1
p291 9 8 1
p292 2 1 1
p293 8 5 1
p294 7 8 0
p295 0 3 1
p296 0 9 1
p297 0 7 1
p298 4 6 0
p299 10 10 1
p300 5 6 1
p301 0 1 0
p302 1 7 0
p303 5 3 0
p304 1 3 0
p305 10 2 0
p306 4 1 0
p307 0 4 0
p308 7 2 1
p309 6 3 0
p310 8 6 1
p311 8 1 0
p312 2 6 0
p313 10 1 1
p314 2 6 1
p315 10 4 1
p316 0 6 1
p317 10 2 0
p318 1 8 1
p319 0 1 1
p320 0 5 1
p321 8 2 1
p322 0 2 0
p323 0 5 0
p324 0 6 0
p325 9 3 1
p326 2 6 0
p327 1 9 1
p328 5 3 1
p329 6 9 1
p330 7 5 1
p331 8 4 0
p332 1 4 0
p333 5 8 0
p334 7 9 1
p335 7 3 1
p336 10 3 0
p337 2 7 0
p338 3 10 1
p339 8 9 1
p340 0 1 1
p341 9 8 0
p342 10 6 1
p343 4 6 0
p344 10 5 0
p345 8 2 1
p346 4 10 1
p347 0 5 1
p348 5 1 1
p349 6 2 1
p350 2 4 1
p351 4 7 0
p352 7 4 1
p353 0 10 0
p354 5 7 1
p355 9 2 0
p356 9 5 0
p357 4 5 0
p358 8 1 0
p359 1 6 1
p360 9 10 0
p361 8 7 0
p362 4 2 1
p363 5 9 0
p364 10 5 1
p365 10 1 0
p366 10 8 0
p367 1 8 0
p368 7 7 0
p369 5 10 1
p370 5 1 0
p371 3 4 0
p372 1 6 0
p373 6 4 0
p374 8 4 0
p375 8 1 0
p376 1 6 1
p377 3 2 0
p378 0 3 1
p379 8 1 0
p380 9 5 0
p381 3 10 1
p382 3 10 1
p383 3 4 0
p384 5 1 1
p385 9 4 1
p386 8 10 0
p387 3 8 1
p388 4 8 0
p389 3 9 0
p390 0 10 0
p391 6 9 1
p392 9 10 1
p393 8 2 0
p394 0 10 0
p395 2 10 0
p396 2 5 1
p397 10 10 0
p398 3 1 1
p399 0 9 0
p400 3 3 1
p401 6 1 1
p402 3 1 0
p403 5 8 1
p404 1 3 0
p405 5 5 0
p406 7 10 0
p407 2 8 1
p408 9 9 1
p409 10 8 1
p410 8 7 1
p411 3 10 0
p412 7 9 0
p413 9 9 0
p414 2 10 0
p415 2 1 1
p416 4 6 0
p417 5 6 1
p418 8 8 1
p419 6 1 0
p420 0 5 0
p421 10 1 0
p422 9 7 0
p423 4 3 1
p424 4 2 0
p425 3 6 0
p426 6 4 1
p427 4 9 0
p428 6 5 1
p429 0 8 1
p430 1 1 1
p431 8 8 0
p432 6 6 0
p433 9 3 0
p434 1 2 1
p435 1 8 1
p436 5 6 0
p437 7 7 0
p438 9 8 0
p439 7 6 0
p440 1 10 0
p441 7 9 1
p442 8 4 1
p443 7 2 1
p444 2 4 1
p445 9 1 0
p446 3 5 1
p447 10 1 0
p448 2 6 1
p449 7 7 0
p450 0 5 1
p451 1 6 0
p452 6 2 1
p453 6 1 0
p454 1 5 0
p455 7 6 0
p456 0 4 0
p457 3 8 0
p458 4 1 0
p459 2 9 0
p460 2 4 0
p461 8 4 1
p462 3 4 0
p463 0 2 1
p464 3 10 1
p465 4 1 0
p466 9 2 1
p467 10 9 0
p468 3 1 1
p469 9 7 1
p470 10 10 0
p471 7 3 0
p472 0 6 1
p473 4 1 0
p474 5 10 0
p475 4 7 0
p476 1 4 0
p477 6 7 0
p478 7 5 0
p479 9 3 0
p480 4 1 0
p481 6 1 0
p482 2 1 0
p483 6 3 0
p484 6 6 1
p485 2 10 1
p486 10 6 0
p487 5 3 0
p488 4 6 1
p489 9 9 1
p490 0 10 0
p491 0 6 0
p492 6 8 0
p493 0 1 0
p494 2 7 1
p495 2 4 0
p496 6 6 1
p497 1 4 1
p498 5 4 1
p499 0 3 1
p500 6 6 0