500
p1 0 3 0
p1 0 7 1
p2 7 5 1
p3 0 1 0
p4 5 2 1
p5 7 6 1
p6 8 7 0
p7 6 4 1
p8 4 7 0
p9 9 6 1
p10 4 3 1
p11 7 4 1
p12 10 8 1
p13 4 2 1
p14 10 8 0
p15 1 9 1
p16 2 2 1
p17 1 1 0
p18 3 9 0
p19 2 5 1
p20 4 6 1
p21 10 1 1
p22 4 5 0
p23 10 10 1
p24 2 1 1
p25 3 6 1
p26 10 6 0
p27 2 1 1
p28 6 6 1
p29 2 6 1
p30 7 8 0
p31 8 6 0
p32 7 6 0
p33 7 8 1
p34 7 6 0
p35 5 1 1
p36 4 10 1
p37 0 7 1
p38 0 10 0
p39 4 9 1
p40 1 10 1
p41 2 7 0
p42 5 4 1
p43 7 8 0
p44 1 4 0
p45 3 10 0
p46 7 6 1
p47 1 2 1
p48 6 3 0
p49 6 5 1
p50 7 5 0
p51 8 2 0
p52 2 1 0
p53 7 8 1
p54 10 5 0
p55 2 4 0
p56 8 7 1
p57 4 4 0
p58 2 5 0
p59 10 8 0
p60 3 8 1
p61 10 6 0
p62 10 7 0
p63 5 8 1
p64 4 8 0
p65 3 5 1
p66 6 7 1
p67 3 6 1
p68 7 8 1
p69 5 5 0
p70 10 3 1
p71 2 8 0
p72 5 1 1
p73 2 2 0
p74 10 4 1
p75 3 5 0
p76 10 6 0
p77 3 10 1
p78 4 10 0
p79 9 10 1
p80 9 5 1
p81 0 8 0
p82 5 4 0
p83 8 1 1
p84 7 2 1
p85 1 1 1
p86 0 2 1
p87 6 4 0
p88 6 7 0
p89 8 9 1
p90 8 5 1
p91 7 6 1
p92 1 8 0
p93 4 5 0
p94 6 9 0
p95 2 6 0
p96 4 1 1
p97 6 2 0
p98 9 4 0
p99 1 6 0
p100 5 10 0
p101 6 3 0
p102 1 10 1
p103 2 4 0
p104 3 6 0
p105 7 10 1
p106 1 10 1
p107 2 5 0
p108 2 3 1
p109 7 6 0
p110 0 5 1
p111 1 4 1
p112 9 9 1
p113 7 9 0
p114 2 1 1
p115 1 9 1
p116 1 5 0
p117 2 1 1
p118 8 4 1
p119 5 5 0
p120 0 6 1
p121 9 10 0
p122 6 6 0
p123 2 4 0
p124 1 5 0
p125 0 3 0
p126 0 1 1
p127 5 3 1
p128 7 8 0
p129 4 3 0
p130 9 4 0
p131 2 10 1
p132 10 6 1
p133 3 1 0
p134 5 5 0
p135 2 10 0
p136 5 8 1
p137 1 10 1
p138 1 2 0
p139 9 6 0
p140 6 7 1
p141 5 3 1
p142 5 5 0
p143 5 4 1
p144 9 9 1
p145 10 10 0
p146 7 4 1
p147 9 9 0
p148 8 4 1
p149 1 5 1
p150 4 4 1
p151 4 10 0
p152 8 3 0
p153 0 1 1
p154 3 7 1
p155 4 5 1
p156 5 8 0
p157 4 2 1
p158 6 5 0
p159 5 9 0
p160 6 3 1
p161 3 4 0
p162 8 3 0
p163 9 2 0
p164 8 4 0
p165 1 7 1
p166 9 8 0
p167 0 4 0
p168 2 6 0
p169 1 8 0
p170 6 5 0
p171 2 4 0
p172 2 8 0
p173 4 3 1
p174 7 6 0
p175 0 6 0
p176 1 1 1
p177 4 6 0
p178 6 1 1
p179 6 9 1
p180 0 6 1
p181 7 6 0
p182 2 6 0
p183 9 3 0
p184 4 5 1
p185 8 1 0
p186 7 4 0
p187 0 3 0
p188 4 1 0
p189 1 3 0
p190 8 1 1
p191 7 6 0
p192 0 3 0
p193 6 4 0
p194 8 2 0
p195 6 10 0
p196 1 6 1
p197 9 5 0
p198 10 4 0
p199 4 7 0
p200 6 6 0
p201 6 5 0
p202 1 9 0
p203 10 6 0
p204 4 10 1
p205 1 8 1
p206 10 6 0
p207 8 10 1
p208 9 1 0
p209 9 5 0
p210 1 6 0
p211 7 1 0
p212 0 10 0
p213 2 5 0
p214 10 6 1
p215 6 8 0
p216 8 5 1
p217 1 9 1
p218 4 1 1
p219 10 3 1
p220 9 1 1
p221 8 1 1
p222 3 2 0
p223 3 9 0
p224 4 4 1
p225 1 2 1
p226 2 2 1
p227 6 2 1
p228 0 5 1
p229 7 8 1
p230 4 6 1
p231 9 6 1
p232 5 5 0
p233 2 10 0
p234 8 1 1
p235 5 5 1
p236 4 6 0
p237 2 7 1
p238 7 6 1
p239 4 7 0
p240 2 3 0
p241 2 4 1
p242 1 6 1
p243 7 4 0
p244 0 10 0
p245 10 3 1
p246 1 10 0
p247 3 7 0
p248 2 4 0
p249 2 3 0
p250 3 6 0
p251 0 5 1
p252 5 8 0
p253 6 2 1
p254 4 4 0
p255 7 7 0
p256 9 6 1
p257 5 2 0
p258 6 8 1
p259 6 6 1
p260 7 9 0
p261 2 10 1
p262 2 7 0
p263 8 3 1
p264 9 7 0
p265 4 2 1
p266 7 2 0
p267 0 5 1
p268 8 6 0
p269 4 1 0
p270 3 10 0
p271 7 3 0
p272 6 3 0
p273 1 9 0
p274 8 2 0
p275 1 3 0
p276 5 6 1
p277 8 9 1
p278 3 2 0
p279 0 6 0
p280 3 8 1
p281 0 10 1
p282 3 9 1
p283 5 4 1
p284 8 5 0
p285 7 1 0
p286 10 3 0
p287 9 2 0
p288 1 8 0
p289 3 10 1
p290 6 1 0
p291 6 4 1
p292 5 7 1
p293 7 6 1
p294 3 3 1
p295 6 6 1
p296 3 8 0
p297 5 9 1
p298 1 5 0
p299 3 10 1
p300 10 4 1
p301 8 1 0
p302 8 9 0
p303 1 5 1
p304 2 5 1
p305 2 3 1
p306 6 1 0
p307 7 8 0
p308 1 3 0
p309 2 8 0
p310 10 10 1
p311 4 7 1
p312 8 10 1
p313 10 6 0
p314 0 1 0
p315 1 9 0
p316 6 3 0
p317 4 7 1
p318 0 10 1
p319 8 5 0
p320 10 10 0
p321 6 6 0
p322 4 8 1
p323 10 3 0
p324 4 6 0
p325 3 10 1
p326 9 5 1
p327 5 6 0
p328 7 3 1
p329 1 2 0
p330 3 4 1
p331 9 10 0
p332 7 6 1
p333 3 5 0
p334 7 8 1
p335 1 5 0
p336 6 2 0
p337 6 1 1
p338 9 8 1
p339 5 1 0
p340 0 6 1
p341 9 3 1
p342 10 10 0
p343 9 1 0
p344 8 9 1
p345 3 7 1
p346 6 2 0
p347 1 10 0
p348 10 9 0
p349 2 9 0
p350 6 5 1
p351 9 8 1
p352 6 3 0
p353 10 9 1
p354 0 6 1
p355 9 3 1
p356 9 1 0
p357 7 10 1
p358 7 1 1
p359 6 6 1
p360 4 6 1
p361 0 8 0
p362 5 10 0
p363 2 9 1
p364 6 1 0
p365 2 3 0
p366 9 1 0
p367 0 8 0
p368 6 3 0
p369 0 6 1
p370 9 9 1
p371 9 7 0
p372 0 10 1
p373 6 3 1
p374 9 4 0
p375 2 3 0
p376 9 8 0
p377 4 8 1
p378 6 8 1
p379 7 4 0
p380 6 9 0
p381 10 5 0
p382 3 4 1
p383 2 8 0
p384 8 6 1
p385 5 3 1
p386 5 6 0
p387 4 1 0
p388 9 1 1
p389 1 8 0
p390 1 7 0
p391 7 7 1
p392 8 5 0
p393 9 9 1
p394 1 10 1
p395 10 7 1
p396 4 4 0
p397 2 3 0
p398 6 8 0
p399 7 7 0
p400 6 10 0
p401 10 1 1
p402 7 5 1
p403 2 5 1
p404 7 10 0
p405 6 5 0
p406 9 7 1
p407 7 9 0
p408 9 4 1
p409 3 8 1
p410 2 2 0
p411 3 1 1
p412 2 7 1
p413 2 6 1
p414 4 6 1
p415 3 5 1
p416 4 5 1
p417 1 3 1
p418 6 9 0
p419 8 2 1
p420 8 3 1
p421 3 9 1
p422 0 7 0
p423 7 5 1
p424 10 7 0
p425 8 7 0
p426 2 9 0
p427 3 9 0
p428 3 9 0
p429 7 9 0
p430 0 4 0
p431 7 7 0
p432 3 10 1
p433 9 6 1
p434 1 3 1
p435 8 2 1
p436 3 3 0
p437 4 10 0
p438 5 8 1
p439 5 2 1
p440 6 2 0
p441 8 9 0
p442 5 4 1
p443 0 4 0
p444 2 4 1
p445 6 3 0
p446 4 5 0
p447 7 2 1
p448 5 4 0
p449 1 4 0
p450 8 6 1
p451 8 4 0
p452 2 9 1
p453 3 9 0
p454 5 9 1
p455 5 4 0
p456 9 2 0
p457 0 3 1
p458 0 4 0
p459 1 4 1
p460 9 1 0
p461 2 2 0
p462 6 1 0
p463 4 2 1
p464 4 6 1
p465 4 10 0
p466 3 7 1
p467 2 6 1
p468 4 10 0
p469 0 7 1
p470 1 8 1
p471 7 9 0
p472 6 5 1
p473 3 5 0
p474 6 7 1
p475 7 8 1
p476 1 2 1
p477 10 3 0
p478 10 4 1
p479 2 8 0
p480 0 9 1
p481 8 10 1
p482 1 2 0
p483 4 2 0
p484 7 1 0
p485 2 5 1
p486 6 1 0
p487 5 8 1
p488 8 3 0
p489 4 7 1
p490 4 10 1
p491 4 8 1
p492 5 1 0
p493 2 3 1
p494 1 4 1
p495 2 10 1
p496 10 3 1
p497 7 1 0
p498 4 9 1
p499 3 4 1
p500 5 8 0