500
p1 0 7 1
p1 1 10 1
p2 3 2 1
p3 4 7 1
p4 4 4 0
p5 8 10 0
p6 4 7 1
p7 3 6 1
p8 0 2 0
p9 3 8 1
p10 1 2 0
p11 5 10 1
p12 4 3 0
p13 4 4 0
p14 5 10 1
p15 1 6 0
p16 3 4 0
p17 7 5 1
p18 9 4 0
p19 5 9 1
p20 6 2 0
p21 1 10 1
p22 2 5 0
p23 7 10 1
p24 4 6 0
p25 5 2 1
p26 0 3 1
p27 4 6 1
p28 5 1 0
p29 4 6 0
p30 4 2 1
p31 3 9 0
p32 0 2 1
p33 1 8 0
p34 7 8 0
p35 0 1 1
p36 10 3 1
p37 9 4 1
p38 4 6 1
p39 1 2 0
p40 8 2 1
p41 8 5 1
p42 2 1 1
p43 9 5 0
p44 9 4 1
p45 8 5 1
p46 3 8 0
p47 10 6 1
p48 2 3 0
p49 0 4 1
p50 7 8 1
p51 9 9 1
p52 5 4 1
p53 9 1 1
p54 5 10 0
p55 6 9 0
p56 4 9 0
p57 2 5 1
p58 0 2 0
p59 5 8 1
p60 9 2 0
p61 2 8 0
p62 10 1 0
p63 0 7 0
p64 2 1 1
p65 3 10 1
p66 3 10 1
p67 0 3 0
p68 1 10 1
p69 0 2 1
p70 5 7 0
p71 6 1 1
p72 5 10 1
p73 8 10 1
p74 2 1 1
p75 5 8 0
p76 1 1 0
p77 3 5 0
p78 9 4 1
p79 8 9 0
p80 10 7 0
p81 0 8 0
p82 6 8 1
p83 4 1 0
p84 8 9 0
p85 3 3 1
p86 4 3 0
p87 2 8 0
p88 8 1 1
p89 1 7 1
p90 7 5 1
p91 4 5 1
p92 10 10 0
p93 8 7 0
p94 1 6 0
p95 8 8 1
p96 6 8 1
p97 7 3 0
p98 2 3 0
p99 1 9 0
p100 2 4 0
p101 0 5 0
p102 0 2 0
p103 6 7 0
p104 6 9 1
p105 4 1 0
p106 9 8 0
p107 3 4 0
p108 9 5 0
p109 1 4 1
p110 7 9 0
p111 6 8 0
p112 5 2 1
p113 10 8 0
p114 5 5 0
p115 8 2 0
p116 9 8 1
p117 0 1 0
p118 4 2 1
p119 9 1 0
p120 0 4 0
p121 10 10 0
p122 8 3 1
p123 3 1 1
p124 0 4 1
p125 3 9 0
p126 7 2 1
p127 5 1 1
p128 4 4 0
p129 5 7 0
p130 8 8 1
p131 2 4 1
p132 8 5 1
p133 4 1 1
p134 2 9 1
p135 0 9 1
p136 2 1 0
p137 2 4 0
p138 3 10 1
p139 3 5 1
p140 1 4 0
p141 4 2 0
p142 4 9 0
p143 6 10 0
p144 8 10 0
p145 5 7 0
p146 4 10 0
p147 10 8 1
p148 3 1 1
p149 5 2 1
p150 5 1 1
p151 1 4 0
p152 4 7 0
p153 6 8 0
p154 3 6 1
p155 2 3 0
p156 6 1 1
p157 2 9 1
p158 2 1 1
p159 2 8 1
p160 5 10 1
p161 7 3 0
p162 9 4 1
p163 10 7 0
p164 0 4 1
p165 3 3 1
p166 7 2 1
p167 1 5 1
p168 8 4 1
p169 9 1 0
p170 2 10 1
p171 5 8 0
p172 7 4 1
p173 9 1 0
p174 9 5 1
p175 2 1 0
p176 2 5 1
p177 0 9 0
p178 8 5 1
p179 3 9 1
p180 3 2 1
p181 9 7 0
p182 3 6 0
p183 7 8 0
p184 6 2 0
p185 10 5 1
p186 9 7 1
p187 0 2 1
p188 2 10 0
p189 9 9 0
p190 8 10 0
p191 5 2 0
p192 5 7 1
p193 7 1 0
p194 7 3 1
p195 7 6 1
p196 9 4 1
p197 9 9 0
p198 7 8 1
p199 0 6 1
p200 8 3 0
p201 10 2 1
p202 8 9 1
p203 7 2 1
p204 7 9 1
p205 4 6 1
p206 2 7 0
p207 10 9 0
p208 6 6 1
p209 7 8 0
p210 7 2 0
p211 5 2 1
p212 8 4 1
p213 3 3 0
p214 0 10 0
p215 9 4 0
p216 4 1 0
p217 4 7 0
p218 0 5 1
p219 1 4 0
p220 7 6 1
p221 0 10 0
p222 9 7 1
p223 2 6 1
p224 1 7 0
p225 7 5 1
p226 7 2 1
p227 1 7 1
p228 5 6 1
p229 7 8 0
p230 6 10 1
p231 10 6 0
p232 5 8 1
p233 8 6 0
p234 2 10 0
p235 5 8 0
p236 10 9 1
p237 8 7 1
p238 5 2 0
p239 5 10 1
p240 6 8 0
p241 0 2 0
p242 10 9 1
p243 6 7 0
p244 7 8 1
p245 3 4 1
p246 1 6 1
p247 5 7 1
p248 8 1 0
p249 4 3 1
p250 9 8 1
p251 6 10 0
p252 6 8 0
p253 9 2 0
p254 1 4 0
p255 9 4 1
p256 2 5 0
p257 8 10 0
p258 6 6 1
p259 3 6 1
p260 4 10 0
p261 2 7 1
p262 0 3 1
p263 9 9 0
p264 4 10 1
p265 8 8 0
p266 0 1 1
p267 3 7 0
p268 3 4 1
p269 1 6 0
p270 4 8 0
p271 2 2 0
p272 8 1 0
p273 9 1 1
p274 8 1 0
p275 1 1 1
p276 2 4 1
p277 2 6 1
p278 4 5 0
p279 5 10 0
p280 8 5 1
p281 1 7 0
p282 9 8 1
p283 9 4 1
p284 5 6 1
p285 2 3 1
p286 7 4 0
p287 7 7 0
p288 1 1 0
p289 5 5 1
p290 8 1 0
p291 6 3 0
p292 10 7 1
p293 10 9 0
p294 2 9 1
p295 1 6 1
p296 4 1 0
p297 6 2 0
p298 2 5 1
p299 3 8 1
p300 10 7 1
p301 4 7 1
p302 7 3 1
p303 5 9 1
p304 7 3 1
p305 4 7 1
p306 10 3 1
p307 4 6 0
p308 0 5 0
p309 2 2 1
p310 4 9 1
p311 3 9 1
p312 7 4 0
p313 3 5 0
p314 1 9 0
p315 3 1 0
p316 4 3 1
p317 5 3 0
p318 7 3 1
p319 4 9 0
p320 5 3 0
p321 3 9 1
p322 6 7 0
p323 8 5 0
p324 0 2 0
p325 4 8 1
p326 10 2 1
p327 10 4 1
p328 8 3 1
p329 5 9 1
p330 8 10 0
p331 9 8 0
p332 7 4 0
p333 7 10 0
p334 2 8 1
p335 9 7 1
p336 1 8 0
p337 4 10 1
p338 2 4 0
p339 7 4 0
p340 9 2 1
p341 10 6 0
p342 6 8 0
p343 10 1 1
p344 2 9 1
p345 9 4 1
p346 7 1 0
p347 5 6 1
p348 0 3 0
p349 6 2 1
p350 10 5 0
p351 8 3 0
p352 4 8 1
p353 10 5 1
p354 3 8 0
p355 4 3 1
p356 4 7 1
p357 2 3 0
p358 4 5 1
p359 1 6 0
p360 2 6 0
p361 8 6 1
p362 5 3 0
p363 10 10 0
p364 6 9 1
p365 9 8 0
p366 2 5 0
p367 9 5 1
p368 0 1 1
p369 8 7 0
p370 9 6 1
p371 9 2 1
p372 7 2 1
p373 0 1 1
p374 3 6 1
p375 8 10 0
p376 1 4 0
p377 0 5 1
p378 5 8 1
p379 0 7 1
p380 8 4 0
p381 5 5 0
p382 1 2 1
p383 7 2 0
p384 3 1 1
p385 9 5 0
p386 9 1 1
p387 5 3 1
p388 9 7 1
p389 2 5 1
p390 7 8 0
p391 2 9 0
p392 7 6 1
p393 7 1 1
p394 5 5 1
p395 1 6 1
p396 0 4 1
p397 4 6 1
p398 9 3 1
p399 4 1 0
p400 6 2 1
p401 4 7 1
p402 4 7 1
p403 1 2 1
p404 6 7 0
p405 0 7 1
p406 0 1 0
p407 7 3 1
p408 9 1 1
p409 10 9 1
p410 8 5 0
p411 4 2 1
p412 7 10 1
p413 0 10 0
p414 8 2 0
p415 4 10 0
p416 4 8 0
p417 8 10 1
p418 8 3 1
p419 2 7 1
p420 1 8 1
p421 1 4 1
p422 5 3 0
p423 6 6 1
p424 0 2 1
p425 3 8 0
p426 3 7 1
p427 2 9 0
p428 1 7 0
p429 7 4 1
p430 3 8 0
p431 5 5 1
p432 6 1 1
p433 8 2 0
p434 2 1 1
p435 3 6 0
p436 2 3 1
p437 9 3 1
p438 6 1 1
p439 6 9 0
p440 5 4 0
p441 1 8 0
p442 5 10 1
p443 2 6 0
p444 5 7 1
p445 9 4 0
p446 5 8 1
p447 9 8 1
p448 1 3 1
p449 6 6 1
p450 7 4 0
p451 7 6 0
p452 7 3 1
p453 0 1 0
p454 10 6 0
p455 3 1 1
p456 4 2 1
p457 2 6 0
p458 2 3 0
p459 1 2 1
p460 8 4 0
p461 0 1 1
p462 2 7 1
p463 2 6 0
p464 2 10 1
p465 7 10 1
p466 8 3 0
p467 7 1 1
p468 9 8 0
p469 1 9 1
p470 7 9 0
p471 3 9 1
p472 8 6 1
p473 3 1 1
p474 5 9 0
p475 4 1 1
p476 10 2 0
p477 6 3 0
p478 6 8 0
p479 6 1 0
p480 6 8 0
p481 3 2 0
p482 0 1 1
p483 10 5 0
p484 2 10 0
p485 0 10 0
p486 5 9 1
p487 9 5 1
p488 1 9 0
p489 4 6 1
p490 9 5 0
p491 0 7 1
p492 8 3 1
p493 2 3 0
p494 7 2 1
p495 2 1 0
p496 5 2 0
p497 0 4 1
p498 7 1 1
p499 9 10 0
p500 9 3 1