500
p1 0 8 1
p1 1 2 1
p2 5 8 0
p3 7 10 0
p4 1 6 0
p5 3 1 0
p6 7 10 1
p7 3 9 1
p8 7 10 1
p9 6 2 0
p10 6 4 1
p11 0 9 1
p12 6 4 0
p13 6 6 1
p14 0 2 0
p15 6 6 1
p16 5 2 0
p17 9 1 0
p18 9 9 1
p19 3 4 0
p20 5 6 1
p21 10 2 1
p22 4 8 0
p23 9 8 1
p24 4 8 0
p25 6 8 0
p26 9 2 1
p27 7 6 1
p28 3 4 0
p29 1 8 1
p30 5 2 0
p31 5 7 0
p32 4 4 1
p33 5 3 0
p34 4 1 1
p35 2 6 0
p36 2 10 1
p37 0 2 0
p38 7 2 0
p39 8 7 1
p40 7 2 0
p41 2 10 0
p42 10 1 1
p43 5 1 1
p44 4 2 0
p45 5 7 1
p46 5 7 1
p47 5 8 0
p48 5 2 0
p49 0 3 0
p50 3 10 0
p51 8 10 1
p52 3 8 0
p53 5 9 0
p54 6 10 1
p55 3 8 1
p56 0 4 1
p57 7 10 0
p58 3 8 0
p59 7 8 0
p60 5 7 1
p61 3 6 1
p62 2 3 0
p63 9 4 1
p64 5 1 0
p65 3 1 0
p66 6 5 1
p67 4 2 0
p68 10 4 1
p69 6 3 0
p70 1 5 0
p71 2 1 1
p72 8 5 0
p73 9 2 1
p74 7 8 1
p75 4 2 0
p76 4 2 0
p77 10 6 0
p78 6 10 1
p79 6 8 1
p80 6 2 0
p81 9 3 0
p82 1 2 0
p83 7 9 0
p84 8 9 1
p85 9 5 0
p86 2 6 0
p87 0 4 1
p88 5 10 0
p89 10 10 1
p90 0 7 0
p91 3 6 0
p92 9 10 1
p93 8 9 1
p94 9 5 1
p95 4 6 0
p96 8 8 1
p97 4 6 0
p98 8 10 1
p99 6 9 1
p100 4 1 1
p101 5 6 0
p102 5 1 1
p103 7 4 1
p104 5 8 1
p105 6 8 1
p106 2 1 0
p107 5 4 1
p108 5 6 0
p109 6 6 0
p110 2 1 0
p111 8 6 1
p112 0 4 1
p113 0 9 1
p114 1 5 0
p115 4 7 1
p116 2 5 0
p117 9 10 1
p118 3 1 1
p119 9 2 0
p120 6 9 1
p121 10 4 0
p122 8 2 1
p123 3 4 1
p124 5 8 0
p125 8 9 0
p126 6 3 1
p127 8 9 0
p128 1 10 1
p129 7 9 0
p130 6 4 0
p131 3 5 1
p132 8 10 1
p133 10 7 0
p134 1 2 1
p135 8 2 1
p136 2 9 1
p137 8 10 1
p138 5 10 0
p139 1 10 0
p140 0 2 1
p141 3 1 0
p142 6 2 1
p143 0 1 1
p144 3 8 1
p145 6 6 0
p146 0 3 0
p147 7 7 1
p148 3 6 0
p149 9 1 1
p150 3 7 0
p151 0 9 0
p152 10 4 0
p153 6 5 0
p154 3 6 1
p155 4 6 1
p156 8 2 1
p157 6 8 0
p158 6 1 1
p159 10 4 1
p160 0 4 1
p161 4 6 1
p162 1 7 1
p163 1 8 1
p164 1 3 0
p165 10 8 1
p166 5 4 1
p167 8 7 0
p168 6 2 0
p169 10 3 1
p170 5 3 1
p171 9 4 0
p172 1 4 0
p173 2 7 0
p174 1 5 0
p175 8 7 1
p176 10 5 0
p177 6 7 1
p178 2 9 0
p179 3 6 0
p180 3 1 0
p181 6 9 0
p182 3 8 1
p183 1 7 1
p184 7 4 0
p185 8 2 0
p186 10 5 0
p187 1 7 1
p188 2 3 1
p189 0 7 1
p190 3 2 1
p191 0 3 1
p192 5 5 0
p193 4 8 0
p194 1 9 0
p195 3 10 1
p196 10 1 1
p197 3 4 1
p198 2 8 1
p199 2 2 1
p200 10 2 0
p201 8 2 0
p202 3 5 1
p203 7 4 0
p204 4 1 1
p205 10 8 0
p206 5 5 0
p207 8 7 1
p208 1 9 0
p209 10 3 1
p210 5 8 0
p211 5 2 0
p212 9 9 0
p213 6 5 1
p214 10 7 0
p215 5 9 1
p216 8 6 0
p217 6 2 0
p218 2 3 0
p219 3 3 1
p220 0 8 0
p221 5 9 0
p222 9 9 0
p223 4 2 0
p224 4 8 0
p225 9 4 0
p226 9 5 1
p227 2 9 0
p228 2 2 0
p229 1 9 0
p230 9 8 1
p231 3 8 0
p232 1 1 0
p233 6 5 0
p234 2 10 1
p235 4 9 0
p236 7 3 1
p237 7 6 1
p238 8 4 0
p239 0 9 0
p240 4 1 0
p241 1 2 1
p242 6 2 1
p243 4 9 1
p244 2 1 0
p245 8 1 0
p246 6 9 1
p247 3 9 0
p248 4 6 1
p249 2 9 0
p250 7 2 0
p251 7 5 1
p252 9 6 1
p253 10 6 1
p254 2 1 1
p255 2 6 1
p256 4 1 0
p257 8 5 0
p258 3 4 1
p259 7 9 1
p260 1 2 1
p261 9 2 1
p262 10 4 1
p263 4 10 0
p264 6 8 0
p265 7 4 1
p266 9 6 1
p267 6 2 1
p268 7 3 0
p269 4 6 0
p270 1 9 0
p271 1 7 1
p272 1 8 0
p273 1 6 0
p274 1 3 1
p275 4 10 0
p276 6 5 1
p277 4 1 0
p278 6 4 1
p279 9 5 0
p280 0 7 1
p281 8 4 1
p282 5 6 0
p283 1 8 1
p284 5 3 1
p285 5 9 1
p286 3 7 1
p287 1 8 1
p288 7 10 1
p289 3 3 1
p290 5 1 1
p291 0 2 0
p292 1 5 1
p293 3 8 0
p294 1 5 1
p295 7 3 1
p296 9 3 1
p297 2 6 0
p298 3 2 0
p299 7 7 0
p300 7 5 0
p301 2 5 0
p302 6 7 0
p303 8 4 1
p304 6 7 1
p305 1 7 1
p306 6 4 1
p307 8 4 0
p308 9 9 0
p309 3 4 0
p310 10 9 0
p311 6 6 1
p312 0 8 1
p313 5 8 0
p314 2 7 0
p315 3 6 0
p316 2 5 1
p317 2 10 0
p318 9 1 1
p319 2 4 0
p320 4 5 0
p321 4 3 1
p322 6 3 1
p323 7 9 0
p324 2 8 0
p325 9 4 0
p326 4 1 0
p327 5 3 1
p328 5 6 1
p329 6 2 0
p330 3 1 1
p331 1 5 1
p332 4 1 0
p333 6 5 0
p334 2 3 0
p335 2 1 1
p336 9 6 0
p337 2 7 0
p338 9 4 1
p339 2 8 1
p340 1 2 1
p341 9 6 1
p342 10 10 0
p343 5 7 0
p344 10 9 0
p345 9 1 0
p346 5 9 0
p347 3 9 0
p348 1 9 1
p349 7 3 0
p350 3 3 1
p351 4 4 0
p352 2 8 0
p353 10 1 0
p354 8 10 0
p355 1 3 0
p356 3 5 0
p357 2 8 1
p358 4 5 1
p359 3 1 1
p360 3 3 1
p361 0 2 0
p362 0 8 0
p363 10 9 0
p364 3 7 1
p365 0 6 1
p366 3 7 1
p367 10 4 0
p368 1 7 0
p369 3 7 1
p370 10 1 1
p371 10 2 0
p372 10 5 1
p373 7 5 1
p374 10 3 0
p375 3 3 1
p376 4 4 1
p377 8 8 0
p378 4 8 0
p379 2 10 0
p380 10 8 0
p381 8 1 1
p382 9 6 1
p383 6 2 1
p384 9 1 1
p385 1 4 0
p386 8 3 1
p387 7 2 0
p388 0 2 0
p389 2 4 1
p390 1 3 0
p391 4 1 0
p392 5 9 0
p393 4 6 1
p394 2 3 1
p395 9 8 0
p396 3 8 1
p397 0 9 0
p398 7 4 1
p399 3 3 0
p400 4 10 0
p401 4 7 0
p402 4 5 0
p403 2 1 0
p404 6 6 0
p405 9 8 0
p406 9 9 1
p407 3 3 0
p408 1 9 1
p409 5 4 0
p410 4 8 1
p411 10 2 0
p412 3 7 0
p413 7 6 0
p414 3 2 1
p415 2 2 1
p416 4 2 1
p417 4 1 1
p418 8 8 1
p419 3 5 0
p420 3 1 1
p421 7 5 1
p422 5 9 1
p423 2 10 1
p424 2 7 0
p425 3 5 1
p426 3 8 0
p427 7 9 0
p428 2 8 0
p429 5 7 0
p430 0 9 0
p431 9 7 0
p432 4 1 1
p433 9 2 0
p434 3 1 1
p435 5 7 1
p436 10 7 0
p437 3 9 1
p438 0 1 0
p439 9 8 0
p440 2 5 1
p441 4 10 1
p442 1 6 0
p443 6 2 1
p444 4 10 1
p445 6 5 1
p446 7 10 1
p447 8 7 0
p448 1 4 0
p449 5 10 1
p450 3 2 1
p451 8 2 1
p452 1 3 0
p453 3 5 1
p454 1 10 1
p455 8 3 1
p456 8 2 0
p457 10 1 0
p458 1 3 0
p459 5 5 1
p460 3 6 0
p461 5 2 1
p462 10 2 0
p463 9 7 0
p464 0 10 1
p465 9 9 0
p466 6 4 1
p467 1 1 1
p468 6 7 1
p469 10 6 1
p470 9 5 1
p471 5 4 0
p472 1 8 1
p473 10 9 0
p474 3 5 1
p475 8 8 1
p476 6 4 1
p477 3 5 1
p478 0 9 1
p479 5 6 0
p480 1 7 1
p481 1 7 0
p482 4 9 0
p483 4 3 0
p484 10 10 0
p485 4 6 1
p486 10 6 0
p487 0 1 1
p488 3 1 1
p489 2 2 0
p490 0 8 0
p491 10 6 1
p492 4 8 1
p493 2 5 0
p494 2 7 1
p495 4 1 0
p496 6 1 1
p497 2 6 1
p498 3 10 1
p499 5 10 0
p500 5 8 1