500
p1 0 8 1
p1 0 8 0
p2 8 9 0
p3 4 2 0
p4 9 8 0
p5 8 1 1
p6 0 6 1
p7 3 10 1
p8 4 2 1
p9 2 8 0
p10 0 10 1
p11 2 1 1
p12 9 9 1
p13 6 9 0
p14 7 1 1
p15 10 9 1
p16 5 10 0
p17 9 8 1
p18 10 6 0
p19 7 1 1
p20 8 6 1
p21 3 1 1
p22 9 6 1
p23 1 9 1
p24 8 9 1
p25 7 7 0
p26 6 10 1
p27 2 4 0
p28 9 9 0
p29 3 1 0
p30 1 6 1
p31 6 2 0
p32 10 5 1
p33 6 9 0
p34 9 5 0
p35 6 10 0
p36 6 8 1
p37 3 10 0
p38 4 10 0
p39 1 1 0
p40 4 9 1
p41 2 4 0
p42 9 10 0
p43 1 5 0
p44 5 5 0
p45 1 5 1
p46 5 5 0
p47 7 7 0
p48 5 5 1
p49 9 7 1
p50 0 3 1
p51 1 8 0
p52 9 6 1
p53 4 1 1
p54 3 4 0
p55 3 3 0
p56 0 6 1
p57 9 2 1
p58 0 4 1
p59 2 4 1
p60 7 2 1
p61 3 4 0
p62 9 1 1
p63 7 8 1
p64 7 7 0
p65 0 1 0
p66 7 3 1
p67 9 7 0
p68 0 7 1
p69 0 2 0
p70 3 3 0
p71 7 10 1
p72 6 7 1
p73 6 1 0
p74 10 9 1
p75 10 5 1
p76 5 6 1
p77 2 7 1
p78 4 6 1
p79 3 5 1
p80 10 4 1
p81 0 1 0
p82 3 9 0
p83 1 1 1
p84 1 2 1
p85 1 3 0
p86 0 9 1
p87 6 5 1
p88 1 5 0
p89 10 10 1
p90 2 6 0
p91 8 6 0
p92 8 2 1
p93 7 5 1
p94 6 2 0
p95 6 3 0
p96 10 7 1
p97 3 6 1
p98 4 9 1
p99 10 10 0
p100 3 3 0
p101 6 2 1
p102 5 8 0
p103 1 6 0
p104 1 9 0
p105 4 3 0
p106 7 8 0
p107 5 3 1
p108 9 2 0
p109 1 8 1
p110 5 6 1
p111 8 1 1
p112 8 4 0
p113 1 4 1
p114 6 1 1
p115 2 8 1
p116 1 7 0
p117 3 10 1
p118 0 7 0
p119 3 8 1
p120 10 1 1
p121 1 2 1
p122 9 2 0
p123 3 9 1
p124 5 1 1
p125 6 6 0
p126 4 10 0
p127 4 7 1
p128 0 2 0
p129 7 7 1
p130 10 1 1
p131 5 7 0
p132 7 7 1
p133 8 6 0
p134 9 3 0
p135 0 2 1
p136 5 6 0
p137 1 2 1
p138 10 4 0
p139 3 6 1
p140 8 3 1
p141 6 4 1
p142 7 1 0
p143 7 7 1
p144 4 7 1
p145 5 9 0
p146 1 4 1
p147 6 6 1
p148 7 8 0
p149 4 5 1
p150 1 6 1
p151 6 9 0
p152 6 1 1
p153 3 8 1
p154 7 5 1
p155 4 8 1
p156 8 6 1
p157 3 5 0
p158 10 7 1
p159 8 2 0
p160 4 7 1
p161 8 6 1
p162 3 3 1
p163 6 7 0
p164 0 3 0
p165 7 4 1
p166 7 3 1
p167 0 8 1
p168 9 10 0
p169 2 2 1
p170 1 3 1
p171 4 4 1
p172 4 7 1
p173 8 7 1
p174 1 2 1
p175 7 6 0
p176 7 10 1
p177 4 1 0
p178 2 5 0
p179 7 8 1
p180 0 1 0
p181 6 5 1
p182 6 4 1
p183 8 7 1
p184 3 5 0
p185 6 1 1
p186 3 4 1
p187 1 1 1
p188 10 5 1
p189 8 5 0
p190 1 4 0
p191 3 10 0
p192 10 8 0
p193 10 2 0
p194 0 6 0
p195 0 8 0
p196 6 6 0
p197 2 7 0
p198 10 6 0
p199 1 6 0
p200 3 1 1
p201 0 10 0
p202 0 10 1
p203 2 7 1
p204 5 9 0
p205 6 9 1
p206 10 8 0
p207 4 1 0
p208 1 9 0
p209 3 6 1
p210 2 10 1
p211 2 1 0
p212 8 6 1
p213 1 7 1
p214 2 4 1
p215 1 2 1
p216 3 5 0
p217 2 7 0
p218 6 6 0
p219 3 8 0
p220 1 9 1
p221 3 2 1
p222 8 10 0
p223 2 8 0
p224 8 10 0
p225 0 1 1
p226 4 10 1
p227 1 3 0
p228 1 2 1
p229 7 10 0
p230 6 8 0
p231 8 10 0
p232 6 3 1
p233 7 8 0
p234 4 3 0
p235 8 8 0
p236 5 1 1
p237 3 1 1
p238 9 10 1
p239 10 7 0
p240 9 10 1
p241 8 6 0
p242 10 8 1
p243 8 1 0
p244 7 2 0
p245 4 3 1
p246 2 9 0
p247 4 5 0
p248 10 9 1
p249 4 6 1
p250 0 4 0
p251 7 10 0
p252 7 10 1
p253 8 1 1
p254 1 5 0
p255 2 9 0
p256 10 8 1
p257 0 8 1
p258 0 5 0
p259 10 10 1
p260 8 4 0
p261 7 8 1
p262 4 9 0
p263 9 10 1
p264 0 10 1
p265 7 4 0
p266 3 7 1
p267 2 3 0
p268 7 1 0
p269 4 10 1
p270 10 9 1
p271 3 9 0
p272 9 2 0
p273 5 9 0
p274 2 10 1
p275 10 7 0
p276 5 4 0
p277 9 9 0
p278 2 9 0
p279 4 5 0
p280 9 2 0
p281 2 2 0
p282 5 10 0
p283 0 2 0
p284 6 1 1
p285 4 1 1
p286 3 4 1
p287 5 5 1
p288 5 7 1
p289 5 3 1
p290 3 2 0
p291 5 1 0
p292 7 6 1
p293 5 7 0
p294 0 3 0
p295 0 5 0
p296 4 8 1
p297 8 5 0
p298 1 4 0
p299 3 2 0
p300 3 2 1
p301 1 3 1
p302 8 2 0
p303 10 3 1
p304 3 4 1
p305 9 7 1
p306 1 8 0
p307 3 3 0
p308 6 10 0
p309 2 9 1
p310 8 6 1
p311 5 1 1
p312 10 8 0
p313 2 6 0
p314 5 8 1
p315 1 6 0
p316 4 10 1
p317 7 6 1
p318 0 10 0
p319 9 8 1
p320 10 4 0
p321 10 8 0
p322 7 1 1
p323 6 2 0
p324 8 5 1
p325 5 4 0
p326 5 7 1
p327 2 1 1
p328 0 1 0
p329 2 1 0
p330 10 4 1
p331 2 3 0
p332 1 10 0
p333 0 6 0
p334 0 1 0
p335 0 4 1
p336 0 7 0
p337 10 1 0
p338 1 9 0
p339 6 9 0
p340 10 4 1
p341 4 7 1
p342 8 2 1
p343 6 6 0
p344 4 2 0
p345 1 5 0
p346 3 6 0
p347 2 8 1
p348 2 10 1
p349 1 10 1
p350 10 6 0
p351 2 5 0
p352 2 1 1
p353 1 8 0
p354 6 6 1
p355 1 1 1
p356 3 7 0
p357 6 1 1
p358 5 7 0
p359 3 3 1
p360 0 1 0
p361 6 6 1
p362 10 3 1
p363 2 9 0
p364 2 3 0
p365 8 4 0
p366 7 6 0
p367 1 9 0
p368 0 5 0
p369 5 10 0
p370 7 6 0
p371 7 8 1
p372 8 10 0
p373 5 5 0
p374 10 10 1
p375 0 4 0
p376 8 7 1
p377 6 10 0
p378 5 3 0
p379 5 6 0
p380 9 6 1
p381 3 5 1
p382 2 5 0
p383 3 7 1
p384 0 7 0
p385 7 3 0
p386 2 5 0
p387 10 9 0
p388 3 5 0
p389 10 5 1
p390 7 7 0
p391 5 5 1
p392 0 6 1
p393 2 4 1
p394 1 10 1
p395 8 5 1
p396 6 2 1
p397 6 2 1
p398 4 3 1
p399 3 10 1
p400 6 3 1
p401 7 7 1
p402 10 3 1
p403 5 1 0
p404 1 2 1
p405 3 9 1
p406 5 7 0
p407 6 3 1
p408 6 5 1
p409 3 9 0
p410 7 6 0
p411 9 7 1
p412 8 10 1
p413 4 4 1
p414 4 1 0
p415 6 10 0
p416 2 1 0
p417 7 1 0
p418 6 8 0
p419 1 7 0
p420 2 2 1
p421 3 2 0
p422 0 9 1
p423 2 6 0
p424 9 6 0
p425 2 6 0
p426 8 2 0
p427 1 9 0
p428 7 7 1
p429 6 8 0
p430 3 8 1
p431 9 5 0
p432 2 6 0
p433 1 9 1
p434 9 10 1
p435 8 6 0
p436 5 2 1
p437 10 8 1
p438 3 7 1
p439 1 5 1
p440 6 9 0
p441 1 6 0
p442 6 6 0
p443 6 8 0
p444 6 5 1
p445 8 10 0
p446 7 3 1
p447 8 6 1
p448 2 1 1
p449 8 7 1
p450 2 10 1
p451 8 9 1
p452 9 1 0
p453 4 1 1
p454 1 8 1
p455 2 7 0
p456 9 7 0
p457 2 9 1
p458 6 3 1
p459 6 2 0
p460 1 10 1
p461 9 10 1
p462 3 9 1
p463 8 4 1
p464 3 3 1
p465 8 10 1
p466 7 7 1
p467 7 7 0
p468 1 5 0
p469 9 4 1
p470 5 10 0
p471 7 4 1
p472 5 5 0
p473 1 6 1
p474 5 7 0
p475 8 3 1
p476 7 5 1
p477 8 4 1
p478 9 7 1
p479 9 5 0
p480 1 7 0
p481 2 2 1
p482 5 10 0
p483 7 2 1
p484 3 10 1
p485 2 10 1
p486 7 2 0
p487 1 1 1
p488 10 6 1
p489 7 1 1
p490 5 7 1
p491 7 5 0
p492 9 4 0
p493 0 6 1
p494 3 7 0
p495 6 8 0
p496 8 2 1
p497 3 3 1
p498 9 9 0
p499 4 5 0
p500 8 6 0