500
p1 0 9 0
p1 9 1 0
p2 9 6 0
p3 7 3 0
p4 1 6 0
p5 10 2 1
p6 10 10 0
p7 5 8 0
p8 10 6 0
p9 8 5 1
p10 2 10 0
p11 6 1 0
p12 9 8 0
p13 10 7 0
p14 5 8 1
p15 8 2 1
p16 4 4 0
p17 2 1 1
p18 8 1 0
p19 4 3 0
p20 3 1 1
p21 5 7 0
p22 7 3 1
p23 7 5 1
p24 3 1 0
p25 1 3 1
p26 3 4 1
p27 3 4 1
p28 5 8 1
p29 2 10 1
p30 2 10 1
p31 7 5 1
p32 6 5 1
p33 8 9 1
p34 4 7 1
p35 8 5 1
p36 6 7 0
p37 1 4 0
p38 3 3 1
p39 2 9 1
p40 2 5 0
p41 7 6 0
p42 8 10 1
p43 5 7 1
p44 6 1 0
p45 1 6 0
p46 2 1 0
p47 10 10 1
p48 2 5 0
p49 10 8 0
p50 2 3 0
p51 3 2 1
p52 8 1 0
p53 1 2 0
p54 7 3 1
p55 8 2 0
p56 3 5 0
p57 7 4 0
p58 0 3 0
p59 7 1 1
p60 8 9 1
p61 3 4 1
p62 0 4 1
p63 4 5 0
p64 10 6 0
p65 1 10 0
p66 3 9 0
p67 4 6 1
p68 2 6 1
p69 10 7 1
p70 8 1 1
p71 7 8 1
p72 4 4 0
p73 8 4 1
p74 9 9 0
p75 8 1 1
p76 10 4 1
p77 9 9 0
p78 2 6 0
p79 9 1 0
p80 9 3 0
p81 4 7 1
p82 7 2 0
p83 2 2 0
p84 0 9 0
p85 10 6 1
p86 2 5 0
p87 2 2 0
p88 10 2 1
p89 8 9 1
p90 6 1 1
p91 1 9 0
p92 7 8 1
p93 0 10 1
p94 4 2 1
p95 2 1 0
p96 8 5 0
p97 10 4 1
p98 6 4 0
p99 2 2 0
p100 6 2 0
p101 4 9 1
p102 0 7 0
p103 0 3 1
p104 7 2 1
p105 0 3 1
p106 5 7 1
p107 1 9 0
p108 8 7 0
p109 0 10 1
p110 10 6 1
p111 1 1 1
p112 2 1 1
p113 7 10 1
p114 6 10 0
p115 10 7 0
p116 5 2 0
p117 6 5 0
p118 3 1 0
p119 5 1 1
p120 3 7 0
p121 8 7 1
p122 8 5 1
p123 10 3 0
p124 0 4 1
p125 3 1 1
p126 10 2 0
p127 7 5 0
p128 2 4 0
p129 1 5 0
p130 4 9 0
p131 6 3 0
p132 9 9 0
p133 4 7 0
p134 9 2 0
p135 9 5 0
p136 0 9 1
p137 2 4 1
p138 3 5 0
p139 7 2 0
p140 5 3 1
p141 3 7 1
p142 3 1 1
p143 6 1 1
p144 8 2 0
p145 3 9 1
p146 0 6 1
p147 2 6 0
p148 8 3 0
p149 6 7 0
p150 3 10 0
p151 10 10 0
p152 3 2 1
p153 1 4 1
p154 3 7 0
p155 5 6 0
p156 10 3 0
p157 6 8 1
p158 10 8 1
p159 2 4 1
p160 4 3 1
p161 7 5 0
p162 8 2 1
p163 0 3 0
p164 3 7 1
p165 0 3 0
p166 4 3 1
p167 10 2 0
p168 10 5 1
p169 9 1 0
p170 1 7 1
p171 10 10 1
p172 7 7 1
p173 6 9 1
p174 9 8 1
p175 5 3 1
p176 6 5 1
p177 9 9 0
p178 6 10 1
p179 5 1 1
p180 1 1 0
p181 7 10 1
p182 2 5 1
p183 8 9 1
p184 5 9 0
p185 9 9 0
p186 8 7 1
p187 7 10 1
p188 6 3 1
p189 6 5 1
p190 9 9 1
p191 5 3 0
p192 4 6 0
p193 10 6 0
p194 3 3 0
p195 4 5 0
p196 4 4 0
p197 4 5 1
p198 3 7 1
p199 10 9 1
p200 0 1 0
p201 5 9 0
p202 2 4 1
p203 7 4 0
p204 6 9 0
p205 4 4 0
p206 10 4 1
p207 4 6 0
p208 8 6 0
p209 4 5 0
p210 8 5 1
p211 9 10 1
p212 4 5 1
p213 6 8 0
p214 8 9 1
p215 6 5 0
p216 7 7 1
p217 8 9 1
p218 4 5 0
p219 10 5 1
p220 0 4 1
p221 0 1 1
p222 8 10 1
p223 3 8 1
p224 8 10 1
p225 10 6 1
p226 4 2 1
p227 5 3 0
p228 5 1 0
p229 7 6 0
p230 9 4 1
p231 2 9 1
p232 10 10 0
p233 0 7 1
p234 2 9 0
p235 0 4 1
p236 6 6 0
p237 10 7 1
p238 2 7 1
p239 10 9 0
p240 9 9 0
p241 10 4 0
p242 4 2 1
p243 2 7 0
p244 10 4 0
p245 1 6 0
p246 3 1 1
p247 1 8 1
p248 1 5 1
p249 7 7 1
p250 8 9 1
p251 1 2 0
p252 10 1 1
p253 6 3 0
p254 6 10 1
p255 5 7 0
p256 8 4 0
p257 1 4 0
p258 7 8 0
p259 9 8 0
p260 0 2 0
p261 1 2 0
p262 1 10 0
p263 8 6 0
p264 0 8 1
p265 1 7 0
p266 0 5 1
p267 0 1 0
p268 1 7 0
p269 1 5 1
p270 1 10 0
p271 8 4 1
p272 1 9 0
p273 2 8 0
p274 1 8 1
p275 10 6 1
p276 7 1 0
p277 4 3 0
p278 4 7 0
p279 3 8 0
p280 7 5 1
p281 6 8 1
p282 8 8 1
p283 10 4 0
p284 10 4 0
p285 1 4 1
p286 9 2 1
p287 7 4 0
p288 9 4 0
p289 1 10 1
p290 0 1 1
p291 6 10 1
p292 8 8 0
p293 5 4 1
p294 9 7 0
p295 4 7 0
p296 5 8 1
p297 10 8 0
p298 9 7 1
p299 1 3 0
p300 6 10 0
p301 7 8 1
p302 7 3 0
p303 8 1 0
p304 10 4 0
p305 3 9 0
p306 9 5 1
p307 0 1 0
p308 1 2 1
p309 5 2 1
p310 2 2 0
p311 10 7 1
p312 9 5 1
p313 9 3 0
p314 8 4 1
p315 4 5 0
p316 9 9 0
p317 8 8 0
p318 10 7 0
p319 10 10 1
p320 0 10 0
p321 0 6 0
p322 7 7 0
p323 7 3 0
p324 4 9 1
p325 3 9 0
p326 9 1 0
p327 5 3 1
p328 9 3 1
p329 10 6 1
p330 9 8 0
p331 9 9 1
p332 8 8 1
p333 7 8 0
p334 7 8 0
p335 10 1 1
p336 1 1 1
p337 9 1 1
p338 8 5 1
p339 0 2 0
p340 0 4 0
p341 7 6 0
p342 0 1 1
p343 6 7 0
p344 2 5 1
p345 7 8 0
p346 0 4 0
p347 3 1 0
p348 2 6 0
p349 5 6 1
p350 0 3 0
p351 6 4 0
p352 3 6 0
p353 7 5 0
p354 5 5 0
p355 8 7 0
p356 7 10 1
p357 3 2 1
p358 8 2 0
p359 2 8 1
p360 4 10 1
p361 10 4 0
p362 9 2 1
p363 7 2 0
p364 1 3 0
p365 7 1 0
p366 3 7 1
p367 9 5 0
p368 3 5 0
p369 4 3 1
p370 1 1 0
p371 3 2 1
p372 8 4 0
p373 1 7 0
p374 9 9 0
p375 0 7 0
p376 1 7 0
p377 1 4 0
p378 3 10 0
p379 6 5 0
p380 4 10 1
p381 8 10 0
p382 2 8 1
p383 8 10 0
p384 3 10 0
p385 7 2 0
p386 10 6 0
p387 6 3 1
p388 5 3 0
p389 4 6 1
p390 5 7 0
p391 9 9 1
p392 6 9 0
p393 4 9 0
p394 9 1 1
p395 10 7 1
p396 3 7 0
p397 9 9 1
p398 8 7 1
p399 8 7 0
p400 5 1 0
p401 0 1 1
p402 5 8 1
p403 5 7 1
p404 0 4 1
p405 6 1 1
p406 4 2 1
p407 4 3 1
p408 6 9 1
p409 10 10 1
p410 2 3 1
p411 6 5 1
p412 0 9 1
p413 3 4 1
p414 5 7 1
p415 5 4 1
p416 10 1 1
p417 10 9 1
p418 5 2 0
p419 2 10 1
p420 3 3 1
p421 9 4 1
p422 0 4 0
p423 1 3 1
p424 7 7 0
p425 4 2 1
p426 2 4 1
p427 10 7 0
p428 6 7 1
p429 8 6 1
p430 0 2 1
p431 10 9 0
p432 2 4 1
p433 3 10 1
p434 7 10 1
p435 2 10 0
p436 2 4 1
p437 2 3 1
p438 5 10 1
p439 6 10 0
p440 1 10 1
p441 2 9 1
p442 6 3 1
p443 9 2 0
p444 1 10 1
p445 0 6 1
p446 9 3 0
p447 1 9 1
p448 8 8 0
p449 2 10 1
p450 7 9 0
p451 2 7 0
p452 5 7 1
p453 8 4 0
p454 8 10 1
p455 2 3 0
p456 5 6 0
p457 8 2 0
p458 3 7 1
p459 1 9 0
p460 6 5 0
p461 7 6 0
p462 1 10 0
p463 10 6 1
p464 6 10 0
p465 5 3 0
p466 7 10 1
p467 3 9 0
p468 5 1 0
p469 10 9 0
p470 9 8 0
p471 3 6 1
p472 3 5 1
p473 4 4 0
p474 0 10 1
p475 3 10 1
p476 4 3 0
p477 8 7 0
p478 3 8 0
p479 8 7 0
p480 1 10 0
p481 0 3 1
p482 7 3 1
p483 2 8 1
p484 3 10 0
p485 9 6 1
p486 9 1 1
p487 10 2 0
p488 3 9 1
p489 8 8 1
p490 9 10 0
p491 3 1 1
p492 6 7 1
p493 7 6 0
p494 5 7 1
p495 6 1 1
p496 3 10 1
p497 0 2 0
p498 9 3 0
p499 6 6 0
p500 7 3 1