500
p1 0 3 0
p1 2 1 1
p2 5 6 1
p3 1 2 1
p4 1 9 1
p5 0 6 1
p6 3 3 1
p7 6 3 1
p8 7 4 1
p9 7 7 1
p10 0 5 0
p11 7 5 0
p12 9 5 1
p13 7 9 0
p14 1 1 0
p15 0 3 0
p16 7 8 0
p17 10 5 0
p18 4 7 1
p19 4 2 0
p20 5 7 0
p21 3 9 1
p22 3 3 1
p23 0 8 0
p24 2 2 0
p25 10 9 0
p26 3 1 1
p27 7 7 0
p28 5 9 0
p29 2 1 0
p30 10 3 0
p31 0 7 0
p32 8 3 0
p33 0 8 1
p34 0 3 0
p35 9 1 0
p36 7 4 1
p37 2 8 1
p38 4 7 1
p39 7 5 0
p40 6 7 0
p41 9 9 1
p42 3 9 1
p43 8 2 1
p44 7 5 1
p45 1 2 1
p46 8 2 1
p47 6 8 0
p48 3 9 0
p49 2 5 0
p50 7 9 0
p51 10 7 1
p52 2 10 1
p53 4 1 0
p54 6 3 0
p55 10 4 1
p56 10 10 1
p57 2 2 0
p58 9 8 0
p59 6 8 1
p60 6 9 1
p61 4 9 0
p62 4 6 1
p63 10 3 1
p64 0 4 1
p65 7 5 1
p66 4 10 0
p67 10 7 1
p68 2 7 1
p69 10 8 0
p70 5 5 0
p71 4 2 1
p72 4 3 0
p73 5 2 0
p74 8 4 0
p75 5 3 0
p76 9 10 1
p77 4 8 0
p78 8 6 0
p79 1 3 1
p80 6 2 1
p81 1 1 1
p82 2 10 1
p83 2 8 0
p84 0 5 1
p85 6 6 0
p86 6 5 1
p87 9 3 1
p88 6 2 0
p89 4 2 0
p90 10 10 0
p91 6 4 0
p92 6 10 0
p93 4 8 1
p94 10 4 0
p95 2 5 1
p96 6 2 1
p97 8 8 1
p98 2 9 0
p99 5 10 1
p100 0 2 0
p101 5 10 0
p102 2 5 1
p103 10 3 0
p104 7 4 1
p105 7 10 1
p106 8 8 0
p107 5 7 0
p108 1 6 0
p109 4 3 1
p110 0 8 0
p111 8 6 0
p112 4 8 0
p113 2 4 1
p114 2 3 0
p115 4 1 1
p116 5 5 0
p117 7 1 0
p118 10 1 1
p119 7 3 1
p120 0 2 1
p121 0 6 0
p122 8 8 1
p123 10 1 0
p124 7 2 0
p125 9 5 0
p126 5 7 1
p127 3 7 1
p128 8 6 1
p129 10 2 1
p130 7 4 1
p131 5 6 0
p132 10 6 0
p133 2 2 0
p134 2 6 0
p135 2 1 0
p136 2 2 0
p137 3 10 0
p138 3 9 1
p139 10 2 1
p140 4 2 0
p141 9 7 1
p142 7 2 0
p143 1 8 1
p144 4 6 0
p145 4 8 1
p146 7 9 0
p147 5 3 1
p148 4 3 0
p149 2 8 1
p150 8 10 0
p151 7 6 0
p152 3 10 1
p153 0 10 0
p154 9 8 1
p155 3 9 0
p156 0 7 1
p157 9 6 1
p158 8 7 1
p159 2 5 0
p160 4 3 0
p161 8 4 1
p162 4 5 0
p163 2 3 1
p164 6 7 0
p165 1 6 0
p166 0 9 1
p167 6 1 0
p168 0 10 0
p169 2 5 0
p170 4 1 0
p171 3 5 0
p172 0 9 0
p173 2 2 0
p174 6 3 1
p175 5 5 0
p176 5 9 0
p177 1 5 0
p178 8 6 1
p179 8 2 1
p180 10 3 1
p181 2 8 1
p182 1 4 1
p183 9 10 0
p184 2 5 0
p185 3 9 0
p186 0 9 1
p187 5 4 1
p188 2 1 0
p189 1 8 1
p190 0 7 0
p191 5 5 1
p192 9 1 1
p193 7 5 0
p194 10 8 1
p195 2 9 1
p196 2 5 1
p197 1 5 0
p198 7 9 0
p199 5 1 1
p200 9 5 1
p201 9 10 0
p202 10 2 0
p203 9 8 1
p204 10 1 0
p205 3 4 0
p206 5 9 0
p207 8 10 0
p208 4 1 1
p209 10 9 1
p210 1 4 1
p211 7 5 0
p212 9 7 0
p213 6 7 1
p214 6 7 1
p215 10 2 0
p216 10 10 1
p217 6 9 0
p218 10 4 0
p219 2 7 0
p220 3 5 1
p221 10 8 1
p222 8 8 0
p223 1 10 0
p224 0 5 0
p225 0 4 1
p226 5 5 0
p227 2 5 0
p228 9 4 1
p229 4 5 1
p230 6 10 1
p231 0 5 0
p232 2 8 1
p233 2 1 0
p234 9 3 0
p235 5 5 1
p236 8 2 0
p237 6 3 0
p238 7 5 1
p239 6 3 0
p240 0 5 1
p241 3 3 1
p242 8 7 0
p243 3 8 0
p244 3 6 1
p245 3 9 1
p246 2 10 0
p247 9 6 1
p248 8 7 1
p249 9 8 1
p250 0 5 1
p251 4 4 0
p252 0 2 0
p253 1 8 1
p254 10 4 0
p255 4 10 1
p256 3 6 0
p257 10 4 1
p258 8 3 1
p259 3 5 1
p260 10 7 1
p261 2 8 0
p262 9 7 0
p263 4 1 1
p264 10 9 0
p265 0 8 1
p266 3 2 1
p267 3 5 0
p268 7 9 0
p269 8 2 0
p270 3 4 0
p271 1 4 0
p272 6 3 0
p273 3 9 0
p274 5 10 0
p275 4 1 1
p276 1 4 1
p277 10 6 1
p278 5 6 0
p279 2 4 1
p280 3 2 1
p281 0 2 0
p282 10 2 0
p283 0 8 0
p284 10 5 1
p285 10 10 0
p286 9 10 1
p287 1 6 0
p288 5 10 0
p289 8 4 1
p290 9 3 0
p291 10 7 1
p292 9 10 0
p293 7 4 1
p294 7 7 1
p295 4 10 0
p296 1 8 0
p297 7 8 1
p298 5 3 0
p299 1 2 1
p300 5 6 0
p301 4 4 0
p302 0 5 1
p303 10 5 1
p304 4 4 1
p305 5 10 0
p306 8 6 1
p307 1 3 0
p308 5 8 0
p309 10 10 1
p310 1 10 1
p311 9 3 0
p312 0 8 0
p313 6 9 1
p314 8 3 0
p315 10 5 1
p316 4 6 0
p317 7 2 0
p318 6 4 1
p319 8 7 0
p320 4 6 0
p321 7 7 0
p322 3 6 1
p323 2 3 1
p324 6 10 0
p325 5 1 0
p326 8 7 1
p327 9 3 1
p328 0 6 0
p329 8 7 0
p330 3 7 0
p331 0 5 0
p332 10 2 0
p333 4 6 0
p334 8 1 1
p335 8 2 1
p336 7 10 0
p337 3 6 0
p338 4 8 1
p339 6 4 1
p340 0 2 0
p341 2 6 0
p342 1 6 1
p343 5 4 1
p344 0 8 1
p345 6 1 1
p346 6 1 0
p347 8 3 0
p348 2 9 1
p349 8 2 0
p350 8 9 1
p351 5 6 0
p352 7 3 0
p353 8 5 1
p354 7 6 0
p355 10 3 1
p356 8 2 1
p357 9 6 1
p358 10 1 0
p359 9 4 1
p360 2 8 1
p361 3 6 0
p362 10 10 0
p363 0 5 0
p364 10 8 0
p365 1 10 0
p366 5 3 1
p367 9 10 1
p368 0 6 1
p369 4 1 0
p370 9 8 1
p371 0 3 0
p372 8 7 1
p373 6 10 0
p374 3 5 1
p375 3 1 0
p376 1 7 0
p377 9 9 1
p378 4 9 0
p379 10 4 0
p380 8 9 0
p381 10 8 0
p382 4 10 0
p383 10 8 0
p384 0 6 0
p385 4 3 0
p386 8 2 1
p387 7 2 1
p388 10 2 1
p389 5 3 1
p390 10 8 1
p391 9 3 0
p392 1 9 1
p393 8 4 0
p394 6 5 0
p395 7 7 0
p396 5 1 1
p397 7 3 0
p398 0 10 1
p399 1 8 1
p400 7 1 1
p401 1 7 1
p402 6 10 1
p403 7 4 0
p404 8 3 0
p405 2 7 0
p406 2 2 0
p407 9 1 0
p408 8 8 0
p409 7 9 1
p410 10 10 1
p411 5 9 0
p412 0 6 1
p413 7 8 0
p414 3 3 1
p415 8 10 1
p416 6 1 0
p417 3 5 1
p418 2 8 0
p419 5 2 0
p420 2 7 0
p421 5 6 0
p422 0 10 1
p423 6 7 0
p424 2 7 1
p425 0 10 0
p426 9 3 1
p427 10 8 1
p428 9 8 0
p429 4 2 1
p430 2 2 0
p431 3 5 1
p432 0 10 0
p433 6 10 0
p434 8 7 1
p435 0 3 0
p436 6 9 0
p437 1 5 1
p438 7 4 1
p439 8 3 0
p440 2 3 1
p441 8 3 1
p442 7 9 0
p443 10 10 0
p444 1 4 0
p445 4 10 1
p446 6 3 1
p447 0 1 1
p448 9 3 0
p449 5 5 0
p450 2 10 1
p451 1 6 1
p452 9 8 0
p453 9 5 1
p454 2 6 0
p455 6 10 0
p456 9 2 0
p457 8 10 1
p458 0 9 1
p459 5 2 1
p460 3 7 0
p461 8 7 1
p462 8 9 1
p463 2 2 1
p464 9 6 0
p465 0 9 1
p466 2 5 0
p467 2 2 1
p468 6 8 1
p469 6 6 0
p470 10 1 0
p471 8 6 1
p472 7 3 1
p473 3 6 0
p474 4 3 0
p475 0 8 0
p476 8 3 1
p477 6 10 0
p478 7 5 0
p479 8 6 1
p480 2 5 1
p481 2 10 1
p482 10 4 1
p483 9 10 1
p484 1 8 1
p485 5 9 0
p486 5 10 0
p487 9 4 1
p488 1 2 1
p489 4 4 1
p490 10 9 1
p491 2 6 0
p492 7 4 1
p493 2 9 0
p494 8 7 0
p495 1 1 0
p496 3 4 1
p497 3 5 0
p498 4 3 0
p499 7 1 1
p500 0 1 1