500
p1 0 10 1
p1 2 1 0
p2 4 10 1
p3 4 10 0
p4 10 4 0
p5 7 4 0
p6 3 5 1
p7 7 2 0
p8 5 4 1
p9 6 6 1
p10 5 10 0
p11 6 9 1
p12 7 4 0
p13 2 6 0
p14 7 7 1
p15 6 8 1
p16 6 8 1
p17 9 7 0
p18 9 8 1
p19 6 9 0
p20 9 6 1
p21 9 10 0
p22 7 1 1
p23 10 5 0
p24 7 6 0
p25 5 7 0
p26 5 4 1
p27 8 10 1
p28 6 3 0
p29 1 9 0
p30 8 2 1
p31 0 2 1
p32 9 2 1
p33 5 3 0
p34 3 6 1
p35 4 7 1
p36 10 8 0
p37 7 7 1
p38 7 3 0
p39 4 1 0
p40 8 6 0
p41 7 8 1
p42 0 8 0
p43 1 7 1
p44 2 6 0
p45 9 10 0
p46 6 8 0
p47 10 9 0
p48 6 1 0
p49 2 2 1
p50 2 1 0
p51 3 5 1
p52 2 7 0
p53 6 6 0
p54 0 5 1
p55 2 5 1
p56 3 10 0
p57 8 5 1
p58 1 1 1
p59 2 10 0
p60 5 5 0
p61 10 4 1
p62 4 2 1
p63 9 10 0
p64 2 6 0
p65 1 10 0
p66 5 2 1
p67 4 9 1
p68 2 9 1
p69 4 6 0
p70 3 8 0
p71 7 4 1
p72 1 9 0
p73 7 2 0
p74 0 9 1
p75 4 8 0
p76 6 7 1
p77 1 5 1
p78 8 10 0
p79 1 1 1
p80 1 4 1
p81 10 5 0
p82 9 6 1
p83 2 7 0
p84 1 1 1
p85 9 8 0
p86 6 6 0
p87 4 4 1
p88 9 8 0
p89 3 5 0
p90 6 10 1
p91 2 6 0
p92 1 8 1
p93 4 8 1
p94 9 8 1
p95 4 1 1
p96 3 8 0
p97 10 2 1
p98 2 2 0
p99 3 10 0
p100 6 10 0
p101 1 2 1
p102 6 3 0
p103 0 1 1
p104 0 6 0
p105 5 3 0
p106 8 7 1
p107 4 7 1
p108 4 6 0
p109 6 7 0
p110 9 9 1
p111 0 9 0
p112 0 8 1
p113 9 5 1
p114 5 7 0
p115 9 6 1
p116 8 9 1
p117 8 5 1
p118 1 7 0
p119 5 4 0
p120 2 7 1
p121 7 2 1
p122 3 4 0
p123 6 1 0
p124 2 4 0
p125 9 9 0
p126 8 6 0
p127 1 3 0
p128 0 5 1
p129 1 2 0
p130 9 4 0
p131 7 6 1
p132 7 4 0
p133 3 9 1
p134 5 5 0
p135 6 2 0
p136 4 4 1
p137 1 5 0
p138 10 3 0
p139 1 5 1
p140 2 6 1
p141 9 7 0
p142 0 10 1
p143 5 9 1
p144 10 2 1
p145 8 8 1
p146 6 2 0
p147 3 4 1
p148 4 1 1
p149 8 6 0
p150 1 8 1
p151 3 9 1
p152 3 4 0
p153 9 9 0
p154 7 5 0
p155 0 5 1
p156 5 3 1
p157 8 8 0
p158 9 10 0
p159 6 10 0
p160 8 1 1
p161 7 8 1
p162 4 6 0
p163 1 2 0
p164 6 10 0
p165 6 8 0
p166 3 9 0
p167 0 7 0
p168 9 9 1
p169 0 9 0
p170 0 1 0
p171 3 2 1
p172 7 9 1
p173 1 2 0
p174 10 9 1
p175 9 3 1
p176 6 2 1
p177 5 8 1
p178 10 8 0
p179 0 3 0
p180 5 10 1
p181 2 4 0
p182 9 8 0
p183 2 4 1
p184 0 10 0
p185 3 1 0
p186 8 5 1
p187 9 1 0
p188 4 1 1
p189 0 2 0
p190 1 9 1
p191 3 10 1
p192 0 5 0
p193 0 3 1
p194 9 3 0
p195 0 7 1
p196 3 9 1
p197 6 5 1
p198 7 7 1
p199 7 8 0
p200 1 8 0
p201 9 9 1
p202 4 3 0
p203 0 1 0
p204 9 4 1
p205 5 2 1
p206 9 5 1
p207 2 8 0
p208 0 4 0
p209 4 6 1
p210 8 6 1
p211 10 4 1
p212 10 4 1
p213 5 9 1
p214 8 6 1
p215 5 2 0
p216 2 5 0
p217 3 9 1
p218 5 10 1
p219 3 2 0
p220 5 4 0
p221 0 8 1
p222 9 8 0
p223 3 5 0
p224 0 7 0
p225 7 4 1
p226 2 2 0
p227 2 4 0
p228 8 1 0
p229 7 5 1
p230 6 10 1
p231 1 8 0
p232 2 5 1
p233 2 6 0
p234 3 1 0
p235 0 6 0
p236 7 2 1
p237 3 6 0
p238 8 3 1
p239 10 2 1
p240 9 9 0
p241 7 10 1
p242 10 10 1
p243 5 4 1
p244 8 1 1
p245 5 8 0
p246 9 7 1
p247 0 1 0
p248 3 4 1
p249 0 3 0
p250 8 2 0
p251 4 3 1
p252 3 7 0
p253 1 3 1
p254 0 2 0
p255 0 6 1
p256 9 8 1
p257 4 2 0
p258 0 2 1
p259 4 9 0
p260 9 9 1
p261 3 1 1
p262 3 2 0
p263 0 8 0
p264 3 6 1
p265 7 4 1
p266 6 1 0
p267 10 10 1
p268 7 5 0
p269 9 1 0
p270 8 9 0
p271 5 9 0
p272 7 8 1
p273 1 9 1
p274 3 5 0
p275 9 6 1
p276 1 8 0
p277 4 9 1
p278 2 1 1
p279 1 8 1
p280 5 1 1
p281 5 3 1
p282 0 8 0
p283 7 2 0
p284 7 7 0
p285 0 10 1
p286 9 4 0
p287 5 9 1
p288 10 7 1
p289 9 7 0
p290 4 2 0
p291 6 8 0
p292 3 6 1
p293 0 9 0
p294 4 6 1
p295 5 4 0
p296 3 6 0
p297 9 4 0
p298 2 7 0
p299 9 3 0
p300 6 10 0
p301 1 10 1
p302 8 9 0
p303 2 8 0
p304 3 3 1
p305 7 5 1
p306 8 4 0
p307 6 9 0
p308 4 8 0
p309 6 5 1
p310 9 5 0
p311 6 10 0
p312 4 2 0
p313 10 1 0
p314 1 8 0
p315 1 9 0
p316 10 8 1
p317 6 7 0
p318 0 4 1
p319 4 5 1
p320 2 10 1
p321 0 2 1
p322 10 4 0
p323 2 7 0
p324 10 8 1
p325 3 2 1
p326 7 4 0
p327 1 10 0
p328 6 2 1
p329 8 10 1
p330 9 6 1
p331 2 2 0
p332 9 8 1
p333 4 4 1
p334 0 7 0
p335 7 4 0
p336 3 5 1
p337 1 8 0
p338 9 1 1
p339 7 1 0
p340 3 5 1
p341 10 4 0
p342 6 2 1
p343 2 10 1
p344 10 8 1
p345 7 3 0
p346 3 8 0
p347 10 8 0
p348 8 2 0
p349 10 9 1
p350 6 8 1
p351 10 8 0
p352 9 10 1
p353 0 2 0
p354 5 9 1
p355 3 8 1
p356 6 2 1
p357 7 6 0
p358 10 1 1
p359 8 4 1
p360 6 2 1
p361 6 6 0
p362 4 2 0
p363 0 5 1
p364 7 10 1
p365 1 3 0
p366 10 1 1
p367 1 7 1
p368 0 1 1
p369 1 5 0
p370 2 1 0
p371 5 3 1
p372 9 6 0
p373 6 3 0
p374 8 1 1
p375 5 9 0
p376 9 1 0
p377 5 4 0
p378 9 9 0
p379 10 5 0
p380 1 3 0
p381 2 9 1
p382 10 4 0
p383 1 5 0
p384 7 7 0
p385 8 8 1
p386 0 4 1
p387 9 9 1
p388 9 7 1
p389 10 10 0
p390 6 1 0
p391 4 7 0
p392 8 9 0
p393 0 2 0
p394 1 1 1
p395 8 5 0
p396 9 6 1
p397 1 4 1
p398 6 7 1
p399 2 5 0
p400 0 4 1
p401 4 2 1
p402 5 6 1
p403 4 3 0
p404 3 4 0
p405 9 3 1
p406 9 8 0
p407 5 4 1
p408 8 3 1
p409 10 5 0
p410 10 10 1
p411 10 6 0
p412 0 5 0
p413 10 10 0
p414 1 10 1
p415 5 10 1
p416 3 1 0
p417 0 8 1
p418 10 4 1
p419 6 1 0
p420 0 9 1
p421 5 6 0
p422 4 10 1
p423 3 2 0
p424 9 4 1
p425 5 6 1
p426 9 6 1
p427 5 7 0
p428 7 8 1
p429 6 3 0
p430 8 7 0
p431 9 7 0
p432 3 6 1
p433 5 8 0
p434 6 9 1
p435 9 2 1
p436 0 1 0
p437 8 5 0
p438 7 8 0
p439 1 10 0
p440 2 9 0
p441 5 4 1
p442 10 2 0
p443 4 9 1
p444 10 3 1
p445 5 8 1
p446 5 4 1
p447 0 1 1
p448 4 9 0
p449 2 3 0
p450 10 4 0
p451 8 2 1
p452 0 2 1
p453 1 4 1
p454 2 4 1
p455 9 3 0
p456 9 10 1
p457 0 8 0
p458 4 7 0
p459 1 6 0
p460 1 7 0
p461 6 5 1
p462 1 1 1
p463 1 8 0
p464 9 6 1
p465 10 1 1
p466 2 8 0
p467 1 8 0
p468 8 5 0
p469 6 9 0
p470 6 9 0
p471 10 7 0
p472 1 5 1
p473 10 9 0
p474 3 7 1
p475 3 3 1
p476 2 5 0
p477 5 6 1
p478 9 8 0
p479 9 10 0
p480 2 4 1
p481 2 1 1
p482 10 7 1
p483 8 4 0
p484 8 1 0
p485 8 7 0
p486 9 6 0
p487 6 10 0
p488 1 4 1
p489 6 7 0
p490 9 9 1
p491 3 2 1
p492 3 8 1
p493 7 2 0
p494 5 5 0
p495 8 2 0
p496 3 5 0
p497 10 5 1
p498 9 6 1
p499 7 3 1
p500 8 10 1