500
p1 0 2 0
p1 8 10 1
p2 6 8 1
p3 8 8 1
p4 5 4 1
p5 6 3 0
p6 1 8 1
p7 3 3 0
p8 10 9 1
p9 1 9 1
p10 4 4 1
p11 9 10 0
p12 8 4 1
p13 8 2 0
p14 3 8 0
p15 1 10 0
p16 2 1 1
p17 4 5 1
p18 5 4 1
p19 1 5 1
p20 9 3 0
p21 3 7 1
p22 0 8 1
p23 8 2 0
p24 2 8 1
p25 4 7 0
p26 1 4 1
p27 8 4 1
p28 9 8 0
p29 4 8 1
p30 0 1 1
p31 7 3 1
p32 2 1 0
p33 10 6 1
p34 4 5 0
p35 2 3 0
p36 8 2 1
p37 3 1 0
p38 8 10 0
p39 1 1 1
p40 7 3 1
p41 6 7 1
p42 9 5 1
p43 9 2 0
p44 2 8 0
p45 3 3 0
p46 0 6 0
p47 6 1 0
p48 1 3 1
p49 0 3 1
p50 5 1 1
p51 1 5 0
p52 2 5 0
p53 8 6 0
p54 1 1 1
p55 7 9 1
p56 10 7 0
p57 6 10 0
p58 4 10 0
p59 2 10 1
p60 4 3 1
p61 8 5 1
p62 10 4 1
p63 3 4 1
p64 3 10 1
p65 8 9 1
p66 3 4 1
p67 0 5 1
p68 2 4 0
p69 0 2 0
p70 10 8 0
p71 2 8 1
p72 5 5 0
p73 7 9 0
p74 2 9 1
p75 3 4 1
p76 3 6 0
p77 2 5 0
p78 5 6 1
p79 0 7 1
p80 10 10 0
p81 5 3 1
p82 7 6 0
p83 5 3 0
p84 8 8 1
p85 4 3 0
p86 10 8 0
p87 5 10 0
p88 2 9 1
p89 9 8 1
p90 1 4 0
p91 4 4 1
p92 4 1 0
p93 1 8 0
p94 5 4 0
p95 9 7 0
p96 8 5 1
p97 6 6 0
p98 0 2 0
p99 5 9 0
p100 6 9 1
p101 4 9 0
p102 0 3 0
p103 8 3 1
p104 2 10 0
p105 5 1 0
p106 9 5 1
p107 6 9 0
p108 9 5 1
p109 1 2 1
p110 1 7 1
p111 9 6 0
p112 10 6 0
p113 5 2 1
p114 10 9 0
p115 2 2 0
p116 3 8 1
p117 1 1 1
p118 1 4 0
p119 2 6 1
p120 6 4 1
p121 6 5 0
p122 8 2 1
p123 5 5 1
p124 4 2 1
p125 2 9 1
p126 4 10 0
p127 8 3 0
p128 9 10 1
p129 2 8 1
p130 5 2 0
p131 0 10 1
p132 0 5 0
p133 5 9 1
p134 0 4 0
p135 5 9 0
p136 4 9 1
p137 6 5 1
p138 6 1 0
p139 1 1 0
p140 9 1 1
p141 0 6 0
p142 4 3 1
p143 9 8 1
p144 6 6 1
p145 2 6 1
p146 1 8 1
p147 2 3 0
p148 10 9 0
p149 7 3 1
p150 10 10 1
p151 1 2 0
p152 5 8 0
p153 10 7 0
p154 6 7 1
p155 7 9 0
p156 6 3 0
p157 7 3 0
p158 6 4 0
p159 10 3 1
p160 7 5 0
p161 6 4 1
p162 10 7 1
p163 2 4 1
p164 4 2 0
p165 3 5 0
p166 8 3 1
p167 7 5 1
p168 7 7 0
p169 5 8 0
p170 10 9 0
p171 9 4 1
p172 10 6 0
p173 8 9 1
p174 10 4 0
p175 10 5 0
p176 10 8 0
p177 10 1 1
p178 10 6 1
p179 0 3 0
p180 6 10 1
p181 6 1 0
p182 10 3 1
p183 0 3 0
p184 9 6 1
p185 8 1 1
p186 0 8 0
p187 8 1 0
p188 3 10 1
p189 0 2 0
p190 8 10 1
p191 3 10 1
p192 0 4 1
p193 10 2 1
p194 10 9 0
p195 4 4 0
p196 6 3 0
p197 0 9 0
p198 4 9 1
p199 1 1 0
p200 7 10 1
p201 8 5 1
p202 2 1 0
p203 0 4 0
p204 5 1 0
p205 7 9 0
p206 5 1 0
p207 7 6 0
p208 10 3 1
p209 7 7 1
p210 2 6 0
p211 7 7 1
p212 1 2 1
p213 5 6 0
p214 0 1 0
p215 2 3 0
p216 9 6 1
p217 6 6 0
p218 5 5 0
p219 4 3 0
p220 3 1 1
p221 1 3 0
p222 9 8 1
p223 6 10 0
p224 2 3 0
p225 7 5 1
p226 10 9 0
p227 9 10 1
p228 2 7 1
p229 8 7 1
p230 1 2 0
p231 9 4 0
p232 9 7 0
p233 1 3 1
p234 7 3 1
p235 9 1 0
p236 0 6 0
p237 8 7 1
p238 7 1 1
p239 3 10 1
p240 5 2 1
p241 2 8 0
p242 1 9 1
p243 9 2 1
p244 10 10 0
p245 4 7 0
p246 5 3 1
p247 7 5 0
p248 8 9 0
p249 2 8 1
p250 0 6 1
p251 9 3 0
p252 2 4 0
p253 0 7 1
p254 5 1 1
p255 0 2 1
p256 8 4 0
p257 9 6 0
p258 8 9 0
p259 9 10 1
p260 8 7 1
p261 1 2 1
p262 2 2 0
p263 5 3 0
p264 2 8 0
p265 1 2 1
p266 7 7 0
p267 1 10 1
p268 9 4 0
p269 6 5 1
p270 6 9 1
p271 2 10 1
p272 6 7 0
p273 8 8 1
p274 4 5 0
p275 4 9 1
p276 8 9 0
p277 3 8 1
p278 1 2 0
p279 3 3 0
p280 9 5 0
p281 9 8 1
p282 8 4 1
p283 10 4 1
p284 1 6 1
p285 7 2 0
p286 4 1 0
p287 3 9 1
p288 9 9 1
p289 9 2 1
p290 0 7 1
p291 10 2 0
p292 5 3 1
p293 0 9 0
p294 6 6 1
p295 7 1 0
p296 1 6 0
p297 6 10 1
p298 0 4 1
p299 4 10 0
p300 1 6 1
p301 6 9 0
p302 10 4 0
p303 6 2 1
p304 2 5 0
p305 0 7 1
p306 4 8 0
p307 9 6 1
p308 8 2 0
p309 2 5 1
p310 2 9 1
p311 9 10 1
p312 5 7 0
p313 0 9 1
p314 3 1 1
p315 4 2 0
p316 5 1 1
p317 2 9 0
p318 5 5 0
p319 3 1 0
p320 1 5 1
p321 1 6 0
p322 0 5 1
p323 2 8 1
p324 7 3 0
p325 8 8 1
p326 3 2 0
p327 0 2 0
p328 4 1 0
p329 3 1 0
p330 1 1 0
p331 9 9 1
p332 0 5 1
p333 3 2 1
p334 6 10 1
p335 8 7 0
p336 7 3 1
p337 4 3 0
p338 0 6 0
p339 1 1 1
p340 0 7 1
p341 6 9 1
p342 6 4 0
p343 3 6 1
p344 10 6 0
p345 6 3 0
p346 6 10 0
p347 4 1 1
p348 2 6 0
p349 2 8 1
p350 6 10 1
p351 5 6 1
p352 5 2 1
p353 9 8 0
p354 6 6 1
p355 1 4 0
p356 3 7 1
p357 3 8 0
p358 10 8 1
p359 6 7 0
p360 2 7 1
p361 0 10 1
p362 9 5 0
p363 4 9 1
p364 8 1 1
p365 8 4 0
p366 8 4 0
p367 6 7 1
p368 1 4 1
p369 6 10 1
p370 2 1 0
p371 7 9 1
p372 3 5 1
p373 9 5 0
p374 3 6 0
p375 6 5 1
p376 4 1 1
p377 4 9 1
p378 7 1 0
p379 4 1 0
p380 1 9 0
p381 8 10 1
p382 10 5 1
p383 3 6 1
p384 0 6 1
p385 1 6 1
p386 5 7 1
p387 3 9 0
p388 7 9 0
p389 8 3 0
p390 7 1 0
p391 4 9 0
p392 2 1 0
p393 8 8 1
p394 3 1 0
p395 7 2 1
p396 3 6 0
p397 10 8 0
p398 0 2 0
p399 7 3 1
p400 1 4 1
p401 6 6 0
p402 8 4 0
p403 9 10 1
p404 7 5 1
p405 3 7 0
p406 5 4 1
p407 7 6 0
p408 9 5 0
p409 7 10 0
p410 6 3 0
p411 3 3 1
p412 7 1 0
p413 6 5 1
p414 1 6 1
p415 3 6 1
p416 0 7 0
p417 7 8 0
p418 6 1 0
p419 2 3 1
p420 5 10 1
p421 4 1 0
p422 8 7 0
p423 2 2 1
p424 0 7 0
p425 10 8 1
p426 10 4 1
p427 6 2 0
p428 1 1 1
p429 4 9 1
p430 7 4 1
p431 1 9 1
p432 2 1 1
p433 3 4 0
p434 7 8 1
p435 6 5 0
p436 2 6 1
p437 4 4 1
p438 0 7 1
p439 3 7 1
p440 9 7 1
p441 10 7 1
p442 8 3 0
p443 10 6 1
p444 2 9 0
p445 4 1 0
p446 7 7 0
p447 0 2 1
p448 0 5 1
p449 2 6 1
p450 7 10 0
p451 10 5 0
p452 0 3 1
p453 8 10 0
p454 1 2 0
p455 1 3 1
p456 6 6 1
p457 1 3 0
p458 6 6 0
p459 9 5 1
p460 3 3 0
p461 5 8 0
p462 3 2 0
p463 0 9 0
p464 8 8 1
p465 4 2 0
p466 2 4 1
p467 5 10 1
p468 6 5 1
p469 1 7 1
p470 8 1 1
p471 8 7 0
p472 2 2 1
p473 5 7 1
p474 5 9 1
p475 4 7 0
p476 5 6 1
p477 9 10 0
p478 0 2 0
p479 4 10 0
p480 4 6 1
p481 3 5 1
p482 2 6 0
p483 10 5 1
p484 4 1 1
p485 4 6 1
p486 1 5 0
p487 8 3 1
p488 8 5 0
p489 3 4 1
p490 0 6 1
p491 5 7 1
p492 8 10 0
p493 0 3 0
p494 3 9 0
p495 1 10 1
p496 9 9 1
p497 7 7 0
p498 0 5 0
p499 3 7 0
p500 7 9 1