500
p1 0 8 0
p1 0 9 1
p2 0 2 1
p3 2 8 1
p4 9 10 1
p5 4 7 0
p6 0 10 0
p7 0 4 1
p8 8 7 1
p9 4 4 0
p10 7 7 1
p11 0 1 1
p12 6 6 1
p13 5 6 0
p14 5 4 1
p15 10 2 1
p16 8 9 1
p17 2 4 0
p18 4 7 1
p19 9 2 0
p20 0 4 0
p21 6 10 0
p22 4 5 1
p23 5 4 1
p24 9 3 0
p25 6 2 1
p26 8 6 1
p27 6 2 0
p28 5 10 1
p29 5 2 0
p30 2 9 1
p31 10 10 0
p32 0 3 0
p33 10 3 0
p34 1 7 0
p35 4 4 1
p36 8 3 1
p37 3 10 0
p38 8 6 1
p39 0 7 1
p40 5 6 1
p41 4 9 0
p42 8 6 1
p43 2 7 1
p44 10 6 0
p45 7 10 1
p46 10 8 1
p47 6 8 1
p48 4 7 0
p49 9 2 1
p50 6 2 0
p51 6 4 1
p52 5 7 0
p53 2 8 0
p54 6 9 0
p55 3 4 1
p56 6 8 0
p57 0 6 0
p58 2 8 0
p59 4 5 1
p60 1 4 0
p61 0 9 0
p62 3 5 0
p63 8 4 1
p64 4 1 1
p65 1 3 0
p66 5 5 1
p67 10 7 0
p68 7 3 1
p69 7 8 0
p70 6 10 1
p71 2 3 1
p72 5 8 0
p73 2 2 1
p74 8 1 1
p75 7 1 0
p76 6 7 0
p77 4 5 0
p78 7 3 1
p79 6 1 0
p80 1 8 0
p81 5 10 0
p82 3 8 1
p83 10 4 1
p84 6 9 1
p85 6 7 1
p86 3 9 1
p87 10 7 1
p88 9 1 1
p89 8 10 1
p90 2 10 1
p91 4 6 0
p92 8 6 0
p93 7 6 1
p94 10 2 0
p95 5 5 0
p96 6 8 1
p97 5 5 1
p98 10 7 1
p99 8 4 0
p100 0 6 1
p101 7 1 1
p102 7 5 0
p103 2 4 0
p104 5 2 1
p105 1 7 1
p106 6 3 0
p107 3 7 0
p108 8 1 1
p109 6 10 0
p110 3 2 1
p111 0 8 0
p112 1 6 0
p113 5 8 1
p114 5 5 0
p115 3 7 0
p116 5 5 0
p117 1 8 1
p118 0 10 1
p119 10 5 0
p120 6 8 1
p121 1 3 0
p122 7 7 1
p123 0 6 0
p124 7 6 1
p125 5 2 1
p126 8 8 1
p127 9 9 0
p128 3 2 1
p129 9 4 1
p130 2 10 0
p131 7 4 1
p132 4 2 1
p133 2 4 0
p134 1 9 0
p135 6 4 1
p136 5 1 0
p137 2 3 0
p138 0 5 1
p139 5 9 0
p140 1 4 0
p141 1 3 1
p142 6 3 1
p143 0 8 0
p144 5 9 1
p145 1 10 0
p146 3 7 1
p147 5 6 1
p148 8 6 1
p149 1 6 1
p150 5 2 1
p151 3 3 1
p152 5 9 1
p153 8 5 0
p154 10 1 1
p155 6 7 0
p156 10 8 0
p157 9 9 1
p158 10 9 1
p159 2 1 0
p160 8 9 1
p161 4 3 0
p162 1 10 0
p163 7 9 0
p164 6 8 0
p165 5 2 0
p166 9 10 1
p167 3 10 0
p168 7 6 0
p169 2 2 0
p170 10 8 0
p171 1 8 0
p172 8 2 0
p173 0 8 0
p174 2 8 1
p175 6 7 0
p176 0 2 1
p177 9 1 0
p178 6 10 0
p179 6 6 1
p180 3 4 0
p181 9 10 0
p182 7 3 1
p183 1 5 0
p184 0 2 1
p185 10 3 1
p186 6 6 0
p187 5 9 1
p188 9 2 0
p189 10 2 0
p190 3 2 1
p191 5 10 0
p192 8 9 1
p193 0 2 1
p194 1 3 0
p195 2 5 0
p196 10 7 0
p197 8 9 0
p198 10 3 0
p199 3 5 1
p200 8 10 0
p201 0 4 1
p202 2 8 0
p203 10 2 1
p204 2 6 0
p205 0 5 0
p206 6 10 1
p207 2 2 1
p208 4 10 1
p209 6 7 1
p210 2 10 0
p211 4 1 0
p212 1 2 1
p213 6 8 0
p214 2 9 1
p215 4 3 0
p216 4 10 1
p217 3 4 0
p218 8 9 0
p219 2 2 0
p220 8 10 0
p221 4 2 0
p222 7 10 1
p223 3 1 0
p224 10 10 0
p225 7 1 1
p226 9 5 0
p227 9 3 1
p228 7 3 0
p229 9 5 1
p230 9 9 1
p231 5 1 0
p232 3 9 1
p233 7 4 0
p234 5 6 1
p235 10 6 0
p236 8 1 0
p237 7 2 0
p238 6 2 0
p239 1 1 1
p240 5 7 1
p241 10 1 1
p242 9 3 1
p243 9 10 0
p244 9 5 0
p245 7 9 1
p246 4 7 1
p247 9 8 1
p248 6 6 0
p249 7 10 0
p250 2 5 1
p251 5 8 1
p252 2 3 0
p253 9 9 1
p254 3 8 0
p255 10 10 0
p256 9 6 0
p257 1 2 1
p258 3 10 0
p259 1 7 1
p260 0 5 0
p261 3 4 1
p262 9 6 1
p263 9 1 1
p264 10 5 0
p265 7 10 1
p266 8 5 0
p267 9 1 1
p268 5 4 1
p269 4 1 1
p270 3 6 0
p271 9 7 1
p272 8 3 1
p273 7 7 1
p274 5 2 1
p275 8 10 1
p276 1 1 1
p277 8 7 1
p278 3 1 0
p279 4 9 0
p280 5 4 1
p281 7 10 1
p282 2 4 1
p283 4 10 1
p284 7 7 1
p285 3 2 0
p286 3 5 0
p287 2 3 1
p288 3 4 1
p289 5 10 1
p290 0 9 0
p291 8 3 1
p292 10 8 1
p293 2 2 0
p294 4 5 0
p295 3 2 1
p296 7 2 0
p297 9 3 0
p298 1 3 1
p299 6 5 0
p300 6 3 0
p301 5 3 0
p302 7 10 1
p303 0 10 0
p304 2 8 1
p305 5 9 0
p306 9 10 0
p307 1 4 0
p308 10 8 1
p309 8 4 1
p310 8 8 0
p311 4 9 0
p312 5 4 1
p313 9 7 0
p314 0 1 0
p315 2 8 0
p316 9 3 0
p317 1 4 1
p318 2 3 0
p319 10 1 1
p320 8 3 1
p321 8 4 1
p322 3 7 0
p323 5 1 1
p324 2 10 1
p325 10 8 0
p326 6 5 1
p327 9 7 0
p328 6 4 1
p329 8 4 1
p330 5 10 0
p331 7 5 1
p332 4 5 1
p333 4 9 1
p334 5 6 1
p335 2 7 0
p336 8 1 0
p337 0 4 1
p338 8 3 0
p339 10 4 0
p340 1 2 1
p341 10 8 1
p342 9 7 1
p343 1 6 0
p344 8 3 1
p345 3 8 0
p346 3 10 0
p347 1 9 1
p348 9 5 1
p349 9 7 0
p350 8 9 0
p351 2 3 1
p352 10 2 1
p353 6 2 0
p354 1 8 0
p355 8 8 0
p356 5 3 1
p357 7 7 0
p358 2 5 0
p359 6 4 0
p360 3 9 1
p361 3 9 1
p362 6 9 1
p363 0 6 0
p364 5 9 1
p365 6 3 1
p366 2 8 1
p367 1 4 1
p368 2 2 0
p369 2 8 1
p370 6 4 0
p371 7 4 0
p372 9 5 0
p373 0 5 1
p374 1 9 1
p375 8 10 0
p376 4 1 1
p377 10 8 0
p378 4 4 0
p379 8 1 1
p380 7 2 0
p381 6 2 1
p382 7 3 1
p383 0 2 1
p384 7 7 1
p385 7 7 1
p386 9 3 1
p387 6 4 0
p388 7 10 0
p389 9 3 0
p390 0 1 1
p391 10 1 0
p392 0 5 0
p393 9 8 1
p394 0 1 1
p395 1 9 0
p396 4 9 0
p397 0 6 1
p398 1 3 0
p399 8 9 0
p400 2 5 0
p401 5 8 0
p402 6 1 1
p403 10 2 0
p404 8 3 0
p405 8 2 0
p406 9 2 0
p407 2 6 1
p408 1 8 0
p409 5 4 0
p410 10 6 0
p411 1 5 1
p412 4 2 0
p413 8 1 1
p414 7 6 1
p415 0 3 1
p416 1 9 0
p417 10 8 1
p418 0 3 0
p419 6 5 1
p420 9 8 0
p421 3 1 0
p422 2 8 1
p423 3 5 0
p424 5 10 1
p425 4 9 1
p426 4 9 0
p427 5 2 1
p428 8 6 1
p429 5 4 0
p430 2 6 1
p431 10 4 1
p432 1 10 0
p433 5 2 0
p434 5 3 1
p435 0 8 0
p436 9 9 0
p437 5 9 1
p438 0 5 0
p439 6 5 1
p440 5 8 0
p441 5 4 0
p442 5 9 1
p443 10 1 1
p444 3 3 1
p445 4 2 0
p446 10 1 1
p447 0 10 1
p448 8 4 1
p449 6 8 1
p450 4 7 1
p451 5 8 0
p452 3 9 0
p453 0 5 0
p454 9 8 0
p455 0 10 0
p456 3 8 0
p457 4 2 0
p458 3 6 1
p459 4 3 0
p460 1 9 1
p461 7 7 0
p462 10 8 0
p463 1 8 1
p464 3 7 0
p465 8 3 1
p466 9 2 0
p467 2 4 1
p468 2 10 1
p469 5 5 1
p470 1 3 1
p471 3 3 1
p472 4 1 0
p473 7 5 1
p474 10 6 1
p475 7 6 0
p476 9 7 1
p477 6 5 1
p478 6 7 0
p479 7 9 0
p480 5 9 0
p481 2 6 0
p482 10 3 0
p483 3 4 1
p484 8 3 0
p485 5 9 1
p486 0 1 0
p487 7 8 0
p488 9 3 1
p489 5 3 1
p490 10 2 1
p491 2 6 0
p492 7 4 0
p493 4 6 1
p494 4 7 1
p495 6 8 0
p496 0 9 0
p497 3 4 1
p498 6 7 0
p499 8 7 0
p500 3 8 0