500
p1 0 4 0
p1 4 5 1
p2 7 8 0
p3 0 5 0
p4 9 6 0
p5 8 1 0
p6 10 8 0
p7 0 6 0
p8 2 3 1
p9 8 8 1
p10 5 1 1
p11 2 6 1
p12 7 9 0
p13 6 4 0
p14 7 1 0
p15 2 5 0
p16 4 6 0
p17 4 9 1
p18 1 8 1
p19 8 7 1
p20 10 2 1
p21 5 8 0
p22 3 10 0
p23 5 9 1
p24 3 7 1
p25 2 10 1
p26 8 10 0
p27 0 3 1
p28 7 4 0
p29 7 8 0
p30 10 4 0
p31 6 5 1
p32 8 7 0
p33 1 6 1
p34 5 9 1
p35 5 10 0
p36 9 3 0
p37 6 7 0
p38 4 6 1
p39 7 4 0
p40 10 10 0
p41 6 4 0
p42 8 3 1
p43 10 5 0
p44 8 5 0
p45 8 5 1
p46 1 9 1
p47 1 3 1
p48 3 10 0
p49 4 3 0
p50 2 5 1
p51 8 5 0
p52 3 5 0
p53 4 1 1
p54 10 4 1
p55 4 2 1
p56 8 2 1
p57 7 5 1
p58 0 5 0
p59 7 7 1
p60 8 7 1
p61 1 1 0
p62 5 5 0
p63 6 7 0
p64 2 2 1
p65 10 8 0
p66 2 8 1
p67 9 4 1
p68 4 4 0
p69 0 4 0
p70 3 8 0
p71 3 5 0
p72 3 8 0
p73 0 2 0
p74 2 1 0
p75 8 1 1
p76 0 5 0
p77 2 6 0
p78 3 4 1
p79 2 9 0
p80 5 7 1
p81 1 3 1
p82 0 10 0
p83 2 4 0
p84 1 3 0
p85 5 6 1
p86 9 10 1
p87 7 10 0
p88 7 2 1
p89 8 9 0
p90 6 1 0
p91 5 4 0
p92 8 2 0
p93 5 8 1
p94 7 2 1
p95 8 5 0
p96 10 6 0
p97 1 4 1
p98 1 10 0
p99 1 3 1
p100 0 2 1
p101 1 10 0
p102 4 9 1
p103 3 9 0
p104 7 2 0
p105 8 10 0
p106 0 3 1
p107 5 7 1
p108 5 9 0
p109 0 9 1
p110 5 10 0
p111 1 10 0
p112 3 1 0
p113 6 3 0
p114 5 1 0
p115 9 8 1
p116 9 7 0
p117 7 9 0
p118 5 6 1
p119 10 5 1
p120 7 8 0
p121 2 7 0
p122 8 3 0
p123 2 1 0
p124 6 9 0
p125 7 7 1
p126 2 1 0
p127 9 8 0
p128 9 1 1
p129 0 2 1
p130 7 6 0
p131 7 10 1
p132 7 9 1
p133 3 10 1
p134 7 9 1
p135 8 3 1
p136 8 8 1
p137 7 7 1
p138 1 10 1
p139 2 5 0
p140 4 10 1
p141 5 8 0
p142 1 6 0
p143 0 8 1
p144 0 5 0
p145 6 10 0
p146 1 10 1
p147 5 3 1
p148 2 9 0
p149 9 3 0
p150 10 10 0
p151 5 7 1
p152 1 4 1
p153 3 2 0
p154 5 3 0
p155 4 8 1
p156 7 1 1
p157 3 1 1
p158 1 10 1
p159 7 6 1
p160 0 2 0
p161 9 5 1
p162 8 4 0
p163 10 10 1
p164 0 10 1
p165 5 7 1
p166 7 1 1
p167 7 1 1
p168 8 3 0
p169 10 5 1
p170 5 5 0
p171 8 2 0
p172 1 6 1
p173 4 3 1
p174 6 10 0
p175 7 6 0
p176 3 10 0
p177 6 6 1
p178 4 4 1
p179 1 1 1
p180 4 7 1
p181 10 4 0
p182 2 8 1
p183 2 6 1
p184 10 9 1
p185 1 10 0
p186 10 7 1
p187 9 2 1
p188 4 5 0
p189 2 5 0
p190 1 7 0
p191 10 8 0
p192 7 6 1
p193 5 2 1
p194 7 3 1
p195 1 2 0
p196 8 2 1
p197 8 10 0
p198 1 1 0
p199 9 1 0
p200 7 6 1
p201 0 6 0
p202 6 7 1
p203 6 2 1
p204 8 4 1
p205 0 5 1
p206 9 10 0
p207 4 1 1
p208 1 3 1
p209 4 1 1
p210 5 7 0
p211 5 6 1
p212 2 10 0
p213 0 2 1
p214 9 9 0
p215 6 6 0
p216 4 7 1
p217 8 9 0
p218 9 3 0
p219 5 7 1
p220 2 2 1
p221 10 10 0
p222 4 6 0
p223 3 8 1
p224 1 10 0
p225 3 4 1
p226 8 1 1
p227 5 8 1
p228 8 8 1
p229 9 7 1
p230 5 7 1
p231 1 1 0
p232 7 5 0
p233 7 6 1
p234 7 9 0
p235 10 3 0
p236 6 10 0
p237 2 4 0
p238 4 10 1
p239 7 2 0
p240 6 2 0
p241 5 5 1
p242 9 8 1
p243 8 4 0
p244 1 5 0
p245 6 10 1
p246 10 4 0
p247 4 9 1
p248 6 9 0
p249 3 8 1
p250 8 6 0
p251 3 4 0
p252 4 4 0
p253 7 8 1
p254 2 9 1
p255 5 4 0
p256 1 10 1
p257 1 8 1
p258 8 6 1
p259 10 3 0
p260 1 7 1
p261 10 7 0
p262 3 2 1
p263 0 10 0
p264 6 4 0
p265 6 3 0
p266 8 5 1
p267 7 7 0
p268 1 2 1
p269 5 1 1
p270 2 10 1
p271 8 5 1
p272 7 2 0
p273 6 2 1
p274 4 4 1
p275 9 6 1
p276 4 5 0
p277 4 8 0
p278 9 1 0
p279 3 4 0
p280 2 4 1
p281 1 8 1
p282 10 1 1
p283 2 7 0
p284 4 3 1
p285 0 8 0
p286 0 7 1
p287 6 5 0
p288 4 5 0
p289 5 10 1
p290 6 5 1
p291 7 5 0
p292 9 8 0
p293 1 6 0
p294 6 10 1
p295 6 2 0
p296 2 6 1
p297 6 10 1
p298 6 9 0
p299 1 5 1
p300 5 2 1
p301 10 9 1
p302 7 1 1
p303 0 8 0
p304 9 3 1
p305 7 1 1
p306 1 8 0
p307 5 10 0
p308 10 2 0
p309 4 9 0
p310 8 1 0
p311 3 4 0
p312 1 5 0
p313 7 7 1
p314 3 8 1
p315 4 9 1
p316 9 5 1
p317 5 8 0
p318 1 9 0
p319 8 9 0
p320 10 1 0
p321 3 1 1
p322 4 4 1
p323 0 6 0
p324 1 4 1
p325 4 10 1
p326 0 7 0
p327 5 9 1
p328 10 6 1
p329 0 8 0
p330 8 8 0
p331 4 2 0
p332 9 6 1
p333 8 4 0
p334 9 1 0
p335 10 3 1
p336 8 10 0
p337 10 3 0
p338 10 4 1
p339 9 1 0
p340 6 6 1
p341 0 9 0
p342 7 1 1
p343 9 10 0
p344 10 2 0
p345 6 4 0
p346 5 8 0
p347 2 8 0
p348 4 2 1
p349 0 1 1
p350 4 2 0
p351 8 7 0
p352 0 9 0
p353 6 1 1
p354 0 9 0
p355 7 7 0
p356 7 8 1
p357 0 8 1
p358 4 7 0
p359 3 10 0
p360 8 4 1
p361 7 7 1
p362 9 2 0
p363 1 5 0
p364 3 9 0
p365 1 9 0
p366 3 3 1
p367 8 8 0
p368 1 2 1
p369 2 10 0
p370 7 4 1
p371 2 1 1
p372 9 7 1
p373 8 4 1
p374 1 2 1
p375 5 4 1
p376 4 7 0
p377 4 5 1
p378 4 10 0
p379 8 3 1
p380 5 4 1
p381 9 6 1
p382 4 7 1
p383 4 9 0
p384 9 8 1
p385 10 10 1
p386 1 9 1
p387 0 4 1
p388 7 4 0
p389 3 4 0
p390 10 9 1
p391 5 8 0
p392 4 4 0
p393 4 3 0
p394 7 5 0
p395 5 7 1
p396 7 1 1
p397 6 6 1
p398 8 3 0
p399 3 4 1
p400 0 8 0
p401 8 2 1
p402 5 4 0
p403 9 8 0
p404 8 3 0
p405 0 5 1
p406 0 6 1
p407 1 6 0
p408 6 7 0
p409 6 10 1
p410 8 9 1
p411 5 9 0
p412 7 5 1
p413 3 5 1
p414 8 8 1
p415 9 3 1
p416 2 9 0
p417 3 7 1
p418 0 9 1
p419 8 10 0
p420 10 6 0
p421 2 2 0
p422 8 7 0
p423 1 8 0
p424 6 7 0
p425 4 8 0
p426 2 1 1
p427 5 4 1
p428 8 4 1
p429 6 7 0
p430 4 3 1
p431 9 10 0
p432 9 9 0
p433 5 5 1
p434 7 9 1
p435 7 3 1
p436 5 1 1
p437 0 2 0
p438 6 9 0
p439 6 2 0
p440 5 10 0
p441 2 1 1
p442 2 9 1
p443 8 4 1
p444 10 6 1
p445 7 2 0
p446 5 5 0
p447 5 2 1
p448 1 5 1
p449 1 9 1
p450 4 7 0
p451 9 5 0
p452 1 4 0
p453 10 1 0
p454 7 3 1
p455 6 1 1
p456 9 10 1
p457 9 10 0
p458 10 9 0
p459 6 9 0
p460 3 10 1
p461 5 2 1
p462 9 6 0
p463 1 10 0
p464 6 8 1
p465 0 2 1
p466 9 1 1
p467 2 1 0
p468 1 8 0
p469 5 6 1
p470 1 6 0
p471 0 7 1
p472 2 5 0
p473 8 4 0
p474 0 4 1
p475 2 8 0
p476 6 1 1
p477 9 5 1
p478 1 6 0
p479 2 7 1
p480 4 6 0
p481 0 3 1
p482 9 3 1
p483 7 1 0
p484 6 8 0
p485 2 10 1
p486 7 6 0
p487 1 4 0
p488 0 9 1
p489 5 9 1
p490 8 3 1
p491 2 4 1
p492 3 2 1
p493 7 6 1
p494 5 9 1
p495 3 3 0
p496 10 5 1
p497 3 5 1
p498 0 1 1
p499 10 6 1
p500 8 2 0