500
p1 0 10 1
p1 3 1 1
p2 5 7 1
p3 8 8 1
p4 10 6 0
p5 10 10 0
p6 1 8 0
p7 7 2 0
p8 4 3 0
p9 0 3 0
p10 9 10 1
p11 9 1 1
p12 4 4 1
p13 10 5 0
p14 3 8 0
p15 1 9 1
p16 5 5 0
p17 1 4 1
p18 3 6 0
p19 1 6 0
p20 7 2 0
p21 3 4 0
p22 6 4 1
p23 10 4 0
p24 2 7 1
p25 10 6 1
p26 8 3 1
p27 5 3 1
p28 9 8 0
p29 0 10 1
p30 10 5 1
p31 5 6 0
p32 9 2 1
p33 7 1 0
p34 6 1 0
p35 3 9 1
p36 5 3 0
p37 2 1 0
p38 2 6 1
p39 4 4 0
p40 10 6 1
p41 6 10 0
p42 10 2 1
p43 3 1 1
p44 7 7 0
p45 1 6 0
p46 8 6 0
p47 9 8 0
p48 5 9 0
p49 0 2 1
p50 3 9 0
p51 1 4 1
p52 6 2 0
p53 4 5 0
p54 2 10 0
p55 3 4 1
p56 2 2 1
p57 2 7 0
p58 2 3 1
p59 4 10 0
p60 4 5 0
p61 1 2 0
p62 9 8 1
p63 4 8 1
p64 5 9 0
p65 2 6 0
p66 0 5 1
p67 1 9 1
p68 7 2 1
p69 8 6 0
p70 8 6 1
p71 5 9 0
p72 3 4 1
p73 1 2 0
p74 0 7 0
p75 6 5 1
p76 8 8 0
p77 0 8 0
p78 2 8 1
p79 10 4 1
p80 5 2 0
p81 7 4 0
p82 2 5 1
p83 8 4 1
p84 4 9 1
p85 7 8 1
p86 5 9 0
p87 0 1 1
p88 7 2 1
p89 1 7 0
p90 1 5 1
p91 5 1 0
p92 8 8 0
p93 3 2 0
p94 7 6 0
p95 1 5 1
p96 10 8 1
p97 8 6 1
p98 7 3 0
p99 3 8 1
p100 6 7 1
p101 7 7 1
p102 3 7 0
p103 5 10 1
p104 1 1 1
p105 4 5 1
p106 5 8 0
p107 1 10 0
p108 1 6 0
p109 8 6 1
p110 9 5 0
p111 8 2 0
p112 10 6 0
p113 10 7 1
p114 8 1 1
p115 1 8 1
p116 7 1 1
p117 4 4 0
p118 7 5 1
p119 10 7 1
p120 2 10 1
p121 4 6 0
p122 10 2 0
p123 6 10 0
p124 5 3 0
p125 9 2 1
p126 1 6 0
p127 8 6 1
p128 5 1 1
p129 1 8 0
p130 7 8 1
p131 8 9 1
p132 9 5 0
p133 3 6 1
p134 4 10 1
p135 3 1 0
p136 5 10 1
p137 0 10 1
p138 0 7 1
p139 7 7 0
p140 6 10 1
p141 2 6 1
p142 4 2 0
p143 0 1 1
p144 9 3 0
p145 5 8 0
p146 10 5 0
p147 9 3 1
p148 5 3 1
p149 6 4 1
p150 9 7 0
p151 5 9 1
p152 7 3 1
p153 4 6 1
p154 3 9 1
p155 5 5 1
p156 1 5 1
p157 9 5 1
p158 8 4 1
p159 9 4 0
p160 2 10 0
p161 7 2 1
p162 8 1 1
p163 2 8 0
p164 4 2 0
p165 3 2 0
p166 5 10 1
p167 2 7 1
p168 4 3 1
p169 1 4 0
p170 7 9 0
p171 8 7 1
p172 4 6 1
p173 8 4 0
p174 8 5 1
p175 3 1 0
p176 5 9 1
p177 1 3 1
p178 0 9 1
p179 4 9 1
p180 1 5 1
p181 6 5 1
p182 3 9 0
p183 1 9 1
p184 0 2 1
p185 1 8 0
p186 0 8 0
p187 5 1 0
p188 7 9 1
p189 8 9 1
p190 8 5 1
p191 7 5 1
p192 0 4 1
p193 8 2 0
p194 7 6 1
p195 3 7 0
p196 7 10 1
p197 3 2 1
p198 2 4 0
p199 9 6 0
p200 1 4 0
p201 9 8 0
p202 5 4 1
p203 1 10 0
p204 9 7 1
p205 9 2 1
p206 5 7 0
p207 4 6 1
p208 1 8 1
p209 7 10 0
p210 6 2 1
p211 8 10 1
p212 8 10 0
p213 5 10 1
p214 2 9 1
p215 6 10 1
p216 7 2 1
p217 3 3 1
p218 2 3 0
p219 6 2 1
p220 4 8 0
p221 0 7 0
p222 2 3 1
p223 8 3 0
p224 4 4 1
p225 7 9 0
p226 10 2 1
p227 5 4 1
p228 7 7 0
p229 7 7 1
p230 0 1 0
p231 8 10 0
p232 7 7 1
p233 2 1 1
p234 4 7 0
p235 9 8 0
p236 4 10 0
p237 6 9 1
p238 6 2 1
p239 4 8 1
p240 6 8 1
p241 9 3 0
p242 10 5 0
p243 3 7 1
p244 7 4 1
p245 7 9 0
p246 2 1 1
p247 5 5 1
p248 0 10 0
p249 0 3 0
p250 9 3 1
p251 7 1 1
p252 7 2 0
p253 9 4 0
p254 0 5 1
p255 3 1 0
p256 5 3 0
p257 3 3 0
p258 9 2 1
p259 3 8 1
p260 7 1 1
p261 8 9 0
p262 9 5 1
p263 10 4 1
p264 4 8 1
p265 8 5 1
p266 4 4 1
p267 7 10 1
p268 3 6 0
p269 7 2 1
p270 10 6 1
p271 7 5 1
p272 7 4 0
p273 7 9 1
p274 9 5 1
p275 5 8 1
p276 6 5 1
p277 8 2 0
p278 9 10 1
p279 3 10 0
p280 3 5 1
p281 3 9 0
p282 3 10 1
p283 7 2 0
p284 0 1 0
p285 7 9 1
p286 5 9 1
p287 2 5 0
p288 8 8 0
p289 10 9 1
p290 0 8 1
p291 7 7 1
p292 1 1 0
p293 2 9 1
p294 10 4 1
p295 7 5 0
p296 10 7 0
p297 10 6 0
p298 2 9 1
p299 3 10 0
p300 4 6 1
p301 8 3 1
p302 7 2 1
p303 1 6 1
p304 4 3 1
p305 3 7 1
p306 4 7 1
p307 0 9 0
p308 1 4 0
p309 1 3 0
p310 3 7 1
p311 10 10 1
p312 0 1 0
p313 9 2 1
p314 7 2 1
p315 9 8 0
p316 3 4 0
p317 0 5 0
p318 7 4 0
p319 2 10 0
p320 1 3 1
p321 7 1 0
p322 5 10 0
p323 1 5 1
p324 1 2 1
p325 2 5 0
p326 1 10 0
p327 7 3 0
p328 6 9 1
p329 3 9 0
p330 6 1 0
p331 0 4 0
p332 0 6 0
p333 2 6 0
p334 3 5 1
p335 0 6 0
p336 5 9 1
p337 6 8 1
p338 6 8 1
p339 4 7 1
p340 8 7 1
p341 3 8 0
p342 8 4 1
p343 1 4 0
p344 0 9 1
p345 2 4 0
p346 3 7 1
p347 8 2 0
p348 3 5 1
p349 7 1 0
p350 9 7 0
p351 10 8 0
p352 6 4 1
p353 7 7 0
p354 9 1 0
p355 6 1 1
p356 0 8 1
p357 6 7 0
p358 3 7 0
p359 0 8 0
p360 7 1 1
p361 10 8 0
p362 8 9 1
p363 9 1 0
p364 4 2 0
p365 7 4 0
p366 7 7 0
p367 7 8 0
p368 2 6 0
p369 9 10 1
p370 10 7 0
p371 1 3 1
p372 5 7 1
p373 1 4 1
p374 7 7 1
p375 1 7 0
p376 9 4 0
p377 0 8 0
p378 3 9 1
p379 10 3 0
p380 4 1 1
p381 4 6 1
p382 2 9 0
p383 9 6 1
p384 2 3 0
p385 7 3 0
p386 10 3 1
p387 9 3 0
p388 0 1 1
p389 6 9 1
p390 7 10 1
p391 5 6 0
p392 1 4 0
p393 2 2 0
p394 8 3 0
p395 9 7 0
p396 4 1 0
p397 5 2 0
p398 1 9 0
p399 0 10 0
p400 4 5 0
p401 10 1 1
p402 6 10 0
p403 9 10 1
p404 6 5 1
p405 2 4 1
p406 0 3 0
p407 5 5 1
p408 8 9 0
p409 10 5 1
p410 10 5 1
p411 9 3 1
p412 3 10 0
p413 1 2 1
p414 5 4 1
p415 0 9 0
p416 6 10 0
p417 10 3 0
p418 8 1 1
p419 3 2 1
p420 10 9 1
p421 1 10 1
p422 3 4 1
p423 5 2 0
p424 4 10 0
p425 5 10 0
p426 9 9 1
p427 2 6 1
p428 7 8 0
p429 5 1 1
p430 5 6 1
p431 3 3 0
p432 6 6 1
p433 9 10 0
p434 8 4 0
p435 8 3 1
p436 1 2 1
p437 7 2 0
p438 9 3 1
p439 3 10 1
p440 6 9 1
p441 8 7 1
p442 7 2 0
p443 0 1 0
p444 4 2 1
p445 8 1 1
p446 0 6 0
p447 8 8 0
p448 7 1 0
p449 5 5 1
p450 5 1 1
p451 7 1 1
p452 9 4 1
p453 5 5 1
p454 8 8 0
p455 0 3 0
p456 8 1 1
p457 7 8 0
p458 9 5 0
p459 5 5 0
p460 2 5 1
p461 5 6 1
p462 6 6 0
p463 9 9 0
p464 10 3 1
p465 8 9 1
p466 0 3 1
p467 5 10 0
p468 1 3 0
p469 7 4 1
p470 10 5 1
p471 7 5 1
p472 8 10 0
p473 6 3 0
p474 0 2 1
p475 5 4 1
p476 5 5 1
p477 0 4 1
p478 5 8 1
p479 7 1 1
p480 8 7 1
p481 2 7 1
p482 6 3 0
p483 7 7 0
p484 5 9 0
p485 1 5 1
p486 2 1 1
p487 8 2 0
p488 5 1 0
p489 7 9 0
p490 9 6 0
p491 4 3 1
p492 6 10 1
p493 0 2 1
p494 1 7 1
p495 10 10 0
p496 2 1 0
p497 7 9 1
p498 0 6 1
p499 2 4 0
p500 7 8 1