500
p1 0 2 0
p1 5 8 1
p2 6 9 0
p3 7 2 1
p4 5 5 0
p5 1 5 0
p6 1 10 0
p7 8 4 1
p8 5 9 0
p9 4 1 1
p10 9 6 0
p11 7 4 1
p12 0 4 0
p13 5 8 1
p14 0 10 1
p15 5 3 1
p16 4 1 1
p17 8 2 0
p18 6 1 0
p19 6 2 1
p20 0 1 0
p21 3 1 0
p22 3 6 1
p23 9 1 0
p24 0 1 1
p25 5 8 1
p26 5 8 0
p27 7 7 1
p28 4 4 1
p29 9 9 0
p30 0 3 0
p31 4 5 1
p32 10 7 0
p33 4 5 1
p34 4 1 1
p35 0 4 0
p36 8 6 0
p37 0 10 0
p38 7 2 1
p39 10 8 1
p40 4 10 1
p41 7 6 0
p42 5 10 0
p43 5 3 1
p44 0 5 1
p45 1 7 0
p46 2 10 1
p47 2 5 0
p48 2 5 1
p49 2 10 1
p50 10 3 0
p51 4 6 1
p52 6 3 0
p53 6 6 0
p54 5 8 1
p55 8 9 1
p56 0 1 0
p57 7 1 0
p58 0 8 0
p59 9 4 1
p60 3 1 1
p61 5 8 0
p62 8 5 0
p63 7 7 1
p64 8 9 0
p65 5 5 1
p66 7 4 1
p67 9 5 0
p68 9 9 1
p69 5 6 0
p70 3 4 0
p71 9 4 0
p72 9 9 0
p73 5 4 0
p74 2 7 1
p75 0 8 1
p76 0 1 0
p77 2 7 1
p78 7 2 1
p79 7 2 0
p80 0 2 1
p81 0 8 0
p82 8 4 0
p83 6 4 1
p84 10 4 1
p85 5 1 0
p86 6 4 1
p87 5 5 1
p88 6 10 0
p89 1 4 1
p90 6 2 1
p91 2 7 0
p92 3 3 1
p93 2 2 0
p94 10 8 0
p95 7 2 0
p96 2 10 1
p97 1 2 0
p98 8 7 1
p99 3 5 1
p100 0 9 0
p101 3 4 0
p102 0 5 1
p103 9 10 0
p104 0 4 1
p105 9 3 1
p106 10 7 0
p107 4 6 1
p108 1 6 1
p109 6 3 1
p110 7 7 1
p111 0 8 0
p112 6 7 0
p113 0 5 1
p114 10 1 0
p115 8 8 0
p116 3 4 1
p117 10 8 0
p118 10 2 0
p119 9 2 0
p120 8 4 0
p121 0 5 1
p122 2 3 1
p123 0 7 1
p124 9 4 1
p125 4 1 0
p126 4 10 0
p127 8 4 1
p128 6 2 1
p129 5 4 0
p130 6 10 1
p131 9 6 0
p132 6 7 0
p133 4 5 0
p134 3 3 0
p135 0 10 0
p136 3 5 1
p137 0 7 0
p138 6 9 0
p139 10 4 1
p140 4 2 0
p141 8 9 1
p142 8 2 0
p143 3 3 0
p144 1 2 0
p145 0 3 1
p146 9 1 1
p147 7 2 1
p148 6 5 0
p149 0 3 1
p150 1 7 0
p151 2 1 0
p152 3 10 0
p153 7 8 0
p154 2 4 1
p155 6 10 0
p156 3 6 0
p157 2 1 1
p158 2 3 0
p159 8 3 0
p160 0 10 1
p161 6 10 1
p162 2 5 0
p163 6 4 1
p164 8 3 0
p165 2 4 1
p166 5 5 0
p167 9 6 1
p168 6 8 1
p169 8 4 0
p170 5 7 1
p171 0 6 0
p172 8 6 0
p173 7 4 1
p174 10 6 1
p175 3 4 1
p176 10 9 1
p177 3 3 0
p178 10 10 1
p179 4 7 0
p180 4 4 0
p181 0 3 0
p182 6 10 1
p183 10 10 1
p184 8 6 0
p185 4 6 1
p186 1 9 0
p187 0 9 0
p188 3 10 1
p189 1 7 1
p190 0 1 0
p191 0 3 0
p192 3 4 0
p193 2 7 1
p194 2 9 0
p195 9 5 1
p196 3 4 0
p197 10 5 0
p198 5 6 0
p199 3 10 0
p200 1 5 0
p201 0 7 1
p202 6 2 0
p203 9 5 0
p204 7 3 0
p205 1 10 1
p206 1 2 0
p207 6 10 0
p208 10 6 1
p209 9 9 1
p210 6 9 1
p211 7 9 1
p212 9 4 1
p213 9 3 1
p214 0 10 0
p215 6 5 1
p216 6 9 0
p217 10 2 1
p218 9 9 0
p219 4 6 0
p220 7 7 0
p221 9 2 0
p222 5 9 0
p223 9 3 0
p224 3 10 1
p225 8 3 1
p226 10 1 0
p227 3 7 1
p228 4 6 1
p229 5 7 0
p230 0 6 0
p231 10 1 1
p232 9 2 1
p233 8 7 0
p234 10 6 1
p235 1 7 1
p236 4 3 1
p237 8 7 1
p238 5 8 1
p239 7 1 1
p240 10 6 0
p241 7 3 1
p242 7 1 0
p243 6 4 0
p244 3 8 0
p245 6 10 0
p246 1 9 1
p247 3 2 1
p248 7 10 1
p249 1 5 1
p250 2 10 1
p251 3 1 1
p252 3 3 1
p253 4 3 1
p254 4 7 0
p255 7 2 1
p256 10 2 1
p257 7 9 0
p258 3 10 1
p259 8 9 1
p260 0 6 0
p261 5 3 0
p262 2 3 1
p263 0 1 1
p264 4 1 0
p265 4 2 1
p266 8 1 1
p267 9 1 1
p268 4 2 0
p269 7 3 1
p270 1 5 0
p271 5 6 0
p272 4 8 0
p273 4 4 0
p274 9 7 0
p275 10 7 1
p276 4 2 1
p277 2 4 1
p278 3 1 1
p279 5 6 1
p280 8 2 1
p281 2 8 0
p282 10 5 1
p283 2 9 1
p284 4 1 1
p285 7 2 1
p286 0 1 0
p287 0 1 0
p288 3 3 0
p289 9 5 1
p290 7 8 0
p291 4 3 0
p292 3 8 0
p293 6 5 1
p294 1 4 1
p295 1 7 0
p296 9 4 1
p297 9 9 1
p298 2 1 1
p299 10 2 1
p300 7 6 0
p301 3 1 0
p302 3 2 1
p303 0 4 1
p304 4 6 0
p305 5 1 1
p306 9 9 0
p307 3 2 0
p308 5 5 0
p309 1 9 1
p310 3 8 0
p311 10 7 0
p312 9 1 1
p313 10 7 1
p314 2 2 0
p315 9 8 0
p316 3 10 0
p317 8 4 0
p318 8 5 0
p319 10 5 0
p320 6 9 1
p321 5 6 0
p322 7 7 0
p323 8 3 0
p324 9 9 1
p325 10 8 0
p326 5 5 1
p327 6 9 0
p328 5 6 0
p329 2 7 1
p330 2 1 1
p331 3 10 0
p332 7 2 0
p333 7 9 1
p334 10 5 1
p335 0 5 0
p336 2 9 1
p337 3 9 1
p338 6 10 0
p339 5 1 0
p340 8 6 1
p341 0 1 0
p342 8 4 1
p343 10 7 1
p344 2 4 1
p345 10 8 1
p346 6 8 1
p347 5 6 0
p348 0 2 1
p349 5 2 1
p350 0 8 0
p351 4 3 1
p352 2 8 0
p353 5 8 1
p354 5 1 0
p355 3 10 0
p356 2 7 1
p357 5 5 0
p358 5 2 1
p359 9 6 1
p360 8 3 0
p361 1 2 0
p362 3 6 1
p363 10 6 1
p364 6 9 1
p365 10 3 0
p366 1 9 0
p367 1 9 0
p368 4 10 0
p369 1 7 1
p370 1 4 1
p371 10 4 1
p372 4 3 0
p373 3 7 1
p374 3 1 1
p375 8 4 0
p376 2 9 0
p377 0 10 0
p378 9 9 0
p379 6 7 0
p380 3 1 1
p381 2 2 1
p382 6 8 1
p383 2 7 1
p384 1 5 0
p385 2 2 1
p386 8 4 0
p387 1 5 1
p388 5 10 1
p389 5 3 1
p390 6 7 1
p391 6 9 1
p392 5 8 0
p393 8 10 0
p394 10 9 0
p395 9 7 1
p396 2 6 1
p397 0 5 1
p398 2 2 0
p399 10 10 0
p400 6 3 0
p401 10 6 1
p402 1 4 0
p403 1 10 1
p404 4 9 1
p405 4 4 0
p406 4 10 1
p407 7 7 1
p408 1 4 0
p409 8 1 1
p410 8 5 0
p411 6 6 1
p412 1 9 1
p413 10 1 0
p414 1 8 0
p415 10 2 1
p416 1 2 0
p417 7 7 0
p418 5 5 0
p419 0 7 0
p420 8 3 0
p421 1 4 1
p422 7 5 1
p423 8 9 0
p424 1 1 1
p425 5 2 0
p426 7 7 0
p427 10 5 0
p428 0 10 1
p429 10 5 1
p430 8 10 0
p431 0 9 1
p432 4 10 1
p433 0 3 0
p434 0 3 0
p435 6 6 1
p436 1 9 1
p437 10 8 1
p438 7 3 0
p439 3 9 0
p440 6 2 0
p441 1 2 0
p442 2 3 1
p443 1 5 0
p444 5 2 0
p445 6 7 1
p446 1 9 1
p447 0 5 0
p448 1 6 1
p449 1 5 1
p450 5 10 0
p451 5 1 1
p452 2 7 1
p453 5 9 0
p454 6 8 1
p455 9 8 1
p456 4 4 0
p457 0 10 0
p458 3 4 1
p459 4 9 0
p460 9 8 1
p461 7 5 0
p462 6 6 0
p463 10 5 0
p464 9 4 0
p465 2 7 1
p466 4 2 0
p467 4 8 1
p468 3 10 1
p469 1 4 1
p470 5 10 0
p471 8 7 0
p472 10 10 1
p473 9 8 0
p474 10 8 1
p475 2 3 0
p476 5 9 1
p477 9 6 0
p478 1 1 1
p479 3 9 0
p480 6 10 0
p481 4 8 0
p482 9 8 1
p483 3 4 0
p484 1 9 1
p485 7 2 1
p486 9 8 0
p487 10 3 1
p488 10 9 1
p489 10 6 1
p490 7 4 0
p491 7 2 1
p492 6 2 0
p493 8 1 0
p494 1 7 0
p495 7 10 0
p496 0 1 1
p497 8 1 1
p498 0 7 1
p499 1 8 0
p500 0 10 1