500
p1 0 4 1
p1 9 2 0
p2 9 3 0
p3 3 5 0
p4 3 6 0
p5 10 9 1
p6 1 1 0
p7 9 3 1
p8 8 7 0
p9 9 8 1
p10 5 6 0
p11 9 10 0
p12 3 4 0
p13 3 5 0
p14 2 7 1
p15 0 2 1
p16 6 1 0
p17 4 3 0
p18 7 8 1
p19 1 7 0
p20 5 8 1
p21 1 7 1
p22 7 2 0
p23 9 6 1
p24 6 10 1
p25 10 10 0
p26 6 7 0
p27 1 8 1
p28 0 4 0
p29 2 2 0
p30 4 2 1
p31 3 6 0
p32 3 6 1
p33 0 8 0
p34 0 6 1
p35 2 4 0
p36 8 6 0
p37 7 9 1
p38 6 7 0
p39 4 8 0
p40 8 10 1
p41 0 1 0
p42 10 1 1
p43 10 3 0
p44 1 7 1
p45 5 5 1
p46 2 2 0
p47 3 10 0
p48 3 10 1
p49 5 1 0
p50 3 9 1
p51 0 3 1
p52 8 3 1
p53 8 3 0
p54 0 5 0
p55 0 10 0
p56 4 10 0
p57 8 9 1
p58 9 7 0
p59 6 5 0
p60 1 10 1
p61 8 7 1
p62 4 7 0
p63 5 3 0
p64 7 6 0
p65 1 10 1
p66 1 1 1
p67 10 6 1
p68 5 3 1
p69 1 2 1
p70 0 7 0
p71 9 1 1
p72 6 5 1
p73 0 1 1
p74 1 10 0
p75 10 2 1
p76 0 10 1
p77 1 2 0
p78 8 3 1
p79 9 6 0
p80 9 2 0
p81 2 7 0
p82 9 6 1
p83 0 4 1
p84 0 1 0
p85 7 3 1
p86 8 9 0
p87 9 8 1
p88 3 2 1
p89 1 7 1
p90 7 8 0
p91 9 5 1
p92 5 7 0
p93 7 10 1
p94 10 8 1
p95 10 7 0
p96 10 8 0
p97 9 10 0
p98 4 4 1
p99 0 10 0
p100 9 1 1
p101 5 3 1
p102 9 9 1
p103 6 4 0
p104 3 6 1
p105 3 8 0
p106 4 8 1
p107 4 9 0
p108 5 9 1
p109 0 2 0
p110 8 7 1
p111 4 4 1
p112 3 8 1
p113 10 8 0
p114 3 7 1
p115 4 6 0
p116 6 1 0
p117 8 7 0
p118 2 2 0
p119 5 3 1
p120 6 2 1
p121 10 10 0
p122 6 3 1
p123 6 5 0
p124 6 9 1
p125 3 3 0
p126 8 4 1
p127 6 1 1
p128 9 3 0
p129 6 5 1
p130 8 6 0
p131 2 5 0
p132 4 8 0
p133 8 3 1
p134 9 7 1
p135 10 1 1
p136 1 8 1
p137 7 3 1
p138 0 6 1
p139 5 3 0
p140 10 2 1
p141 3 6 1
p142 7 10 0
p143 3 2 1
p144 0 1 1
p145 3 2 1
p146 0 6 1
p147 3 9 1
p148 5 1 1
p149 7 4 1
p150 2 9 0
p151 6 1 1
p152 5 1 1
p153 7 4 0
p154 8 1 0
p155 2 6 0
p156 1 1 1
p157 3 10 0
p158 3 9 0
p159 7 7 1
p160 8 3 0
p161 5 8 0
p162 7 2 1
p163 9 1 0
p164 6 9 0
p165 8 4 0
p166 3 7 0
p167 3 2 1
p168 1 7 1
p169 8 3 1
p170 3 9 1
p171 10 1 0
p172 8 10 0
p173 5 5 0
p174 4 6 1
p175 4 5 0
p176 7 7 0
p177 3 6 0
p178 4 3 0
p179 6 10 1
p180 3 3 1
p181 8 8 1
p182 10 10 0
p183 9 2 0
p184 8 5 1
p185 3 2 0
p186 7 1 0
p187 8 8 1
p188 10 6 1
p189 3 4 0
p190 4 10 1
p191 10 1 0
p192 2 2 1
p193 10 2 1
p194 5 10 1
p195 8 1 0
p196 2 6 0
p197 2 4 1
p198 0 4 0
p199 8 5 0
p200 1 2 1
p201 1 1 1
p202 9 4 0
p203 8 2 1
p204 3 1 0
p205 0 7 0
p206 1 3 0
p207 0 9 1
p208 4 2 1
p209 3 6 1
p210 2 2 0
p211 5 4 0
p212 9 6 0
p213 9 3 1
p214 5 8 1
p215 1 1 1
p216 0 1 1
p217 8 6 1
p218 9 1 0
p219 1 6 1
p220 9 5 1
p221 5 5 0
p222 9 10 1
p223 1 1 1
p224 4 10 0
p225 7 6 1
p226 2 2 1
p227 5 6 0
p228 2 9 0
p229 2 6 1
p230 0 3 1
p231 7 5 1
p232 3 8 0
p233 8 10 1
p234 2 10 0
p235 5 4 1
p236 10 7 0
p237 10 1 1
p238 1 9 0
p239 2 8 1
p240 10 10 1
p241 5 7 0
p242 3 10 1
p243 0 8 0
p244 4 3 0
p245 5 5 1
p246 8 6 1
p247 9 6 1
p248 7 1 0
p249 6 4 1
p250 10 8 0
p251 6 4 0
p252 7 2 1
p253 0 6 0
p254 9 5 0
p255 2 8 1
p256 0 5 0
p257 10 5 0
p258 8 6 0
p259 6 5 1
p260 2 9 0
p261 9 2 0
p262 8 10 1
p263 4 10 0
p264 3 1 0
p265 6 8 1
p266 4 10 0
p267 7 1 0
p268 2 8 1
p269 10 2 1
p270 0 2 1
p271 5 9 0
p272 1 9 1
p273 7 1 1
p274 10 4 1
p275 1 3 1
p276 5 1 0
p277 9 7 1
p278 0 4 0
p279 3 4 1
p280 2 2 0
p281 9 6 1
p282 7 10 1
p283 9 7 1
p284 6 4 0
p285 5 1 0
p286 9 1 0
p287 1 8 1
p288 5 4 0
p289 7 6 1
p290 10 10 0
p291 4 6 1
p292 9 6 0
p293 2 7 0
p294 10 2 1
p295 9 2 1
p296 9 5 0
p297 10 2 1
p298 10 3 0
p299 0 5 1
p300 0 5 1
p301 9 4 0
p302 1 9 1
p303 6 2 1
p304 2 2 0
p305 4 6 1
p306 4 9 1
p307 6 9 1
p308 7 3 1
p309 3 6 1
p310 1 4 0
p311 0 6 1
p312 10 10 1
p313 5 7 0
p314 3 4 1
p315 1 2 1
p316 2 6 1
p317 4 8 1
p318 7 3 0
p319 6 5 1
p320 6 10 0
p321 5 10 1
p322 7 2 1
p323 0 3 1
p324 7 9 0
p325 5 4 1
p326 2 9 1
p327 7 3 0
p328 10 4 1
p329 7 8 1
p330 10 7 0
p331 8 3 1
p332 10 3 0
p333 5 1 0
p334 1 4 0
p335 7 8 0
p336 8 7 0
p337 3 1 0
p338 2 1 1
p339 7 9 0
p340 1 2 0
p341 5 1 0
p342 10 6 1
p343 2 3 1
p344 8 4 0
p345 6 8 1
p346 7 2 1
p347 3 3 0
p348 3 7 0
p349 9 5 1
p350 10 7 0
p351 1 8 1
p352 0 3 0
p353 0 9 0
p354 10 2 1
p355 8 1 1
p356 6 2 0
p357 6 1 1
p358 3 2 1
p359 5 8 1
p360 9 10 1
p361 10 2 1
p362 6 9 1
p363 8 7 1
p364 4 5 0
p365 10 7 0
p366 10 2 1
p367 6 5 1
p368 4 2 0
p369 6 2 1
p370 3 4 0
p371 6 5 0
p372 2 1 0
p373 8 9 1
p374 7 2 1
p375 6 4 1
p376 0 5 0
p377 5 6 1
p378 2 3 0
p379 3 10 1
p380 6 5 1
p381 6 6 1
p382 10 7 0
p383 3 8 0
p384 6 2 1
p385 6 2 0
p386 2 3 0
p387 9 2 0
p388 10 10 0
p389 6 10 1
p390 5 10 0
p391 1 9 1
p392 8 9 1
p393 5 8 0
p394 0 6 1
p395 8 7 1
p396 6 5 1
p397 2 6 0
p398 1 3 1
p399 10 9 1
p400 7 7 0
p401 0 9 0
p402 0 3 1
p403 1 9 0
p404 4 4 0
p405 2 4 0
p406 7 10 1
p407 6 9 0
p408 8 6 0
p409 2 7 1
p410 9 2 1
p411 4 6 1
p412 1 4 0
p413 1 5 0
p414 5 6 1
p415 7 1 0
p416 9 1 0
p417 5 9 0
p418 0 7 0
p419 3 6 0
p420 8 7 1
p421 8 2 1
p422 6 7 0
p423 9 6 0
p424 7 3 1
p425 10 8 0
p426 4 5 0
p427 7 4 0
p428 2 6 0
p429 6 1 0
p430 3 7 0
p431 1 10 1
p432 7 1 1
p433 3 3 0
p434 8 6 0
p435 3 5 1
p436 2 2 0
p437 10 9 1
p438 0 4 0
p439 0 6 1
p440 1 2 1
p441 3 5 1
p442 6 2 1
p443 1 8 1
p444 8 9 1
p445 3 1 1
p446 0 7 0
p447 8 9 0
p448 1 4 1
p449 7 4 0
p450 8 1 1
p451 10 7 0
p452 9 9 1
p453 2 1 0
p454 6 6 0
p455 5 7 0
p456 6 3 0
p457 6 8 1
p458 8 5 0
p459 1 1 1
p460 6 10 0
p461 2 7 0
p462 10 10 0
p463 4 5 1
p464 10 3 0
p465 0 8 0
p466 10 8 0
p467 7 4 1
p468 3 2 0
p469 9 5 0
p470 0 1 0
p471 10 3 0
p472 9 2 1
p473 2 7 1
p474 0 10 1
p475 1 3 0
p476 4 7 1
p477 2 8 0
p478 1 5 1
p479 3 5 0
p480 0 9 0
p481 10 8 0
p482 1 8 0
p483 1 2 0
p484 9 7 1
p485 0 2 1
p486 8 3 0
p487 8 4 1
p488 4 1 1
p489 4 8 0
p490 6 10 0
p491 5 3 1
p492 5 7 0
p493 0 8 1
p494 10 6 1
p495 8 10 0
p496 5 3 0
p497 10 9 0
p498 8 3 0
p499 10 9 0
p500 4 1 1