500
p1 0 5 0
p1 4 5 1
p2 9 8 1
p3 10 5 0
p4 4 9 1
p5 0 10 0
p6 4 7 0
p7 0 5 1
p8 0 8 0
p9 8 9 0
p10 5 6 0
p11 3 10 0
p12 1 5 1
p13 9 8 0
p14 4 2 0
p15 3 8 0
p16 5 8 0
p17 2 9 1
p18 3 6 0
p19 8 6 0
p20 0 9 1
p21 10 6 1
p22 7 8 1
p23 10 2 0
p24 7 7 1
p25 2 8 1
p26 5 8 0
p27 6 4 0
p28 7 4 1
p29 2 6 1
p30 5 2 1
p31 8 7 0
p32 2 9 1
p33 7 4 1
p34 2 5 1
p35 10 4 0
p36 6 2 0
p37 8 6 1
p38 3 9 0
p39 9 2 1
p40 2 6 1
p41 0 4 1
p42 4 4 1
p43 3 8 0
p44 3 5 0
p45 0 4 0
p46 4 10 1
p47 8 2 0
p48 5 10 0
p49 6 8 1
p50 8 4 1
p51 10 10 0
p52 0 9 1
p53 3 2 0
p54 7 10 1
p55 8 9 0
p56 7 1 0
p57 1 10 1
p58 3 3 1
p59 9 5 0
p60 1 8 1
p61 5 6 0
p62 3 7 1
p63 9 10 0
p64 9 2 0
p65 3 6 0
p66 10 6 0
p67 4 7 0
p68 2 4 0
p69 10 5 0
p70 9 3 1
p71 6 7 0
p72 9 6 1
p73 0 9 0
p74 2 3 1
p75 4 1 0
p76 8 10 1
p77 7 7 1
p78 6 10 0
p79 1 3 0
p80 9 7 1
p81 3 6 1
p82 4 9 0
p83 0 8 1
p84 3 1 1
p85 9 8 1
p86 2 9 1
p87 0 7 1
p88 0 9 0
p89 7 10 1
p90 6 3 1
p91 9 7 0
p92 10 6 0
p93 9 10 1
p94 7 7 1
p95 10 1 0
p96 10 7 1
p97 5 5 1
p98 6 9 0
p99 7 5 1
p100 3 3 1
p101 5 3 1
p102 6 5 1
p103 7 4 0
p104 3 4 0
p105 0 1 0
p106 7 6 1
p107 1 9 1
p108 9 8 1
p109 5 4 1
p110 0 6 0
p111 1 6 0
p112 4 7 0
p113 8 7 0
p114 6 9 1
p115 7 6 0
p116 0 1 1
p117 10 4 1
p118 0 10 1
p119 7 2 0
p120 10 9 1
p121 8 5 0
p122 8 8 1
p123 8 5 1
p124 5 6 1
p125 4 7 0
p126 7 9 1
p127 2 10 0
p128 2 7 1
p129 3 9 0
p130 9 8 0
p131 3 2 0
p132 10 9 1
p133 2 7 1
p134 6 7 0
p135 5 9 1
p136 6 8 1
p137 5 5 1
p138 3 5 1
p139 9 10 1
p140 2 1 0
p141 2 7 1
p142 1 2 0
p143 0 4 0
p144 8 4 1
p145 7 5 1
p146 3 8 0
p147 7 3 0
p148 6 3 0
p149 2 1 1
p150 9 6 1
p151 5 8 0
p152 6 3 1
p153 2 10 1
p154 6 1 0
p155 0 6 0
p156 0 10 1
p157 2 9 1
p158 6 8 0
p159 1 3 0
p160 1 4 1
p161 4 9 0
p162 2 9 1
p163 5 6 0
p164 10 3 0
p165 6 1 1
p166 3 10 0
p167 0 3 1
p168 9 1 0
p169 5 8 0
p170 3 2 1
p171 7 5 1
p172 4 5 0
p173 9 4 1
p174 5 6 1
p175 2 6 1
p176 5 8 0
p177 6 1 0
p178 9 8 1
p179 8 3 0
p180 9 4 1
p181 6 9 1
p182 0 4 1
p183 3 4 0
p184 2 6 1
p185 1 7 0
p186 0 8 1
p187 10 1 0
p188 10 5 1
p189 5 9 0
p190 2 7 1
p191 6 3 1
p192 8 5 0
p193 1 10 1
p194 8 7 1
p195 10 6 1
p196 7 9 0
p197 4 7 0
p198 0 2 0
p199 0 8 0
p200 3 2 1
p201 8 7 1
p202 10 2 1
p203 2 10 1
p204 2 4 1
p205 6 4 0
p206 1 5 0
p207 4 3 1
p208 8 3 0
p209 9 2 0
p210 6 6 1
p211 3 5 0
p212 6 1 1
p213 6 6 0
p214 3 5 1
p215 0 4 1
p216 7 9 1
p217 2 1 1
p218 3 7 1
p219 2 3 0
p220 10 10 1
p221 7 2 1
p222 0 4 0
p223 5 1 1
p224 1 1 1
p225 5 2 1
p226 6 1 1
p227 7 7 1
p228 1 6 1
p229 8 2 0
p230 9 1 1
p231 2 6 1
p232 8 5 0
p233 5 1 0
p234 0 5 0
p235 1 9 1
p236 9 9 1
p237 3 1 0
p238 0 7 1
p239 4 1 0
p240 6 7 1
p241 8 8 0
p242 3 3 1
p243 7 2 1
p244 4 3 0
p245 6 7 0
p246 6 4 0
p247 3 10 0
p248 4 8 1
p249 10 6 1
p250 7 7 1
p251 9 10 0
p252 8 8 1
p253 3 8 0
p254 1 6 0
p255 0 8 0
p256 5 1 1
p257 1 8 1
p258 1 4 0
p259 8 6 1
p260 6 7 0
p261 4 6 1
p262 5 10 1
p263 1 3 0
p264 1 8 0
p265 1 2 1
p266 0 3 0
p267 0 2 1
p268 10 7 0
p269 10 10 0
p270 6 9 0
p271 10 10 1
p272 10 3 1
p273 8 1 1
p274 2 7 0
p275 0 4 0
p276 10 8 0
p277 4 3 1
p278 5 7 1
p279 0 1 0
p280 5 9 1
p281 6 7 0
p282 10 9 0
p283 4 9 0
p284 2 8 0
p285 2 3 0
p286 6 10 1
p287 8 2 1
p288 5 6 1
p289 10 6 1
p290 8 8 0
p291 3 8 0
p292 1 7 0
p293 3 2 1
p294 10 6 0
p295 2 8 1
p296 8 3 0
p297 9 9 1
p298 1 9 0
p299 5 2 1
p300 0 9 0
p301 9 8 1
p302 9 10 0
p303 9 7 1
p304 6 3 0
p305 4 4 1
p306 7 3 1
p307 6 1 0
p308 1 8 0
p309 10 4 1
p310 7 10 1
p311 1 3 0
p312 1 3 0
p313 10 8 0
p314 10 5 0
p315 1 5 0
p316 8 8 0
p317 5 7 1
p318 7 4 0
p319 10 5 0
p320 0 5 1
p321 6 4 1
p322 10 9 0
p323 2 9 1
p324 3 5 1
p325 6 10 0
p326 6 9 1
p327 0 8 0
p328 9 10 1
p329 1 1 1
p330 9 6 1
p331 3 3 1
p332 10 3 1
p333 5 10 1
p334 8 10 1
p335 2 10 1
p336 3 6 1
p337 1 10 0
p338 5 6 0
p339 3 2 0
p340 3 2 1
p341 0 9 0
p342 5 5 0
p343 7 6 1
p344 5 5 0
p345 9 2 1
p346 4 1 0
p347 2 10 0
p348 6 6 1
p349 0 6 0
p350 4 8 1
p351 5 2 1
p352 1 3 1
p353 0 7 0
p354 3 5 1
p355 10 2 0
p356 9 8 1
p357 9 1 0
p358 3 3 1
p359 9 9 0
p360 6 5 0
p361 1 5 1
p362 6 2 0
p363 10 2 0
p364 4 3 0
p365 5 4 1
p366 8 7 0
p367 0 5 1
p368 7 10 1
p369 8 7 0
p370 10 7 0
p371 4 7 0
p372 8 1 0
p373 8 7 1
p374 0 2 1
p375 10 9 0
p376 1 3 1
p377 8 8 1
p378 4 9 0
p379 4 10 0
p380 7 1 1
p381 0 4 1
p382 5 2 1
p383 7 7 0
p384 0 6 1
p385 3 5 1
p386 6 6 0
p387 6 6 1
p388 1 6 0
p389 2 10 1
p390 10 8 1
p391 5 7 0
p392 3 8 1
p393 7 9 1
p394 6 1 0
p395 3 4 1
p396 1 5 0
p397 9 8 1
p398 5 7 1
p399 4 5 0
p400 2 8 0
p401 0 1 0
p402 9 4 1
p403 6 4 1
p404 8 10 1
p405 2 5 0
p406 0 7 0
p407 10 10 1
p408 8 4 0
p409 9 6 0
p410 8 9 1
p411 9 5 0
p412 9 5 1
p413 2 10 0
p414 8 1 1
p415 1 3 1
p416 6 9 1
p417 7 6 0
p418 1 3 1
p419 8 2 0
p420 8 6 0
p421 2 4 0
p422 1 2 0
p423 2 7 0
p424 6 9 0
p425 1 2 0
p426 8 7 1
p427 6 1 0
p428 6 2 0
p429 7 5 0
p430 6 8 1
p431 1 1 1
p432 5 4 0
p433 3 10 1
p434 1 8 1
p435 5 5 1
p436 3 5 1
p437 8 9 1
p438 6 3 0
p439 4 10 0
p440 0 8 0
p441 4 7 0
p442 9 10 0
p443 2 3 1
p444 8 5 1
p445 0 1 1
p446 9 1 0
p447 10 7 0
p448 10 5 0
p449 6 9 1
p450 1 10 1
p451 9 6 1
p452 8 9 0
p453 4 4 0
p454 6 7 0
p455 8 7 0
p456 7 6 1
p457 1 4 1
p458 7 10 1
p459 7 1 1
p460 9 4 0
p461 5 3 1
p462 10 6 1
p463 5 8 1
p464 2 1 1
p465 8 1 1
p466 9 4 0
p467 1 6 1
p468 1 5 1
p469 6 7 1
p470 6 6 0
p471 2 4 0
p472 9 9 1
p473 10 10 0
p474 7 9 0
p475 10 3 0
p476 2 10 0
p477 5 3 1
p478 6 10 1
p479 1 1 1
p480 8 10 0
p481 4 8 1
p482 7 5 1
p483 5 5 0
p484 2 1 1
p485 0 9 1
p486 9 7 0
p487 9 8 1
p488 6 5 0
p489 1 3 0
p490 5 10 0
p491 3 9 1
p492 0 8 1
p493 4 9 1
p494 9 4 1
p495 3 3 0
p496 7 7 0
p497 4 9 1
p498 7 6 0
p499 3 3 0
p500 9 7 0