500
p1 0 10 0
p1 9 6 1
p2 0 2 0
p3 10 2 1
p4 8 9 0
p5 1 10 1
p6 9 7 0
p7 1 9 0
p8 8 4 0
p9 0 5 1
p10 10 6 1
p11 3 5 0
p12 0 5 1
p13 7 7 0
p14 3 7 0
p15 9 7 1
p16 6 3 1
p17 1 8 1
p18 2 6 1
p19 8 10 1
p20 5 7 1
p21 7 7 1
p22 1 7 1
p23 8 10 0
p24 8 2 0
p25 5 9 0
p26 5 1 1
p27 8 5 0
p28 2 3 1
p29 6 9 1
p30 0 4 1
p31 9 5 1
p32 2 1 0
p33 7 3 1
p34 2 3 1
p35 4 1 1
p36 3 5 1
p37 7 5 1
p38 5 10 1
p39 5 2 1
p40 8 9 0
p41 9 6 0
p42 1 7 1
p43 6 10 1
p44 9 9 1
p45 1 7 1
p46 10 9 0
p47 0 8 0
p48 3 1 1
p49 8 5 0
p50 1 3 0
p51 0 8 1
p52 8 8 0
p53 5 3 1
p54 9 3 0
p55 8 8 0
p56 3 6 0
p57 0 1 1
p58 9 5 1
p59 4 10 1
p60 6 8 1
p61 3 2 0
p62 10 9 0
p63 0 7 0
p64 9 4 0
p65 7 8 1
p66 4 6 0
p67 7 9 0
p68 4 7 0
p69 6 7 1
p70 3 4 0
p71 5 7 1
p72 4 1 0
p73 7 8 0
p74 7 4 0
p75 2 2 1
p76 2 8 0
p77 4 2 1
p78 8 1 1
p79 2 7 1
p80 7 2 0
p81 2 3 0
p82 4 7 1
p83 0 4 0
p84 6 6 1
p85 6 5 0
p86 8 2 1
p87 3 8 0
p88 2 9 0
p89 1 5 0
p90 7 1 1
p91 1 8 0
p92 10 7 0
p93 6 2 1
p94 3 4 0
p95 10 5 1
p96 6 4 0
p97 10 10 1
p98 3 10 1
p99 0 2 0
p100 9 5 0
p101 5 10 1
p102 5 8 0
p103 4 9 1
p104 6 2 0
p105 8 2 1
p106 3 10 0
p107 2 7 1
p108 6 4 1
p109 2 1 0
p110 3 6 0
p111 5 1 1
p112 9 3 1
p113 5 8 1
p114 6 8 1
p115 5 10 0
p116 7 2 0
p117 5 1 0
p118 6 8 0
p119 7 3 0
p120 1 3 0
p121 2 8 0
p122 2 4 0
p123 10 2 1
p124 8 5 0
p125 9 5 0
p126 1 10 1
p127 0 4 1
p128 3 7 1
p129 3 3 1
p130 7 9 1
p131 3 3 0
p132 5 4 1
p133 8 3 0
p134 0 7 1
p135 2 10 1
p136 10 1 1
p137 0 7 0
p138 0 1 0
p139 4 9 0
p140 10 1 0
p141 2 4 0
p142 4 6 1
p143 3 5 1
p144 2 6 1
p145 9 7 0
p146 7 10 1
p147 7 6 1
p148 10 5 1
p149 5 8 1
p150 1 7 1
p151 10 4 0
p152 10 10 0
p153 3 7 0
p154 10 6 1
p155 2 7 1
p156 3 1 0
p157 9 10 1
p158 8 9 0
p159 5 4 1
p160 10 1 1
p161 6 6 1
p162 9 1 0
p163 1 5 0
p164 8 1 1
p165 10 5 1
p166 9 7 1
p167 4 8 0
p168 0 4 0
p169 3 9 1
p170 2 1 1
p171 8 2 0
p172 9 4 0
p173 8 4 1
p174 8 1 1
p175 9 7 1
p176 0 10 1
p177 6 2 0
p178 1 8 1
p179 6 5 1
p180 2 10 1
p181 10 10 1
p182 5 3 0
p183 8 6 0
p184 7 7 0
p185 5 5 0
p186 8 5 1
p187 3 5 1
p188 2 9 0
p189 4 9 0
p190 1 5 1
p191 1 5 0
p192 9 3 0
p193 1 3 1
p194 10 1 1
p195 0 8 0
p196 3 8 0
p197 5 10 0
p198 7 9 0
p199 1 3 1
p200 8 6 1
p201 1 5 1
p202 8 7 1
p203 3 10 0
p204 5 4 0
p205 0 5 1
p206 7 5 0
p207 0 7 0
p208 0 2 0
p209 2 1 0
p210 5 7 1
p211 9 2 0
p212 8 1 0
p213 9 3 1
p214 10 1 1
p215 2 10 1
p216 3 9 1
p217 10 2 0
p218 1 4 1
p219 2 3 0
p220 4 8 0
p221 7 7 1
p222 9 4 1
p223 1 10 0
p224 2 10 0
p225 10 4 1
p226 4 1 1
p227 7 10 0
p228 3 10 0
p229 4 9 0
p230 3 3 1
p231 3 6 0
p232 9 5 1
p233 1 2 0
p234 7 3 1
p235 8 1 0
p236 2 8 0
p237 3 1 1
p238 5 5 0
p239 1 3 1
p240 9 7 1
p241 6 5 0
p242 6 6 0
p243 0 3 1
p244 10 9 0
p245 9 8 0
p246 3 5 0
p247 2 6 0
p248 4 1 0
p249 0 2 1
p250 3 3 1
p251 4 1 0
p252 8 6 1
p253 4 9 1
p254 10 1 0
p255 5 9 1
p256 1 8 1
p257 8 10 0
p258 4 4 0
p259 0 3 1
p260 10 2 1
p261 2 1 0
p262 2 1 1
p263 6 10 1
p264 1 8 1
p265 0 2 0
p266 5 2 1
p267 8 9 0
p268 0 9 0
p269 10 4 0
p270 2 6 1
p271 9 2 1
p272 1 7 0
p273 7 10 1
p274 1 1 0
p275 8 9 1
p276 10 3 0
p277 0 8 0
p278 2 9 1
p279 6 1 0
p280 5 5 0
p281 8 2 1
p282 0 3 1
p283 9 7 1
p284 6 10 1
p285 10 5 1
p286 6 10 1
p287 3 2 0
p288 8 5 1
p289 3 1 1
p290 8 6 1
p291 1 10 0
p292 3 5 0
p293 5 3 0
p294 1 1 0
p295 5 8 0
p296 5 7 0
p297 1 1 1
p298 1 6 1
p299 8 5 0
p300 2 1 1
p301 2 1 0
p302 9 4 0
p303 6 3 0
p304 5 4 1
p305 9 1 0
p306 4 3 0
p307 8 2 1
p308 10 6 0
p309 10 5 0
p310 4 10 1
p311 7 6 1
p312 3 2 1
p313 3 3 1
p314 5 9 0
p315 10 6 0
p316 9 4 0
p317 4 8 0
p318 10 4 1
p319 0 5 0
p320 0 10 1
p321 4 8 0
p322 2 8 1
p323 9 2 0
p324 2 7 0
p325 9 3 1
p326 10 5 1
p327 1 6 0
p328 9 1 1
p329 6 1 1
p330 8 1 0
p331 8 10 1
p332 6 10 0
p333 10 8 0
p334 5 4 0
p335 4 5 1
p336 5 5 1
p337 4 3 0
p338 5 3 1
p339 4 2 1
p340 4 10 1
p341 3 10 0
p342 8 3 1
p343 9 7 0
p344 9 9 0
p345 0 5 0
p346 2 4 0
p347 9 1 0
p348 9 2 0
p349 5 10 0
p350 2 10 1
p351 9 5 0
p352 6 9 0
p353 8 3 0
p354 0 10 0
p355 7 7 0
p356 3 7 0
p357 0 6 0
p358 6 2 1
p359 8 5 0
p360 2 7 0
p361 6 10 0
p362 4 1 0
p363 2 4 0
p364 10 3 1
p365 0 6 1
p366 3 5 1
p367 6 9 1
p368 2 6 0
p369 5 1 1
p370 7 8 1
p371 2 4 1
p372 3 10 1
p373 5 9 0
p374 4 9 0
p375 9 9 1
p376 7 5 0
p377 0 2 0
p378 5 10 1
p379 9 4 1
p380 7 10 0
p381 1 10 1
p382 6 10 1
p383 8 8 1
p384 0 8 1
p385 6 10 1
p386 0 2 0
p387 2 1 1
p388 5 3 0
p389 2 7 1
p390 1 1 0
p391 2 2 1
p392 7 8 0
p393 0 1 1
p394 5 1 1
p395 7 6 0
p396 6 4 1
p397 4 10 1
p398 6 2 1
p399 3 8 0
p400 2 10 0
p401 8 4 1
p402 1 5 0
p403 4 2 0
p404 0 4 1
p405 1 3 0
p406 3 6 1
p407 4 1 0
p408 0 9 1
p409 0 10 1
p410 6 8 0
p411 8 2 1
p412 5 4 1
p413 3 5 0
p414 6 7 1
p415 8 2 0
p416 0 9 1
p417 2 10 0
p418 7 1 0
p419 10 7 1
p420 8 3 0
p421 5 5 0
p422 10 6 1
p423 6 5 1
p424 8 4 1
p425 6 3 0
p426 9 7 1
p427 10 1 0
p428 10 4 0
p429 4 1 0
p430 8 9 0
p431 0 9 0
p432 8 8 1
p433 4 9 1
p434 0 6 1
p435 5 10 1
p436 9 7 1
p437 2 5 1
p438 1 5 1
p439 1 3 1
p440 4 1 0
p441 5 8 0
p442 8 4 0
p443 9 8 0
p444 9 2 1
p445 2 3 0
p446 4 4 0
p447 4 7 0
p448 6 2 0
p449 3 7 1
p450 5 5 1
p451 8 2 0
p452 8 9 0
p453 10 7 1
p454 10 5 0
p455 5 8 0
p456 10 6 0
p457 3 8 0
p458 3 5 1
p459 9 1 1
p460 0 6 0
p461 6 10 1
p462 5 4 1
p463 6 6 1
p464 9 6 0
p465 5 9 1
p466 6 4 1
p467 3 2 0
p468 9 9 0
p469 8 4 0
p470 6 6 1
p471 4 3 0
p472 6 7 1
p473 9 3 0
p474 9 9 1
p475 7 3 1
p476 3 1 1
p477 9 8 0
p478 10 10 0
p479 6 2 1
p480 4 7 0
p481 1 4 1
p482 0 2 1
p483 3 3 0
p484 0 1 0
p485 6 4 0
p486 4 10 0
p487 5 3 1
p488 10 2 1
p489 0 7 0
p490 4 2 0
p491 2 10 1
p492 8 7 0
p493 5 10 0
p494 0 5 0
p495 9 7 1
p496 6 5 0
p497 7 4 0
p498 3 10 1
p499 3 10 1
p500 4 7 0