500
p1 0 7 1
p1 6 8 0
p2 4 1 1
p3 2 3 0
p4 8 6 1
p5 8 10 0
p6 1 5 0
p7 9 4 1
p8 6 6 0
p9 0 8 0
p10 3 5 0
p11 4 7 0
p12 8 5 0
p13 8 3 0
p14 4 9 0
p15 2 5 1
p16 8 6 1
p17 2 7 0
p18 8 6 0
p19 7 4 1
p20 3 7 1
p21 3 9 1
p22 4 3 1
p23 9 3 1
p24 4 8 1
p25 8 1 0
p26 2 4 1
p27 1 9 1
p28 7 4 1
p29 0 9 0
p30 10 8 0
p31 0 1 0
p32 3 3 1
p33 3 6 1
p34 4 4 0
p35 8 2 1
p36 5 3 0
p37 9 2 1
p38 2 9 0
p39 3 4 0
p40 10 2 1
p41 3 9 1
p42 8 1 1
p43 8 4 1
p44 10 3 0
p45 0 8 0
p46 8 10 0
p47 9 8 1
p48 6 6 1
p49 4 4 0
p50 1 5 1
p51 9 7 1
p52 0 1 1
p53 9 10 1
p54 0 6 1
p55 8 8 0
p56 0 8 0
p57 7 8 1
p58 7 1 0
p59 9 8 0
p60 7 1 0
p61 4 5 0
p62 7 2 0
p63 8 3 1
p64 9 7 0
p65 3 6 0
p66 9 4 1
p67 7 3 0
p68 8 8 0
p69 10 2 1
p70 6 2 1
p71 6 2 1
p72 2 6 0
p73 9 9 1
p74 6 3 1
p75 6 4 0
p76 4 6 0
p77 4 2 0
p78 2 10 1
p79 2 4 0
p80 10 10 0
p81 1 4 1
p82 8 1 0
p83 8 5 0
p84 7 4 0
p85 5 3 0
p86 8 3 1
p87 8 7 1
p88 6 6 0
p89 4 8 1
p90 5 4 0
p91 7 6 1
p92 1 6 0
p93 6 8 0
p94 6 3 1
p95 10 1 1
p96 8 8 1
p97 0 9 0
p98 10 7 1
p99 5 10 0
p100 4 9 1
p101 2 9 1
p102 5 10 0
p103 3 1 1
p104 5 9 1
p105 4 10 1
p106 9 4 1
p107 10 2 1
p108 9 5 1
p109 8 6 0
p110 10 6 1
p111 0 10 1
p112 3 8 0
p113 5 5 0
p114 10 5 1
p115 5 3 0
p116 1 5 1
p117 9 1 1
p118 2 6 1
p119 6 1 1
p120 3 8 0
p121 7 4 0
p122 1 8 1
p123 10 1 1
p124 6 2 1
p125 5 5 0
p126 5 2 0
p127 1 2 0
p128 3 6 0
p129 1 9 0
p130 6 4 1
p131 2 1 0
p132 10 6 1
p133 2 2 0
p134 4 8 1
p135 7 5 1
p136 6 10 1
p137 10 6 0
p138 2 10 1
p139 8 7 1
p140 8 1 1
p141 1 1 1
p142 1 6 0
p143 6 7 1
p144 1 6 0
p145 7 3 0
p146 6 9 1
p147 7 8 1
p148 8 4 0
p149 2 1 0
p150 4 1 0
p151 2 1 0
p152 5 4 1
p153 4 3 0
p154 4 3 1
p155 6 9 1
p156 0 6 0
p157 2 6 1
p158 8 10 0
p159 4 8 1
p160 0 6 1
p161 2 8 1
p162 8 8 1
p163 10 2 1
p164 5 1 1
p165 10 7 1
p166 10 10 0
p167 6 2 1
p168 10 9 1
p169 2 2 0
p170 9 7 1
p171 7 6 1
p172 4 9 0
p173 4 2 1
p174 9 1 1
p175 1 4 0
p176 8 4 1
p177 1 8 0
p178 5 7 0
p179 10 3 1
p180 3 2 1
p181 9 2 0
p182 10 4 0
p183 0 4 0
p184 10 4 0
p185 5 9 1
p186 10 3 0
p187 4 8 1
p188 7 9 0
p189 5 4 0
p190 4 2 0
p191 2 10 1
p192 10 6 0
p193 1 7 0
p194 10 4 1
p195 5 1 1
p196 6 4 1
p197 1 2 1
p198 7 10 1
p199 1 4 0
p200 5 9 0
p201 5 1 1
p202 4 5 0
p203 10 4 0
p204 2 8 0
p205 10 9 0
p206 2 2 0
p207 4 9 1
p208 9 9 1
p209 9 10 0
p210 0 7 1
p211 8 10 1
p212 8 10 0
p213 10 3 1
p214 3 2 0
p215 7 4 1
p216 3 5 0
p217 4 10 0
p218 1 9 0
p219 9 8 1
p220 0 3 1
p221 1 6 0
p222 10 8 0
p223 5 6 0
p224 8 3 0
p225 5 6 1
p226 0 4 0
p227 1 3 1
p228 5 6 1
p229 0 2 0
p230 6 9 0
p231 8 6 1
p232 5 3 0
p233 7 6 0
p234 7 2 0
p235 10 9 0
p236 2 6 1
p237 4 4 1
p238 9 9 1
p239 5 5 0
p240 9 9 0
p241 3 10 0
p242 0 5 0
p243 3 7 0
p244 6 7 1
p245 3 9 1
p246 2 6 1
p247 0 8 0
p248 4 2 0
p249 3 6 1
p250 0 3 1
p251 1 2 0
p252 2 10 0
p253 4 9 0
p254 0 2 0
p255 7 4 0
p256 7 9 0
p257 9 2 1
p258 3 8 0
p259 6 7 0
p260 2 8 0
p261 0 6 1
p262 4 10 0
p263 8 5 1
p264 1 3 0
p265 6 3 1
p266 6 9 0
p267 7 1 1
p268 3 10 0
p269 5 5 0
p270 2 5 1
p271 5 6 1
p272 6 7 0
p273 0 6 0
p274 4 10 1
p275 9 3 1
p276 9 4 1
p277 5 9 0
p278 5 9 1
p279 6 5 1
p280 7 6 1
p281 6 10 0
p282 7 10 0
p283 10 10 1
p284 7 3 1
p285 9 6 1
p286 1 1 0
p287 7 10 0
p288 9 4 0
p289 8 2 0
p290 8 10 1
p291 9 6 1
p292 2 8 0
p293 9 5 1
p294 6 3 1
p295 2 7 0
p296 8 9 1
p297 2 9 0
p298 2 6 0
p299 0 3 1
p300 10 2 1
p301 5 9 0
p302 7 7 1
p303 1 8 0
p304 0 6 0
p305 2 1 0
p306 9 5 1
p307 5 5 1
p308 4 9 0
p309 1 7 0
p310 9 3 0
p311 3 5 0
p312 9 2 0
p313 2 3 1
p314 2 9 0
p315 2 2 0
p316 4 10 0
p317 2 2 0
p318 7 9 0
p319 5 8 0
p320 3 9 1
p321 9 4 1
p322 8 10 1
p323 3 1 1
p324 2 6 0
p325 0 7 1
p326 8 2 0
p327 1 3 0
p328 10 4 0
p329 6 6 0
p330 3 1 0
p331 8 1 1
p332 9 6 0
p333 10 1 0
p334 5 5 1
p335 0 4 1
p336 10 8 1
p337 6 4 1
p338 8 4 0
p339 5 1 0
p340 6 1 0
p341 1 7 0
p342 2 5 1
p343 7 6 1
p344 3 5 0
p345 3 7 1
p346 9 9 0
p347 10 8 1
p348 10 6 1
p349 6 3 1
p350 0 6 1
p351 7 5 0
p352 1 6 0
p353 3 3 0
p354 3 2 0
p355 5 7 0
p356 7 8 1
p357 5 5 0
p358 2 4 1
p359 7 9 0
p360 0 4 1
p361 10 5 0
p362 9 10 1
p363 2 7 1
p364 4 6 0
p365 3 2 1
p366 2 10 0
p367 6 9 0
p368 0 1 1
p369 3 8 1
p370 6 6 0
p371 4 4 0
p372 8 6 0
p373 10 1 0
p374 4 3 1
p375 4 8 1
p376 1 9 0
p377 2 1 0
p378 7 9 0
p379 5 2 1
p380 0 4 1
p381 1 9 0
p382 6 6 0
p383 4 2 0
p384 7 7 0
p385 0 6 1
p386 3 7 1
p387 3 5 1
p388 3 10 1
p389 5 7 1
p390 1 1 0
p391 3 1 0
p392 8 8 1
p393 2 3 0
p394 9 5 0
p395 10 10 1
p396 9 2 1
p397 4 8 0
p398 1 3 1
p399 0 1 1
p400 1 6 1
p401 0 10 0
p402 10 10 1
p403 6 1 0
p404 9 7 0
p405 1 10 1
p406 4 9 0
p407 10 1 1
p408 7 10 0
p409 4 5 0
p410 4 9 1
p411 5 3 0
p412 1 1 1
p413 5 6 1
p414 9 1 0
p415 1 4 1
p416 8 1 1
p417 4 5 1
p418 8 5 1
p419 6 2 1
p420 8 1 0
p421 6 6 0
p422 3 6 1
p423 4 10 0
p424 10 2 1
p425 10 6 0
p426 3 3 0
p427 4 6 0
p428 8 3 0
p429 4 7 0
p430 10 10 0
p431 6 9 1
p432 1 3 1
p433 4 10 0
p434 10 4 0
p435 5 5 1
p436 10 7 0
p437 8 4 1
p438 7 7 1
p439 10 5 0
p440 5 3 1
p441 3 2 1
p442 6 4 1
p443 8 1 0
p444 1 1 0
p445 0 1 0
p446 4 2 0
p447 2 8 1
p448 5 8 0
p449 0 6 0
p450 4 7 0
p451 1 10 0
p452 9 2 1
p453 6 2 0
p454 7 10 0
p455 1 8 0
p456 6 1 0
p457 3 7 1
p458 7 8 0
p459 1 8 1
p460 2 7 1
p461 2 10 0
p462 0 9 0
p463 6 6 1
p464 3 1 0
p465 9 10 1
p466 7 7 1
p467 8 8 1
p468 9 10 0
p469 2 9 0
p470 9 8 0
p471 1 5 1
p472 3 9 0
p473 7 6 1
p474 4 9 1
p475 0 6 0
p476 8 1 0
p477 4 7 1
p478 7 1 0
p479 5 2 0
p480 0 6 1
p481 7 7 0
p482 6 9 0
p483 5 1 1
p484 9 6 1
p485 3 1 0
p486 8 5 0
p487 8 1 0
p488 6 10 1
p489 7 5 0
p490 1 3 1
p491 1 10 1
p492 9 9 0
p493 1 4 0
p494 5 6 0
p495 4 5 0
p496 3 2 1
p497 1 1 1
p498 1 3 0
p499 5 4 0
p500 2 7 0