500
p1 0 7 1
p1 0 6 0
p2 3 2 0
p3 0 3 1
p4 0 8 0
p5 10 6 1
p6 6 5 0
p7 9 7 0
p8 1 8 0
p9 3 7 0
p10 6 2 0
p11 2 2 0
p12 3 10 1
p13 1 2 1
p14 2 6 1
p15 4 1 0
p16 2 10 1
p17 10 3 1
p18 8 8 0
p19 8 4 0
p20 1 5 0
p21 9 7 1
p22 5 2 1
p23 5 10 0
p24 10 2 1
p25 4 2 1
p26 8 3 0
p27 6 4 0
p28 9 2 1
p29 5 5 0
p30 1 3 0
p31 8 2 1
p32 4 8 0
p33 2 4 1
p34 9 9 1
p35 5 7 0
p36 9 1 1
p37 4 9 0
p38 9 8 1
p39 1 3 0
p40 5 5 0
p41 5 7 1
p42 9 7 1
p43 3 7 0
p44 6 8 0
p45 10 7 0
p46 8 2 0
p47 10 5 0
p48 4 10 1
p49 7 3 0
p50 4 9 0
p51 9 3 1
p52 7 2 1
p53 0 7 1
p54 5 1 0
p55 10 5 1
p56 4 3 0
p57 6 8 0
p58 2 1 1
p59 6 10 0
p60 5 7 0
p61 9 7 0
p62 3 10 1
p63 3 4 1
p64 5 4 1
p65 2 10 1
p66 7 8 1
p67 6 8 0
p68 5 3 1
p69 9 8 0
p70 2 6 1
p71 5 5 1
p72 5 1 0
p73 7 2 1
p74 3 5 0
p75 0 8 1
p76 3 10 0
p77 2 10 1
p78 3 4 0
p79 1 3 1
p80 10 1 0
p81 0 4 1
p82 5 8 1
p83 6 2 1
p84 1 6 1
p85 6 9 0
p86 9 7 1
p87 1 5 0
p88 6 10 1
p89 9 3 1
p90 1 5 1
p91 10 2 1
p92 0 2 0
p93 9 2 1
p94 4 7 0
p95 1 10 0
p96 4 4 1
p97 5 4 1
p98 3 10 0
p99 8 3 1
p100 1 6 1
p101 1 3 1
p102 4 9 0
p103 2 8 0
p104 1 3 0
p105 3 6 0
p106 8 8 1
p107 5 10 1
p108 7 9 0
p109 10 8 0
p110 8 5 1
p111 4 10 1
p112 4 5 1
p113 4 5 1
p114 7 8 1
p115 1 1 0
p116 2 5 1
p117 8 4 1
p118 6 7 1
p119 3 4 0
p120 4 8 1
p121 3 5 0
p122 4 8 0
p123 0 1 0
p124 6 2 1
p125 5 1 0
p126 9 7 0
p127 9 4 0
p128 2 6 0
p129 10 4 1
p130 6 10 0
p131 3 2 0
p132 0 6 1
p133 0 5 1
p134 2 3 0
p135 9 8 1
p136 3 9 1
p137 10 4 0
p138 5 2 1
p139 4 3 0
p140 4 3 1
p141 4 9 1
p142 5 10 0
p143 1 9 0
p144 7 6 0
p145 4 7 1
p146 6 6 1
p147 2 6 1
p148 2 3 0
p149 1 5 1
p150 9 3 1
p151 9 10 1
p152 3 7 0
p153 7 5 0
p154 10 1 0
p155 3 2 0
p156 4 5 0
p157 5 8 1
p158 0 6 1
p159 7 2 1
p160 2 3 0
p161 5 10 1
p162 4 4 1
p163 3 4 1
p164 5 10 0
p165 5 10 1
p166 1 7 1
p167 2 6 0
p168 10 9 0
p169 4 1 1
p170 3 4 1
p171 4 4 1
p172 3 8 0
p173 3 6 0
p174 5 6 1
p175 6 9 1
p176 4 8 1
p177 8 9 0
p178 6 1 1
p179 2 4 1
p180 6 3 1
p181 6 6 0
p182 6 8 1
p183 9 9 0
p184 1 4 0
p185 3 4 0
p186 2 4 1
p187 4 5 1
p188 3 10 1
p189 5 2 0
p190 8 6 1
p191 4 2 0
p192 5 5 0
p193 3 9 0
p194 3 4 1
p195 7 3 1
p196 10 7 0
p197 0 5 0
p198 1 1 1
p199 8 6 0
p200 5 2 0
p201 5 6 1
p202 1 10 0
p203 6 1 0
p204 10 9 1
p205 9 7 0
p206 6 7 0
p207 6 2 0
p208 4 4 0
p209 6 3 1
p210 5 1 1
p211 2 5 0
p212 5 8 1
p213 4 9 1
p214 1 1 0
p215 7 6 0
p216 0 8 1
p217 4 4 0
p218 3 6 0
p219 5 5 0
p220 8 5 0
p221 8 9 1
p222 6 3 0
p223 7 10 1
p224 1 2 1
p225 3 7 0
p226 9 4 1
p227 2 7 0
p228 4 5 1
p229 8 6 1
p230 3 8 0
p231 8 1 0
p232 6 10 0
p233 9 8 0
p234 9 3 1
p235 6 7 1
p236 7 7 0
p237 5 10 0
p238 6 7 1
p239 1 5 0
p240 7 5 1
p241 8 9 1
p242 4 3 0
p243 8 5 1
p244 6 2 1
p245 6 8 1
p246 4 6 1
p247 0 5 0
p248 6 6 1
p249 6 10 1
p250 0 9 1
p251 9 1 1
p252 6 7 1
p253 6 7 1
p254 5 6 0
p255 0 1 1
p256 2 6 0
p257 10 10 0
p258 8 3 1
p259 8 1 0
p260 10 9 1
p261 0 8 1
p262 1 6 1
p263 8 2 1
p264 6 7 0
p265 4 4 1
p266 6 10 0
p267 6 3 1
p268 7 1 0
p269 4 6 0
p270 7 6 1
p271 1 3 0
p272 5 2 0
p273 1 8 1
p274 9 5 0
p275 10 9 1
p276 10 5 0
p277 0 7 0
p278 1 3 1
p279 9 7 0
p280 6 2 0
p281 0 3 0
p282 2 6 1
p283 4 5 0
p284 10 8 1
p285 4 2 1
p286 6 6 1
p287 5 7 1
p288 3 7 0
p289 1 1 0
p290 9 7 1
p291 5 7 0
p292 7 1 1
p293 6 3 1
p294 1 4 1
p295 6 6 0
p296 1 10 1
p297 7 7 1
p298 0 10 1
p299 2 10 1
p300 6 4 0
p301 3 1 0
p302 7 10 0
p303 3 6 0
p304 2 5 1
p305 3 3 0
p306 2 9 0
p307 7 8 0
p308 2 6 1
p309 2 9 0
p310 9 4 1
p311 2 2 1
p312 6 7 0
p313 8 6 0
p314 1 3 0
p315 6 9 1
p316 1 5 1
p317 6 7 0
p318 1 2 1
p319 0 8 1
p320 2 6 0
p321 5 2 0
p322 7 4 0
p323 7 6 1
p324 4 6 0
p325 8 2 0
p326 9 8 1
p327 0 6 1
p328 8 2 0
p329 9 3 1
p330 7 4 1
p331 8 6 0
p332 9 2 0
p333 10 3 1
p334 2 3 1
p335 6 8 0
p336 1 10 1
p337 1 1 0
p338 2 4 1
p339 0 1 1
p340 2 7 0
p341 1 7 1
p342 8 4 1
p343 8 6 1
p344 9 6 1
p345 0 2 1
p346 8 1 0
p347 8 8 1
p348 10 3 0
p349 9 5 0
p350 7 5 0
p351 2 6 1
p352 10 10 0
p353 4 3 1
p354 2 4 1
p355 7 4 0
p356 2 8 0
p357 5 3 0
p358 6 4 0
p359 0 6 0
p360 6 7 1
p361 9 6 0
p362 5 7 1
p363 2 6 0
p364 10 3 1
p365 8 3 1
p366 2 10 0
p367 3 9 1
p368 1 8 0
p369 9 3 0
p370 2 6 0
p371 7 2 0
p372 10 1 0
p373 8 4 1
p374 6 1 1
p375 6 6 1
p376 5 2 0
p377 0 7 1
p378 9 3 0
p379 5 2 0
p380 2 9 1
p381 3 9 1
p382 7 9 1
p383 5 9 1
p384 10 3 1
p385 2 7 0
p386 8 1 0
p387 8 6 0
p388 6 6 0
p389 7 5 1
p390 2 9 1
p391 4 6 1
p392 1 1 0
p393 0 2 0
p394 7 7 1
p395 2 5 1
p396 0 2 1
p397 4 6 1
p398 4 7 0
p399 2 4 0
p400 2 1 1
p401 10 4 0
p402 9 3 1
p403 5 2 0
p404 8 4 0
p405 10 3 0
p406 7 5 0
p407 2 8 1
p408 9 4 0
p409 2 6 1
p410 5 3 0
p411 2 6 1
p412 1 5 1
p413 10 7 1
p414 10 6 0
p415 2 2 1
p416 6 5 1
p417 1 4 0
p418 2 7 1
p419 3 7 0
p420 0 2 1
p421 7 9 0
p422 2 5 0
p423 0 10 1
p424 7 6 0
p425 8 2 0
p426 6 10 0
p427 10 5 1
p428 1 1 0
p429 4 5 0
p430 10 6 1
p431 2 2 0
p432 8 8 0
p433 4 10 0
p434 7 7 1
p435 10 7 0
p436 4 3 1
p437 3 9 1
p438 8 3 1
p439 8 8 1
p440 5 6 1
p441 10 3 0
p442 7 1 1
p443 4 1 1
p444 10 4 1
p445 1 3 1
p446 1 3 0
p447 3 1 0
p448 10 8 0
p449 9 4 1
p450 3 6 1
p451 4 7 1
p452 3 5 1
p453 6 7 1
p454 1 3 0
p455 4 10 1
p456 2 1 1
p457 10 3 1
p458 7 3 0
p459 10 1 1
p460 2 2 0
p461 3 2 1
p462 2 4 1
p463 7 3 1
p464 0 2 1
p465 8 8 0
p466 7 9 0
p467 4 7 0
p468 9 10 1
p469 10 2 1
p470 4 1 0
p471 3 1 1
p472 8 10 0
p473 2 7 0
p474 0 6 1
p475 3 7 0
p476 10 9 1
p477 9 10 1
p478 6 4 0
p479 8 10 1
p480 3 10 1
p481 7 5 1
p482 7 8 1
p483 10 7 1
p484 7 6 0
p485 1 3 0
p486 5 5 0
p487 1 4 1
p488 10 5 0
p489 3 9 0
p490 9 10 1
p491 10 1 1
p492 7 3 1
p493 9 1 1
p494 5 7 0
p495 3 3 0
p496 0 10 1
p497 10 7 0
p498 8 10 0
p499 10 9 0
p500 6 5 1