500
p1 0 3 0
p1 1 10 1
p2 7 9 1
p3 10 5 1
p4 2 9 0
p5 4 7 0
p6 4 7 0
p7 4 10 1
p8 9 9 1
p9 6 2 1
p10 1 6 1
p11 1 9 0
p12 1 3 1
p13 7 10 1
p14 4 4 1
p15 6 3 1
p16 8 6 1
p17 8 7 1
p18 2 8 1
p19 5 1 0
p20 6 10 0
p21 9 6 0
p22 5 6 0
p23 7 6 0
p24 0 5 1
p25 10 10 1
p26 10 8 0
p27 1 5 1
p28 3 1 0
p29 9 2 1
p30 4 6 0
p31 6 6 1
p32 10 7 1
p33 8 4 0
p34 0 7 0
p35 8 4 1
p36 5 10 1
p37 3 1 1
p38 7 4 1
p39 9 1 0
p40 5 9 1
p41 7 3 1
p42 4 3 1
p43 7 2 0
p44 0 8 1
p45 0 6 0
p46 9 8 1
p47 1 3 1
p48 8 7 0
p49 6 8 1
p50 9 5 1
p51 4 1 0
p52 4 10 0
p53 6 10 1
p54 6 4 1
p55 1 8 0
p56 1 5 1
p57 5 2 0
p58 9 3 0
p59 6 10 1
p60 5 2 0
p61 8 8 0
p62 0 3 1
p63 7 5 0
p64 10 8 1
p65 2 1 0
p66 7 5 0
p67 2 9 1
p68 6 5 0
p69 0 10 1
p70 3 3 0
p71 9 4 0
p72 5 9 0
p73 6 1 1
p74 4 10 0
p75 1 6 0
p76 8 4 0
p77 7 3 1
p78 2 7 1
p79 1 1 0
p80 6 6 1
p81 7 6 0
p82 3 1 1
p83 0 4 1
p84 3 10 0
p85 9 6 1
p86 5 9 0
p87 4 5 0
p88 9 9 0
p89 9 8 0
p90 5 9 0
p91 4 10 1
p92 1 9 1
p93 6 2 0
p94 5 3 0
p95 4 1 1
p96 9 6 1
p97 1 6 0
p98 4 6 0
p99 0 4 1
p100 0 3 1
p101 5 10 0
p102 4 4 0
p103 3 3 0
p104 3 9 0
p105 1 1 0
p106 7 6 0
p107 6 1 1
p108 6 7 0
p109 6 9 0
p110 9 1 0
p111 8 8 1
p112 8 5 1
p113 1 6 1
p114 6 2 0
p115 7 5 0
p116 0 10 0
p117 0 10 0
p118 0 6 0
p119 8 2 0
p120 10 1 1
p121 1 8 0
p122 7 10 0
p123 4 4 0
p124 4 8 1
p125 3 10 1
p126 0 2 0
p127 10 3 1
p128 3 6 0
p129 2 2 1
p130 7 2 0
p131 6 2 1
p132 5 10 0
p133 8 10 1
p134 4 8 0
p135 9 2 1
p136 1 3 1
p137 6 1 1
p138 10 4 0
p139 2 2 0
p140 5 2 1
p141 1 3 1
p142 7 6 0
p143 0 1 1
p144 1 9 1
p145 3 9 0
p146 4 9 0
p147 2 6 1
p148 8 2 0
p149 3 2 1
p150 1 10 0
p151 3 4 0
p152 7 8 1
p153 9 6 0
p154 3 3 0
p155 1 9 0
p156 6 3 1
p157 7 5 0
p158 0 9 1
p159 1 3 0
p160 10 7 0
p161 10 6 1
p162 7 1 0
p163 4 1 1
p164 0 7 0
p165 6 8 0
p166 3 4 0
p167 9 6 1
p168 0 1 1
p169 4 8 1
p170 3 5 1
p171 1 1 0
p172 8 7 0
p173 8 10 1
p174 1 4 1
p175 0 5 1
p176 4 7 0
p177 10 6 1
p178 6 1 1
p179 8 1 0
p180 10 10 1
p181 2 8 1
p182 7 10 1
p183 10 3 0
p184 10 1 1
p185 8 1 0
p186 4 1 0
p187 6 6 0
p188 4 2 0
p189 2 7 1
p190 9 5 0
p191 10 4 1
p192 5 6 1
p193 1 6 1
p194 0 3 1
p195 4 5 1
p196 5 1 1
p197 6 4 1
p198 4 1 0
p199 10 2 1
p200 3 6 1
p201 0 7 1
p202 9 9 0
p203 6 4 1
p204 8 6 1
p205 3 7 1
p206 2 6 1
p207 8 5 1
p208 10 7 1
p209 10 9 0
p210 10 2 0
p211 3 9 0
p212 3 5 1
p213 7 5 0
p214 10 7 1
p215 9 5 1
p216 3 7 0
p217 3 5 1
p218 7 8 1
p219 5 6 1
p220 8 6 0
p221 4 4 0
p222 3 5 0
p223 5 6 0
p224 2 2 1
p225 5 5 1
p226 5 2 1
p227 0 4 0
p228 0 1 1
p229 1 9 0
p230 0 9 0
p231 9 6 1
p232 6 9 0
p233 9 5 1
p234 4 1 1
p235 5 3 1
p236 5 7 0
p237 4 7 1
p238 9 4 1
p239 8 10 1
p240 8 7 0
p241 10 6 1
p242 4 5 1
p243 3 8 1
p244 3 4 1
p245 0 7 0
p246 3 5 0
p247 1 1 0
p248 10 2 1
p249 2 9 0
p250 2 5 0
p251 4 6 1
p252 4 1 1
p253 3 2 0
p254 6 7 0
p255 9 10 0
p256 0 5 1
p257 2 7 1
p258 6 8 0
p259 8 10 1
p260 0 2 1
p261 0 2 0
p262 4 7 1
p263 7 5 0
p264 8 2 0
p265 6 9 0
p266 8 9 0
p267 7 8 0
p268 5 4 1
p269 1 10 1
p270 2 7 0
p271 6 1 0
p272 8 1 0
p273 6 9 1
p274 10 3 0
p275 2 9 0
p276 2 3 1
p277 4 3 0
p278 6 7 1
p279 9 10 0
p280 3 8 1
p281 8 9 1
p282 9 9 1
p283 8 9 1
p284 7 10 1
p285 1 10 1
p286 8 9 0
p287 7 5 0
p288 1 2 0
p289 1 10 0
p290 1 1 1
p291 5 6 0
p292 3 8 0
p293 1 2 0
p294 4 9 0
p295 9 8 1
p296 0 10 1
p297 6 5 0
p298 2 2 1
p299 0 5 0
p300 2 2 0
p301 8 4 1
p302 10 9 0
p303 8 9 1
p304 8 3 1
p305 4 1 1
p306 4 6 0
p307 5 9 1
p308 3 6 0
p309 1 1 0
p310 8 9 1
p311 3 6 0
p312 5 1 0
p313 1 4 1
p314 6 3 1
p315 7 9 1
p316 0 1 0
p317 6 9 0
p318 0 9 1
p319 3 2 0
p320 2 9 0
p321 0 2 1
p322 0 7 1
p323 5 8 0
p324 4 10 0
p325 8 4 0
p326 8 5 1
p327 9 5 1
p328 8 9 0
p329 5 6 1
p330 0 6 0
p331 6 7 1
p332 5 6 1
p333 7 10 0
p334 0 1 0
p335 0 10 1
p336 10 10 0
p337 1 6 0
p338 2 9 0
p339 9 2 0
p340 3 10 1
p341 0 9 1
p342 3 8 0
p343 1 7 0
p344 10 1 0
p345 0 2 1
p346 9 4 0
p347 7 4 0
p348 9 6 0
p349 3 8 1
p350 4 6 1
p351 0 5 1
p352 4 2 0
p353 1 1 0
p354 8 2 1
p355 7 3 0
p356 3 1 1
p357 4 4 1
p358 7 2 0
p359 5 9 0
p360 7 2 1
p361 8 4 1
p362 6 5 1
p363 2 9 1
p364 7 10 0
p365 7 6 0
p366 9 2 0
p367 5 4 1
p368 6 2 1
p369 8 2 1
p370 1 10 1
p371 1 5 0
p372 3 3 1
p373 0 6 1
p374 3 1 0
p375 9 7 0
p376 9 7 1
p377 10 7 0
p378 1 2 1
p379 6 10 0
p380 10 7 0
p381 3 2 0
p382 0 8 1
p383 9 1 0
p384 1 1 0
p385 2 9 0
p386 9 1 0
p387 3 5 1
p388 10 7 0
p389 9 8 1
p390 10 1 0
p391 4 4 1
p392 10 4 0
p393 0 3 0
p394 9 3 0
p395 0 2 0
p396 9 10 0
p397 4 6 0
p398 0 5 1
p399 8 10 0
p400 9 5 0
p401 10 8 0
p402 2 7 1
p403 10 4 0
p404 8 6 0
p405 10 7 1
p406 3 9 1
p407 3 2 0
p408 0 4 0
p409 5 7 1
p410 2 1 1
p411 5 1 0
p412 3 10 1
p413 1 7 0
p414 9 10 1
p415 4 1 1
p416 8 10 0
p417 0 5 1
p418 0 2 1
p419 0 1 1
p420 5 6 1
p421 5 9 1
p422 0 5 0
p423 3 8 0
p424 0 3 1
p425 2 10 1
p426 7 3 0
p427 3 3 0
p428 5 5 1
p429 1 6 1
p430 8 4 0
p431 2 5 1
p432 2 7 1
p433 10 6 0
p434 3 7 0
p435 9 8 1
p436 5 2 0
p437 5 10 0
p438 10 3 1
p439 10 8 0
p440 9 9 1
p441 7 8 1
p442 1 3 0
p443 2 1 1
p444 0 2 0
p445 4 3 1
p446 3 10 0
p447 8 6 1
p448 6 7 1
p449 5 6 0
p450 8 3 1
p451 5 2 0
p452 1 2 0
p453 8 1 0
p454 5 6 0
p455 6 7 0
p456 8 9 1
p457 7 2 0
p458 10 1 1
p459 7 9 0
p460 10 1 0
p461 6 4 1
p462 3 10 0
p463 3 5 0
p464 7 7 1
p465 6 3 1
p466 6 10 0
p467 3 9 1
p468 2 1 1
p469 1 6 1
p470 6 6 1
p471 6 9 0
p472 4 2 1
p473 5 8 1
p474 5 10 1
p475 4 8 1
p476 6 4 0
p477 3 1 0
p478 1 3 0
p479 6 10 0
p480 10 6 1
p481 10 6 0
p482 0 9 1
p483 2 1 0
p484 10 2 1
p485 9 6 0
p486 1 3 1
p487 5 9 0
p488 6 9 0
p489 1 3 0
p490 9 7 1
p491 5 7 0
p492 5 6 0
p493 1 3 1
p494 6 4 0
p495 1 6 1
p496 5 1 1
p497 9 5 1
p498 8 2 0
p499 9 7 0
p500 7 2 0