500
p1 0 3 0
p1 7 7 1
p2 9 7 0
p3 8 10 1
p4 5 4 0
p5 1 6 1
p6 1 1 0
p7 0 7 1
p8 2 7 0
p9 4 3 1
p10 6 2 1
p11 7 8 1
p12 1 1 1
p13 8 10 0
p14 3 6 0
p15 1 9 1
p16 7 2 1
p17 5 3 1
p18 4 4 0
p19 6 7 0
p20 4 2 1
p21 4 7 0
p22 9 9 0
p23 1 6 1
p24 1 2 1
p25 9 8 1
p26 1 3 1
p27 5 1 1
p28 0 1 0
p29 10 9 1
p30 9 2 0
p31 8 6 0
p32 7 9 0
p33 1 6 1
p34 10 2 0
p35 4 7 1
p36 6 8 0
p37 5 8 0
p38 0 1 0
p39 4 7 0
p40 9 8 1
p41 1 7 0
p42 5 9 1
p43 10 8 0
p44 3 5 1
p45 9 4 0
p46 1 3 1
p47 3 7 0
p48 3 8 0
p49 4 2 0
p50 5 4 0
p51 2 1 0
p52 1 7 0
p53 10 2 0
p54 8 3 0
p55 5 10 1
p56 9 4 0
p57 9 3 0
p58 10 2 0
p59 10 9 1
p60 8 5 0
p61 1 3 0
p62 9 7 1
p63 6 8 0
p64 1 3 0
p65 4 4 1
p66 9 7 1
p67 8 9 1
p68 6 1 0
p69 9 2 0
p70 3 7 1
p71 5 6 1
p72 2 5 1
p73 3 4 0
p74 3 4 0
p75 4 7 0
p76 8 2 0
p77 0 9 1
p78 8 9 1
p79 9 8 0
p80 7 1 0
p81 6 10 1
p82 8 5 1
p83 1 6 1
p84 8 1 0
p85 1 8 0
p86 6 3 0
p87 8 3 0
p88 4 2 0
p89 4 1 0
p90 4 1 0
p91 1 7 1
p92 5 3 1
p93 7 3 0
p94 8 10 0
p95 8 5 0
p96 0 2 0
p97 7 5 1
p98 0 10 0
p99 4 2 1
p100 10 6 1
p101 6 9 1
p102 8 6 1
p103 8 4 0
p104 4 7 1
p105 1 8 1
p106 4 9 0
p107 4 7 0
p108 6 5 1
p109 3 1 0
p110 3 2 0
p111 1 2 0
p112 10 8 1
p113 7 7 0
p114 1 2 0
p115 1 8 1
p116 4 2 0
p117 5 7 0
p118 10 8 0
p119 3 6 0
p120 6 3 1
p121 3 1 1
p122 6 7 0
p123 2 2 0
p124 4 9 1
p125 1 1 1
p126 3 2 0
p127 0 3 0
p128 5 10 0
p129 7 1 1
p130 10 3 0
p131 2 6 0
p132 10 2 0
p133 10 6 1
p134 6 2 1
p135 2 4 1
p136 2 4 0
p137 6 10 0
p138 4 10 0
p139 8 8 0
p140 6 7 0
p141 0 9 0
p142 0 6 1
p143 5 7 0
p144 9 8 1
p145 2 10 1
p146 5 4 0
p147 7 4 0
p148 4 6 1
p149 2 1 1
p150 4 3 1
p151 4 5 1
p152 7 3 0
p153 4 2 0
p154 9 7 1
p155 4 3 0
p156 0 4 1
p157 9 2 0
p158 8 1 0
p159 2 9 0
p160 6 8 0
p161 9 2 0
p162 4 7 0
p163 10 6 0
p164 2 2 0
p165 8 7 0
p166 8 7 1
p167 4 5 1
p168 0 2 1
p169 0 10 1
p170 10 7 1
p171 5 9 0
p172 3 8 0
p173 3 9 0
p174 0 10 1
p175 0 8 1
p176 7 2 1
p177 0 6 1
p178 9 7 0
p179 5 9 1
p180 0 4 1
p181 6 4 1
p182 8 3 0
p183 9 6 0
p184 1 7 1
p185 8 10 0
p186 8 1 0
p187 10 1 1
p188 2 9 1
p189 0 9 0
p190 6 5 1
p191 0 2 0
p192 6 5 0
p193 0 1 1
p194 5 4 1
p195 6 9 0
p196 2 10 0
p197 7 5 1
p198 5 1 1
p199 5 9 1
p200 4 1 0
p201 2 3 1
p202 2 4 0
p203 0 3 0
p204 6 1 1
p205 0 7 1
p206 0 7 1
p207 4 3 1
p208 9 2 1
p209 1 5 1
p210 9 10 0
p211 8 10 0
p212 6 3 1
p213 4 2 1
p214 5 10 0
p215 4 6 0
p216 4 3 0
p217 6 8 0
p218 10 2 1
p219 5 9 0
p220 4 3 1
p221 8 4 1
p222 8 4 1
p223 8 8 0
p224 0 8 1
p225 6 9 1
p226 9 8 1
p227 2 4 0
p228 10 7 1
p229 5 5 1
p230 4 9 1
p231 9 8 0
p232 6 6 1
p233 2 4 0
p234 6 10 1
p235 0 4 0
p236 9 2 1
p237 9 2 1
p238 0 4 1
p239 4 6 0
p240 7 7 0
p241 8 2 1
p242 5 10 0
p243 2 5 0
p244 1 10 1
p245 7 3 1
p246 1 10 0
p247 7 7 0
p248 8 7 1
p249 3 7 0
p250 5 3 1
p251 6 9 0
p252 3 10 0
p253 4 2 0
p254 3 2 0
p255 0 8 0
p256 0 10 1
p257 10 8 1
p258 0 2 0
p259 9 4 0
p260 9 8 0
p261 5 2 1
p262 4 8 0
p263 0 8 1
p264 6 6 0
p265 5 5 0
p266 9 8 1
p267 3 5 0
p268 9 8 0
p269 2 4 1
p270 7 9 1
p271 9 7 0
p272 4 4 1
p273 8 8 0
p274 1 7 1
p275 3 8 0
p276 0 7 1
p277 2 2 1
p278 7 2 0
p279 9 2 1
p280 0 4 0
p281 6 6 0
p282 9 4 1
p283 9 3 1
p284 1 10 1
p285 8 3 1
p286 4 4 1
p287 2 10 0
p288 3 3 1
p289 1 2 0
p290 6 3 1
p291 4 2 1
p292 0 6 0
p293 5 10 0
p294 9 2 1
p295 5 9 1
p296 6 9 0
p297 1 5 0
p298 1 5 0
p299 6 4 0
p300 1 3 0
p301 10 6 1
p302 6 4 1
p303 1 9 0
p304 3 1 1
p305 6 8 1
p306 7 9 1
p307 6 3 0
p308 6 9 0
p309 1 3 1
p310 1 6 0
p311 4 10 1
p312 6 3 0
p313 4 8 0
p314 8 7 0
p315 4 2 0
p316 4 5 0
p317 8 8 0
p318 8 3 0
p319 6 4 1
p320 1 10 0
p321 9 5 1
p322 5 6 1
p323 4 4 0
p324 6 2 0
p325 1 1 0
p326 0 2 0
p327 3 10 1
p328 4 4 1
p329 10 6 0
p330 6 1 1
p331 5 3 0
p332 4 8 1
p333 5 7 1
p334 2 1 0
p335 3 10 1
p336 6 2 0
p337 3 7 1
p338 2 7 0
p339 7 4 1
p340 7 8 1
p341 4 8 1
p342 2 3 0
p343 5 7 1
p344 9 7 1
p345 5 6 0
p346 2 10 0
p347 9 9 0
p348 1 10 0
p349 6 7 0
p350 8 2 1
p351 5 8 1
p352 5 1 1
p353 6 5 0
p354 5 6 0
p355 10 3 1
p356 2 10 1
p357 9 6 1
p358 2 2 0
p359 5 5 0
p360 7 10 1
p361 3 6 1
p362 4 9 1
p363 5 7 1
p364 8 8 0
p365 6 1 0
p366 8 6 1
p367 2 9 1
p368 0 6 0
p369 5 3 0
p370 10 9 1
p371 0 8 0
p372 0 8 1
p373 0 3 1
p374 3 9 1
p375 5 3 1
p376 4 2 0
p377 9 9 0
p378 6 8 1
p379 6 2 1
p380 2 7 1
p381 4 5 0
p382 4 4 1
p383 7 6 0
p384 6 5 0
p385 7 6 0
p386 6 3 1
p387 5 4 1
p388 2 8 1
p389 8 6 0
p390 6 3 0
p391 1 1 0
p392 5 1 1
p393 2 7 0
p394 5 6 0
p395 10 6 1
p396 3 5 0
p397 10 4 1
p398 6 7 1
p399 8 1 0
p400 1 8 0
p401 6 1 0
p402 10 3 1
p403 4 4 1
p404 6 5 0
p405 1 4 1
p406 8 7 1
p407 4 5 0
p408 5 7 0
p409 5 4 0
p410 6 6 1
p411 3 10 0
p412 5 10 0
p413 9 6 1
p414 9 1 1
p415 0 10 0
p416 0 8 0
p417 0 9 0
p418 9 9 1
p419 5 2 0
p420 5 9 1
p421 5 1 0
p422 5 8 0
p423 9 3 1
p424 8 4 1
p425 3 4 0
p426 6 4 0
p427 5 6 0
p428 1 7 0
p429 10 9 1
p430 7 4 1
p431 10 2 0
p432 7 4 1
p433 3 4 1
p434 0 7 0
p435 8 7 0
p436 0 5 1
p437 10 3 0
p438 5 1 0
p439 5 3 1
p440 9 9 0
p441 6 4 1
p442 3 8 0
p443 8 4 1
p444 4 8 1
p445 2 7 1
p446 10 6 1
p447 5 2 1
p448 0 3 1
p449 2 1 1
p450 6 5 1
p451 1 5 1
p452 9 3 0
p453 9 8 0
p454 8 1 1
p455 7 6 1
p456 3 1 0
p457 4 7 1
p458 0 3 0
p459 3 4 0
p460 3 10 0
p461 3 4 1
p462 4 9 1
p463 0 8 1
p464 2 6 1
p465 2 1 0
p466 2 7 0
p467 4 2 0
p468 5 8 0
p469 0 6 0
p470 2 1 1
p471 0 7 1
p472 1 3 1
p473 6 5 1
p474 9 7 0
p475 6 6 1
p476 10 4 1
p477 5 2 1
p478 9 8 0
p479 7 2 1
p480 4 4 1
p481 2 1 0
p482 3 6 0
p483 1 7 0
p484 6 1 0
p485 4 6 1
p486 8 9 0
p487 1 4 1
p488 8 5 1
p489 1 5 0
p490 8 10 0
p491 10 9 0
p492 5 9 1
p493 0 7 0
p494 4 1 0
p495 8 10 0
p496 1 2 0
p497 7 6 0
p498 6 4 0
p499 2 5 0
p500 8 6 0