500
p1 0 5 0
p1 4 7 1
p2 5 7 0
p3 2 10 0
p4 1 4 1
p5 9 6 0
p6 8 4 0
p7 5 6 0
p8 8 4 1
p9 7 4 0
p10 9 6 0
p11 8 3 0
p12 3 2 0
p13 9 9 1
p14 0 2 0
p15 0 2 0
p16 6 3 1
p17 8 5 0
p18 2 9 1
p19 4 2 0
p20 7 3 0
p21 7 8 0
p22 5 1 1
p23 0 5 0
p24 5 10 1
p25 9 10 1
p26 8 2 1
p27 10 1 1
p28 4 3 1
p29 4 3 1
p30 1 7 1
p31 0 9 1
p32 4 9 1
p33 7 5 1
p34 3 3 1
p35 0 3 0
p36 10 5 0
p37 3 6 0
p38 10 10 0
p39 2 4 1
p40 0 10 1
p41 0 2 0
p42 9 8 0
p43 9 7 1
p44 3 3 1
p45 5 4 1
p46 0 4 1
p47 4 5 0
p48 4 3 0
p49 0 6 1
p50 6 5 0
p51 7 7 1
p52 7 6 0
p53 9 4 0
p54 3 5 0
p55 3 4 1
p56 7 7 0
p57 10 10 0
p58 1 9 0
p59 3 2 0
p60 10 1 0
p61 8 5 0
p62 8 1 1
p63 3 1 0
p64 9 3 0
p65 9 5 1
p66 1 5 1
p67 4 3 0
p68 10 10 0
p69 5 3 0
p70 1 9 0
p71 8 5 0
p72 4 8 0
p73 7 1 0
p74 6 7 0
p75 9 3 1
p76 3 6 1
p77 8 8 1
p78 2 7 1
p79 2 4 1
p80 8 3 0
p81 0 4 0
p82 9 1 0
p83 9 9 0
p84 8 3 0
p85 8 7 0
p86 1 7 0
p87 3 1 1
p88 5 7 1
p89 5 7 0
p90 4 2 0
p91 2 2 1
p92 5 5 1
p93 0 1 1
p94 6 10 1
p95 3 8 0
p96 9 6 0
p97 3 6 0
p98 7 5 0
p99 1 7 1
p100 8 4 0
p101 5 4 1
p102 0 4 1
p103 8 2 0
p104 10 10 1
p105 1 3 0
p106 1 5 0
p107 2 2 1
p108 9 3 1
p109 4 6 1
p110 10 3 0
p111 1 6 1
p112 8 5 0
p113 0 6 1
p114 3 8 1
p115 5 7 1
p116 3 9 1
p117 6 5 1
p118 5 5 1
p119 7 6 0
p120 2 8 0
p121 5 10 0
p122 9 4 0
p123 2 7 1
p124 10 8 0
p125 3 8 1
p126 4 7 1
p127 2 10 1
p128 1 2 1
p129 4 9 1
p130 1 9 0
p131 0 8 0
p132 2 6 1
p133 9 8 1
p134 4 8 0
p135 10 7 1
p136 3 8 0
p137 5 4 1
p138 7 9 1
p139 3 5 1
p140 0 8 0
p141 6 2 1
p142 6 3 0
p143 9 5 1
p144 4 5 1
p145 5 9 1
p146 2 6 0
p147 3 2 1
p148 8 5 1
p149 1 7 0
p150 0 7 1
p151 4 3 0
p152 9 5 1
p153 0 6 1
p154 2 4 1
p155 0 8 1
p156 6 5 0
p157 2 5 1
p158 1 4 1
p159 4 6 0
p160 1 1 0
p161 2 9 0
p162 7 7 0
p163 8 2 1
p164 10 2 0
p165 10 3 1
p166 3 7 1
p167 3 10 1
p168 4 7 0
p169 0 7 1
p170 4 3 0
p171 8 4 0
p172 1 2 0
p173 4 1 1
p174 0 4 0
p175 4 8 0
p176 8 1 1
p177 5 9 0
p178 9 7 0
p179 4 8 0
p180 2 9 0
p181 0 8 0
p182 7 1 1
p183 4 2 0
p184 8 6 1
p185 4 8 0
p186 7 5 0
p187 7 5 1
p188 8 9 1
p189 9 4 0
p190 5 4 0
p191 4 10 1
p192 7 2 1
p193 10 8 0
p194 9 8 1
p195 1 9 0
p196 7 8 0
p197 5 8 0
p198 8 6 1
p199 10 1 0
p200 9 1 1
p201 7 7 0
p202 3 1 1
p203 7 8 0
p204 10 6 0
p205 10 2 0
p206 0 3 1
p207 8 8 0
p208 6 10 1
p209 0 7 0
p210 7 4 0
p211 5 9 0
p212 3 1 0
p213 6 4 1
p214 10 9 0
p215 5 1 0
p216 0 9 0
p217 7 1 1
p218 2 9 0
p219 4 5 0
p220 6 2 1
p221 6 5 1
p222 2 3 1
p223 3 3 0
p224 5 5 0
p225 7 5 0
p226 10 5 0
p227 8 10 0
p228 4 3 0
p229 6 1 0
p230 0 6 0
p231 8 8 0
p232 2 3 0
p233 3 3 0
p234 0 5 0
p235 8 8 0
p236 6 8 0
p237 3 3 1
p238 7 8 1
p239 1 6 0
p240 6 1 1
p241 9 10 0
p242 2 5 0
p243 0 6 1
p244 8 10 1
p245 5 7 0
p246 1 9 0
p247 0 6 0
p248 3 6 1
p249 5 7 0
p250 5 7 1
p251 1 4 0
p252 10 4 0
p253 8 4 1
p254 10 2 1
p255 8 7 1
p256 0 1 1
p257 4 1 0
p258 5 6 0
p259 5 9 0
p260 1 10 0
p261 1 6 0
p262 3 5 1
p263 5 8 0
p264 5 10 1
p265 9 9 0
p266 2 9 0
p267 10 3 0
p268 3 1 1
p269 0 7 0
p270 9 1 1
p271 5 10 1
p272 3 1 1
p273 8 10 0
p274 5 5 1
p275 4 1 1
p276 7 10 0
p277 6 1 0
p278 8 8 1
p279 6 9 1
p280 2 8 1
p281 1 4 0
p282 3 2 0
p283 7 7 1
p284 10 10 0
p285 9 7 0
p286 0 1 0
p287 6 8 0
p288 9 4 1
p289 9 10 1
p290 4 10 0
p291 0 6 0
p292 0 6 1
p293 3 2 0
p294 6 1 1
p295 9 8 1
p296 10 8 0
p297 1 2 1
p298 10 2 0
p299 7 2 0
p300 3 4 1
p301 8 2 0
p302 2 7 0
p303 10 9 1
p304 6 10 1
p305 8 3 0
p306 6 4 1
p307 7 10 0
p308 4 5 0
p309 6 6 1
p310 7 3 0
p311 9 1 1
p312 0 9 0
p313 8 7 0
p314 4 4 1
p315 9 3 1
p316 1 8 0
p317 9 8 1
p318 8 8 0
p319 6 8 1
p320 9 2 1
p321 10 5 0
p322 0 9 0
p323 7 9 0
p324 6 4 0
p325 6 9 0
p326 9 2 1
p327 1 8 1
p328 5 3 0
p329 6 10 1
p330 1 10 0
p331 4 5 0
p332 2 9 1
p333 6 7 1
p334 10 9 1
p335 4 4 1
p336 3 6 0
p337 3 10 1
p338 7 4 0
p339 10 8 1
p340 5 5 1
p341 10 10 1
p342 0 4 1
p343 7 5 1
p344 6 1 1
p345 0 6 0
p346 9 8 1
p347 10 8 0
p348 6 8 0
p349 9 7 1
p350 5 4 0
p351 2 10 1
p352 8 8 0
p353 1 3 1
p354 10 1 1
p355 6 7 0
p356 4 3 0
p357 2 10 1
p358 2 6 0
p359 6 6 0
p360 9 7 0
p361 0 4 1
p362 5 7 0
p363 5 8 0
p364 3 3 0
p365 8 8 0
p366 4 10 1
p367 4 6 0
p368 9 2 1
p369 5 6 0
p370 1 7 0
p371 4 1 1
p372 0 7 0
p373 9 8 1
p374 5 2 1
p375 2 7 0
p376 1 1 0
p377 9 2 1
p378 3 9 0
p379 9 10 1
p380 5 1 1
p381 2 1 1
p382 5 3 0
p383 7 2 1
p384 2 6 1
p385 10 7 1
p386 1 3 1
p387 1 9 1
p388 10 4 1
p389 10 5 0
p390 7 9 0
p391 5 1 0
p392 7 6 1
p393 3 2 0
p394 9 6 1
p395 5 4 0
p396 10 1 0
p397 4 1 0
p398 3 1 1
p399 2 8 0
p400 6 1 0
p401 3 1 0
p402 10 4 1
p403 2 10 0
p404 0 5 0
p405 5 5 1
p406 0 4 1
p407 6 5 0
p408 9 1 0
p409 2 2 1
p410 5 7 1
p411 10 9 1
p412 10 7 1
p413 9 8 0
p414 0 9 0
p415 0 1 0
p416 6 10 1
p417 5 8 0
p418 9 5 0
p419 6 8 0
p420 7 8 0
p421 5 9 0
p422 5 1 0
p423 4 9 1
p424 0 4 1
p425 4 4 0
p426 6 10 1
p427 7 8 0
p428 8 5 1
p429 3 7 0
p430 2 8 1
p431 2 10 1
p432 6 4 0
p433 9 5 0
p434 8 2 1
p435 8 7 1
p436 3 10 0
p437 4 9 1
p438 5 1 0
p439 1 10 0
p440 6 5 1
p441 1 7 0
p442 0 3 0
p443 8 1 0
p444 1 9 0
p445 1 9 0
p446 9 8 0
p447 5 1 0
p448 5 2 0
p449 8 6 0
p450 6 4 0
p451 6 1 0
p452 0 10 0
p453 5 9 1
p454 10 1 1
p455 3 6 1
p456 8 8 1
p457 10 10 1
p458 5 10 0
p459 9 10 1
p460 4 2 0
p461 1 9 0
p462 4 3 0
p463 4 6 0
p464 10 8 0
p465 10 6 1
p466 7 1 0
p467 6 3 0
p468 0 10 1
p469 3 3 1
p470 1 6 0
p471 4 1 1
p472 8 7 1
p473 5 8 0
p474 10 1 0
p475 2 10 1
p476 6 1 1
p477 5 6 0
p478 5 3 1
p479 9 5 1
p480 2 9 0
p481 10 6 0
p482 9 4 1
p483 7 6 0
p484 9 7 0
p485 4 6 0
p486 6 4 0
p487 7 5 1
p488 1 10 1
p489 9 5 0
p490 9 4 0
p491 3 8 1
p492 2 7 1
p493 9 1 0
p494 5 10 0
p495 2 10 1
p496 7 10 1
p497 5 10 1
p498 5 3 1
p499 2 8 1
p500 1 9 0