500
p1 0 3 1
p1 5 9 1
p2 3 1 0
p3 2 3 1
p4 10 3 0
p5 0 1 0
p6 6 1 1
p7 8 5 0
p8 1 1 1
p9 6 3 0
p10 9 2 1
p11 3 9 1
p12 2 8 1
p13 2 6 0
p14 8 3 0
p15 6 2 1
p16 6 4 1
p17 10 10 1
p18 4 1 0
p19 8 5 0
p20 9 8 1
p21 8 5 1
p22 9 2 1
p23 1 2 0
p24 2 3 0
p25 6 7 1
p26 8 8 0
p27 2 9 0
p28 3 5 0
p29 2 9 0
p30 3 6 0
p31 6 2 0
p32 9 4 1
p33 10 3 1
p34 2 4 1
p35 4 9 1
p36 5 2 1
p37 7 1 1
p38 6 6 1
p39 1 7 0
p40 0 6 1
p41 9 5 1
p42 10 3 0
p43 1 6 0
p44 7 1 1
p45 1 3 1
p46 10 3 0
p47 7 3 1
p48 2 5 0
p49 9 9 1
p50 1 4 0
p51 9 5 0
p52 7 10 0
p53 3 9 1
p54 5 6 0
p55 6 3 0
p56 10 10 0
p57 10 1 0
p58 0 8 0
p59 3 7 1
p60 7 3 0
p61 4 9 1
p62 8 2 0
p63 10 9 0
p64 3 2 0
p65 2 6 0
p66 2 2 1
p67 3 10 0
p68 1 3 1
p69 0 8 1
p70 1 3 0
p71 2 10 0
p72 2 7 0
p73 9 7 0
p74 2 5 0
p75 9 10 1
p76 7 8 0
p77 8 5 1
p78 5 2 1
p79 2 3 1
p80 8 8 1
p81 10 3 0
p82 4 5 0
p83 2 9 1
p84 1 8 1
p85 7 9 0
p86 4 3 0
p87 9 2 0
p88 3 5 1
p89 4 1 1
p90 5 7 0
p91 10 9 0
p92 3 4 0
p93 10 4 1
p94 0 7 0
p95 7 6 1
p96 1 9 1
p97 1 8 0
p98 2 8 0
p99 1 10 0
p100 0 9 1
p101 7 7 1
p102 4 7 0
p103 2 6 0
p104 0 3 0
p105 0 10 0
p106 8 9 0
p107 0 8 1
p108 2 5 0
p109 10 9 0
p110 5 4 0
p111 1 8 1
p112 10 7 1
p113 3 4 0
p114 3 6 1
p115 9 4 0
p116 9 6 0
p117 1 6 1
p118 9 7 1
p119 9 9 1
p120 6 8 0
p121 3 10 0
p122 9 8 0
p123 3 2 1
p124 7 10 0
p125 8 6 1
p126 2 9 0
p127 3 1 0
p128 6 5 0
p129 4 5 0
p130 7 7 0
p131 5 3 1
p132 2 9 0
p133 1 6 1
p134 4 7 0
p135 0 6 0
p136 9 4 0
p137 4 1 0
p138 8 4 0
p139 9 9 0
p140 8 2 0
p141 5 2 1
p142 5 6 1
p143 4 10 0
p144 5 1 0
p145 9 10 1
p146 3 5 1
p147 9 2 1
p148 3 7 0
p149 6 6 0
p150 3 1 0
p151 0 1 1
p152 0 6 1
p153 10 5 0
p154 0 8 1
p155 7 8 0
p156 7 9 0
p157 2 9 1
p158 6 3 1
p159 9 1 0
p160 7 2 1
p161 5 4 1
p162 8 4 0
p163 2 8 0
p164 10 7 0
p165 4 9 1
p166 4 1 1
p167 5 7 1
p168 4 1 1
p169 1 5 0
p170 9 9 1
p171 9 4 0
p172 9 4 0
p173 10 5 1
p174 9 8 1
p175 8 5 0
p176 3 6 0
p177 7 5 0
p178 8 4 0
p179 7 3 0
p180 0 4 1
p181 10 8 0
p182 4 9 1
p183 3 2 1
p184 7 3 0
p185 3 9 0
p186 8 1 1
p187 9 9 0
p188 7 1 1
p189 5 8 1
p190 5 5 0
p191 9 3 1
p192 3 6 1
p193 0 1 0
p194 4 5 1
p195 10 7 1
p196 2 2 1
p197 2 6 0
p198 6 2 0
p199 5 4 1
p200 8 9 1
p201 4 3 1
p202 0 3 1
p203 3 2 1
p204 10 8 0
p205 10 7 0
p206 9 4 1
p207 9 6 0
p208 7 7 1
p209 6 1 1
p210 4 10 1
p211 8 2 0
p212 6 10 0
p213 1 7 0
p214 7 4 1
p215 10 5 1
p216 8 6 0
p217 4 3 0
p218 3 4 0
p219 10 7 0
p220 1 3 1
p221 1 6 1
p222 7 9 0
p223 7 6 0
p224 4 5 1
p225 9 8 1
p226 0 3 1
p227 3 2 1
p228 2 3 1
p229 8 5 1
p230 9 7 0
p231 4 2 1
p232 5 7 1
p233 3 4 1
p234 8 4 1
p235 9 9 1
p236 2 1 1
p237 9 6 0
p238 2 3 0
p239 2 8 1
p240 0 9 1
p241 10 10 0
p242 5 9 0
p243 3 9 1
p244 3 6 0
p245 10 5 0
p246 2 2 1
p247 5 9 0
p248 5 2 1
p249 10 4 0
p250 10 6 1
p251 6 9 0
p252 8 10 0
p253 1 7 0
p254 0 8 0
p255 10 9 0
p256 7 3 1
p257 1 9 0
p258 2 5 1
p259 6 3 1
p260 8 5 0
p261 1 3 0
p262 5 10 0
p263 10 4 0
p264 10 8 1
p265 3 7 0
p266 7 10 0
p267 2 6 0
p268 9 2 0
p269 6 4 1
p270 3 10 1
p271 2 9 1
p272 1 2 0
p273 4 7 0
p274 2 5 1
p275 7 9 1
p276 6 10 0
p277 3 8 1
p278 9 8 1
p279 0 5 0
p280 1 4 1
p281 5 10 1
p282 1 5 0
p283 1 4 0
p284 1 9 1
p285 3 8 1
p286 8 8 0
p287 6 5 1
p288 2 1 0
p289 4 3 1
p290 10 10 0
p291 2 6 1
p292 3 3 0
p293 7 1 1
p294 0 3 0
p295 0 9 1
p296 10 6 0
p297 1 1 1
p298 1 10 1
p299 0 8 1
p300 8 6 0
p301 6 3 1
p302 4 1 1
p303 4 3 0
p304 10 4 0
p305 1 7 0
p306 2 8 1
p307 0 4 0
p308 6 3 1
p309 8 2 1
p310 6 9 0
p311 8 7 1
p312 10 9 1
p313 0 7 0
p314 9 9 1
p315 7 8 1
p316 5 9 1
p317 2 4 0
p318 1 4 0
p319 6 5 1
p320 7 3 1
p321 3 7 0
p322 4 6 0
p323 0 8 1
p324 3 9 1
p325 9 2 0
p326 4 3 0
p327 1 2 1
p328 7 7 0
p329 5 10 0
p330 2 1 0
p331 10 5 0
p332 8 6 1
p333 0 7 1
p334 0 9 1
p335 7 9 0
p336 1 2 0
p337 1 8 0
p338 9 10 0
p339 7 2 1
p340 3 3 0
p341 1 4 0
p342 9 3 0
p343 2 1 0
p344 2 1 0
p345 9 5 0
p346 4 1 1
p347 4 7 0
p348 10 7 1
p349 3 8 0
p350 7 3 1
p351 6 4 0
p352 5 10 1
p353 3 4 1
p354 0 6 1
p355 2 8 1
p356 4 9 1
p357 8 5 0
p358 4 5 0
p359 10 8 1
p360 7 2 1
p361 8 2 1
p362 3 2 0
p363 10 9 1
p364 4 7 1
p365 7 8 0
p366 6 2 0
p367 0 9 1
p368 1 8 1
p369 3 3 0
p370 3 3 1
p371 4 9 0
p372 2 8 0
p373 6 4 0
p374 7 7 0
p375 6 8 0
p376 2 6 1
p377 6 9 1
p378 1 3 0
p379 6 9 1
p380 3 6 1
p381 8 5 1
p382 3 1 1
p383 6 4 0
p384 5 6 1
p385 3 7 0
p386 10 6 1
p387 0 1 1
p388 10 8 1
p389 0 10 1
p390 3 4 1
p391 4 6 1
p392 6 5 0
p393 6 3 1
p394 8 4 0
p395 8 9 0
p396 7 10 1
p397 2 8 1
p398 3 1 0
p399 8 6 1
p400 0 9 1
p401 3 10 0
p402 8 9 0
p403 5 5 1
p404 7 10 0
p405 3 1 0
p406 4 7 1
p407 1 3 0
p408 1 1 0
p409 0 1 1
p410 8 4 1
p411 1 6 1
p412 2 3 1
p413 3 3 0
p414 7 1 1
p415 9 4 1
p416 10 8 1
p417 9 2 0
p418 6 5 0
p419 9 4 0
p420 3 3 1
p421 10 5 0
p422 3 6 1
p423 3 1 1
p424 4 3 1
p425 1 3 0
p426 3 3 0
p427 5 4 1
p428 7 5 1
p429 5 4 0
p430 4 8 1
p431 4 8 1
p432 6 3 0
p433 0 4 0
p434 7 6 0
p435 6 8 0
p436 4 3 0
p437 9 5 1
p438 9 10 1
p439 1 7 0
p440 10 8 0
p441 6 5 1
p442 1 9 0
p443 10 7 1
p444 1 5 0
p445 1 6 1
p446 8 3 1
p447 10 7 0
p448 3 9 1
p449 6 3 1
p450 0 5 0
p451 3 6 1
p452 1 6 1
p453 5 9 1
p454 8 9 1
p455 1 5 0
p456 0 3 1
p457 2 4 1
p458 5 5 1
p459 1 1 1
p460 6 3 1
p461 5 4 0
p462 6 6 0
p463 7 8 0
p464 8 3 0
p465 1 6 0
p466 3 9 1
p467 9 2 0
p468 6 8 0
p469 0 2 0
p470 2 6 1
p471 4 1 0
p472 6 1 1
p473 9 6 0
p474 3 3 0
p475 6 7 1
p476 10 1 0
p477 0 1 1
p478 6 3 0
p479 2 7 1
p480 10 5 1
p481 10 2 1
p482 7 1 0
p483 7 5 1
p484 6 7 1
p485 8 1 1
p486 6 10 0
p487 8 10 0
p488 4 3 0
p489 1 6 1
p490 9 7 1
p491 0 6 0
p492 1 10 0
p493 6 8 0
p494 0 9 0
p495 1 5 1
p496 8 4 0
p497 3 3 0
p498 7 3 0
p499 2 5 1
p500 9 1 1