500
p1 0 6 1
p1 1 3 0
p2 2 5 0
p3 4 3 0
p4 3 6 1
p5 4 2 0
p6 7 9 1
p7 0 1 1
p8 6 5 0
p9 7 9 0
p10 5 10 1
p11 7 2 0
p12 7 8 0
p13 3 2 0
p14 3 4 1
p15 5 7 0
p16 9 10 1
p17 5 10 1
p18 3 8 1
p19 0 9 1
p20 5 2 0
p21 9 5 1
p22 3 7 1
p23 6 10 0
p24 1 6 1
p25 10 7 1
p26 6 1 1
p27 6 10 0
p28 0 6 1
p29 10 2 1
p30 8 5 0
p31 3 9 1
p32 9 1 1
p33 6 3 0
p34 5 2 0
p35 8 1 0
p36 10 2 0
p37 4 6 1
p38 9 3 0
p39 0 1 0
p40 4 6 0
p41 4 10 0
p42 8 4 0
p43 2 6 0
p44 5 9 0
p45 10 6 0
p46 0 4 1
p47 5 5 0
p48 6 6 0
p49 4 8 0
p50 3 9 1
p51 6 1 1
p52 9 10 0
p53 4 2 1
p54 7 9 0
p55 7 5 1
p56 2 10 0
p57 9 6 0
p58 1 9 1
p59 7 8 0
p60 6 6 0
p61 4 7 1
p62 3 9 0
p63 1 4 0
p64 5 4 0
p65 4 2 0
p66 9 2 0
p67 6 3 1
p68 10 4 1
p69 4 7 0
p70 1 6 1
p71 3 3 0
p72 2 2 0
p73 6 6 1
p74 5 1 1
p75 3 8 0
p76 10 4 0
p77 3 10 0
p78 7 4 0
p79 8 1 0
p80 9 2 0
p81 3 1 0
p82 3 6 1
p83 2 5 0
p84 8 8 0
p85 0 5 1
p86 3 2 0
p87 7 10 1
p88 1 2 0
p89 3 10 0
p90 9 2 1
p91 4 5 0
p92 1 7 1
p93 6 6 1
p94 4 7 0
p95 2 5 0
p96 2 10 1
p97 2 6 0
p98 10 9 0
p99 8 2 1
p100 2 2 0
p101 4 7 0
p102 3 9 0
p103 0 10 0
p104 1 3 0
p105 0 5 1
p106 9 3 0
p107 3 9 1
p108 9 4 0
p109 9 2 1
p110 1 5 0
p111 7 3 1
p112 4 1 1
p113 8 2 0
p114 7 2 0
p115 0 8 1
p116 8 8 1
p117 1 1 1
p118 5 1 0
p119 9 9 0
p120 7 4 0
p121 6 1 0
p122 7 5 0
p123 3 3 1
p124 0 1 0
p125 7 7 1
p126 5 7 0
p127 7 10 0
p128 0 5 1
p129 8 10 1
p130 3 7 1
p131 1 10 1
p132 2 6 1
p133 0 1 1
p134 6 6 1
p135 10 3 0
p136 8 4 0
p137 2 7 1
p138 2 4 0
p139 5 9 1
p140 0 8 1
p141 5 1 0
p142 3 8 1
p143 9 5 1
p144 9 5 0
p145 6 1 1
p146 5 10 0
p147 0 1 0
p148 1 4 1
p149 3 1 1
p150 2 9 0
p151 6 6 0
p152 8 2 1
p153 0 2 1
p154 0 10 1
p155 4 5 1
p156 8 6 0
p157 6 9 0
p158 2 3 0
p159 8 8 0
p160 8 10 0
p161 7 9 1
p162 2 3 0
p163 6 3 0
p164 10 4 1
p165 5 3 1
p166 10 6 0
p167 2 6 0
p168 3 1 0
p169 3 4 1
p170 8 4 0
p171 5 10 1
p172 8 3 1
p173 9 2 1
p174 5 10 0
p175 5 5 1
p176 4 10 0
p177 3 2 1
p178 2 4 0
p179 1 2 1
p180 2 4 0
p181 7 10 1
p182 10 5 0
p183 8 4 1
p184 8 10 0
p185 3 8 0
p186 4 8 0
p187 1 1 1
p188 8 1 0
p189 4 7 1
p190 5 10 0
p191 10 8 1
p192 2 1 1
p193 2 4 0
p194 0 8 1
p195 0 8 1
p196 10 8 0
p197 4 3 0
p198 5 4 0
p199 5 7 0
p200 5 9 0
p201 4 5 1
p202 3 3 0
p203 8 6 1
p204 4 7 0
p205 9 7 1
p206 5 4 0
p207 4 5 1
p208 0 3 0
p209 4 3 1
p210 4 6 1
p211 4 5 0
p212 0 1 0
p213 10 6 1
p214 10 10 1
p215 6 7 0
p216 10 9 1
p217 8 1 0
p218 9 5 0
p219 10 6 1
p220 3 8 0
p221 6 1 1
p222 2 6 1
p223 5 1 1
p224 6 3 0
p225 7 9 0
p226 3 9 0
p227 8 7 0
p228 10 2 0
p229 1 5 0
p230 9 4 1
p231 4 10 1
p232 0 8 1
p233 0 8 1
p234 9 7 0
p235 1 4 0
p236 1 5 0
p237 7 6 0
p238 8 10 1
p239 4 1 0
p240 9 1 1
p241 7 8 0
p242 1 5 1
p243 1 2 0
p244 4 8 0
p245 10 2 0
p246 10 2 0
p247 0 4 1
p248 3 10 1
p249 2 7 1
p250 5 9 0
p251 4 7 1
p252 3 2 1
p253 6 2 1
p254 3 5 0
p255 3 9 0
p256 10 1 1
p257 3 9 1
p258 3 2 0
p259 4 3 0
p260 9 5 1
p261 4 3 1
p262 2 8 0
p263 4 9 1
p264 9 9 1
p265 0 10 1
p266 3 1 1
p267 4 1 0
p268 9 6 1
p269 4 4 1
p270 0 9 0
p271 5 3 0
p272 9 1 1
p273 7 1 1
p274 2 6 0
p275 7 6 1
p276 1 1 0
p277 10 4 0
p278 5 10 1
p279 9 9 0
p280 1 6 0
p281 8 10 0
p282 10 9 1
p283 0 6 1
p284 3 10 1
p285 4 9 0
p286 4 4 0
p287 10 3 0
p288 4 5 1
p289 0 5 1
p290 9 7 0
p291 9 10 1
p292 4 4 1
p293 4 5 0
p294 4 1 1
p295 8 6 0
p296 5 4 1
p297 1 2 1
p298 4 8 0
p299 5 1 0
p300 6 4 0
p301 3 7 0
p302 3 5 1
p303 2 6 1
p304 7 5 1
p305 5 8 0
p306 7 2 1
p307 10 6 0
p308 3 8 1
p309 4 9 1
p310 9 6 0
p311 7 10 1
p312 6 7 1
p313 3 7 1
p314 9 8 1
p315 4 7 0
p316 2 5 1
p317 7 7 0
p318 5 3 1
p319 9 8 0
p320 10 2 1
p321 2 7 0
p322 6 7 0
p323 4 7 1
p324 1 7 0
p325 10 5 0
p326 3 2 1
p327 8 4 1
p328 6 4 1
p329 8 10 1
p330 10 4 0
p331 5 10 0
p332 6 5 1
p333 7 5 1
p334 5 9 1
p335 9 7 0
p336 4 8 1
p337 1 5 0
p338 3 4 1
p339 0 10 1
p340 6 7 0
p341 10 7 1
p342 4 3 1
p343 6 10 1
p344 7 6 1
p345 3 1 0
p346 10 2 1
p347 6 4 1
p348 9 5 0
p349 3 8 0
p350 5 10 0
p351 2 5 0
p352 7 8 0
p353 4 8 0
p354 4 1 1
p355 3 5 1
p356 4 8 0
p357 1 7 1
p358 0 3 0
p359 9 4 1
p360 1 6 1
p361 6 10 1
p362 9 7 0
p363 2 3 1
p364 2 2 1
p365 3 3 1
p366 3 6 0
p367 4 7 1
p368 7 1 1
p369 3 3 0
p370 1 4 1
p371 8 8 0
p372 8 7 0
p373 9 10 0
p374 2 1 1
p375 7 1 0
p376 6 7 1
p377 4 8 1
p378 9 6 1
p379 8 8 0
p380 2 3 1
p381 9 10 0
p382 3 1 0
p383 6 5 1
p384 9 9 1
p385 4 7 0
p386 6 10 0
p387 4 7 1
p388 1 6 0
p389 4 1 1
p390 2 5 0
p391 3 3 1
p392 5 6 1
p393 1 2 1
p394 8 1 0
p395 0 7 0
p396 6 5 1
p397 5 8 1
p398 7 7 0
p399 1 2 1
p400 8 4 1
p401 7 8 1
p402 6 4 0
p403 3 6 0
p404 6 8 0
p405 4 8 0
p406 6 7 0
p407 7 5 1
p408 6 7 0
p409 0 1 1
p410 10 4 0
p411 3 10 1
p412 0 8 0
p413 1 10 0
p414 1 2 1
p415 0 3 0
p416 0 9 1
p417 5 9 1
p418 0 1 1
p419 3 10 1
p420 6 9 1
p421 0 2 0
p422 1 2 1
p423 8 8 1
p424 2 1 0
p425 2 3 0
p426 5 10 0
p427 10 8 1
p428 7 8 1
p429 4 6 0
p430 0 3 1
p431 4 5 0
p432 7 10 1
p433 8 9 0
p434 0 5 0
p435 5 10 1
p436 8 5 0
p437 3 10 1
p438 4 6 1
p439 10 3 0
p440 5 10 1
p441 10 2 1
p442 10 8 0
p443 1 8 0
p444 5 2 0
p445 2 5 1
p446 3 6 0
p447 6 7 1
p448 6 8 0
p449 2 10 0
p450 6 2 0
p451 3 4 1
p452 4 5 1
p453 6 2 0
p454 7 1 1
p455 10 10 1
p456 2 7 0
p457 2 7 1
p458 6 3 0
p459 1 4 1
p460 7 2 0
p461 7 10 1
p462 3 6 0
p463 8 5 1
p464 0 3 1
p465 1 8 0
p466 5 4 0
p467 5 8 1
p468 6 7 1
p469 10 10 1
p470 5 9 0
p471 8 7 1
p472 2 6 0
p473 10 6 1
p474 9 4 1
p475 6 3 0
p476 9 10 1
p477 2 8 0
p478 0 6 0
p479 7 1 1
p480 6 4 0
p481 2 4 0
p482 7 4 1
p483 5 3 0
p484 10 4 1
p485 5 3 1
p486 4 3 1
p487 5 10 0
p488 1 3 1
p489 5 6 1
p490 9 2 1
p491 6 4 0
p492 4 2 1
p493 6 10 0
p494 7 3 1
p495 5 9 1
p496 3 2 0
p497 5 9 1
p498 3 6 1
p499 4 1 1
p500 4 4 0