500
p1 0 7 0
p1 8 7 0
p2 9 1 1
p3 9 9 0
p4 1 8 1
p5 10 7 1
p6 7 5 1
p7 5 3 0
p8 0 3 0
p9 10 7 0
p10 9 10 0
p11 7 7 1
p12 4 8 1
p13 4 5 1
p14 2 2 1
p15 9 8 1
p16 8 4 0
p17 5 2 0
p18 1 5 0
p19 1 10 1
p20 2 4 0
p21 6 10 0
p22 4 2 1
p23 4 6 0
p24 1 3 1
p25 9 2 0
p26 6 6 1
p27 6 4 0
p28 9 7 1
p29 9 9 0
p30 3 10 0
p31 0 2 1
p32 6 9 1
p33 6 1 0
p34 1 1 0
p35 8 7 0
p36 6 5 1
p37 0 1 0
p38 4 2 1
p39 6 5 1
p40 3 1 0
p41 7 1 0
p42 1 7 0
p43 8 3 1
p44 0 3 1
p45 8 7 1
p46 9 7 0
p47 9 2 0
p48 1 10 1
p49 10 1 1
p50 2 9 1
p51 4 8 1
p52 8 5 0
p53 7 5 0
p54 4 5 1
p55 0 8 1
p56 5 4 1
p57 9 2 0
p58 9 7 0
p59 1 4 0
p60 5 9 0
p61 2 6 0
p62 1 1 0
p63 8 10 1
p64 7 5 1
p65 7 10 0
p66 8 1 0
p67 1 2 1
p68 8 8 1
p69 3 7 1
p70 10 7 1
p71 7 7 0
p72 7 1 0
p73 7 2 1
p74 5 10 1
p75 8 7 1
p76 4 9 1
p77 10 2 1
p78 0 2 0
p79 8 7 0
p80 8 9 0
p81 3 8 1
p82 6 2 1
p83 3 5 0
p84 8 5 0
p85 7 5 0
p86 8 3 1
p87 3 3 0
p88 0 6 1
p89 8 9 0
p90 6 9 0
p91 9 10 1
p92 5 1 1
p93 7 4 1
p94 10 7 0
p95 9 5 0
p96 0 10 0
p97 10 10 0
p98 5 8 1
p99 6 3 0
p100 4 9 0
p101 5 5 0
p102 7 6 0
p103 3 6 0
p104 2 6 0
p105 8 7 0
p106 5 6 1
p107 8 4 0
p108 7 10 1
p109 1 10 0
p110 8 2 0
p111 3 5 0
p112 10 7 1
p113 2 10 0
p114 3 10 1
p115 0 5 1
p116 7 5 0
p117 3 8 1
p118 7 4 1
p119 1 4 0
p120 10 6 0
p121 10 9 0
p122 8 1 0
p123 5 8 1
p124 10 3 0
p125 9 4 0
p126 2 5 1
p127 5 7 0
p128 10 8 1
p129 8 8 1
p130 7 10 0
p131 6 10 0
p132 1 6 1
p133 8 5 0
p134 6 10 1
p135 0 8 0
p136 4 6 1
p137 5 5 1
p138 9 3 0
p139 2 4 1
p140 6 9 0
p141 5 1 1
p142 0 6 0
p143 2 10 0
p144 0 10 1
p145 9 1 1
p146 5 7 0
p147 7 9 0
p148 5 2 0
p149 6 6 1
p150 7 9 0
p151 9 4 0
p152 7 10 1
p153 0 1 0
p154 9 5 0
p155 6 5 0
p156 6 6 0
p157 0 6 1
p158 6 8 0
p159 10 4 1
p160 9 1 1
p161 9 7 0
p162 2 5 0
p163 2 1 0
p164 6 7 0
p165 8 5 1
p166 4 2 0
p167 9 4 0
p168 7 6 1
p169 4 2 0
p170 4 4 0
p171 0 4 1
p172 4 2 1
p173 8 6 1
p174 10 4 1
p175 9 8 0
p176 3 8 1
p177 6 1 0
p178 2 9 1
p179 6 1 1
p180 0 4 0
p181 4 8 0
p182 2 7 1
p183 1 7 0
p184 10 6 1
p185 8 4 0
p186 7 6 0
p187 0 3 0
p188 2 8 1
p189 2 8 1
p190 5 10 1
p191 7 5 0
p192 1 8 0
p193 2 7 1
p194 3 10 0
p195 4 9 1
p196 6 8 1
p197 10 9 1
p198 1 8 1
p199 9 2 0
p200 3 10 0
p201 10 8 0
p202 4 8 1
p203 0 5 1
p204 7 1 1
p205 0 7 1
p206 10 5 1
p207 8 5 1
p208 7 1 0
p209 1 1 1
p210 3 4 0
p211 10 8 1
p212 9 10 0
p213 5 7 1
p214 5 9 1
p215 1 8 1
p216 3 2 1
p217 6 3 1
p218 8 7 0
p219 9 3 0
p220 10 7 1
p221 8 1 0
p222 4 1 1
p223 1 4 0
p224 1 9 0
p225 7 5 1
p226 7 3 0
p227 0 1 0
p228 3 7 1
p229 8 2 1
p230 0 7 1
p231 2 3 1
p232 4 6 1
p233 5 5 0
p234 4 6 1
p235 10 10 1
p236 10 3 1
p237 10 10 0
p238 0 7 0
p239 6 1 1
p240 8 8 0
p241 7 7 0
p242 0 9 1
p243 9 2 1
p244 0 3 0
p245 3 10 1
p246 8 5 0
p247 2 9 1
p248 6 1 1
p249 6 2 0
p250 8 6 1
p251 10 5 1
p252 10 3 1
p253 10 10 0
p254 2 9 0
p255 9 4 0
p256 1 4 0
p257 0 9 0
p258 9 7 0
p259 1 6 1
p260 4 7 0
p261 5 2 0
p262 7 9 0
p263 2 7 1
p264 4 3 0
p265 8 9 1
p266 9 8 0
p267 8 4 0
p268 10 5 0
p269 8 9 0
p270 4 8 0
p271 8 9 0
p272 1 10 0
p273 9 3 1
p274 4 6 1
p275 8 3 1
p276 0 7 0
p277 1 1 1
p278 1 3 1
p279 3 8 0
p280 2 5 1
p281 10 2 1
p282 8 1 1
p283 6 7 1
p284 6 1 0
p285 8 8 0
p286 10 9 0
p287 10 1 0
p288 9 8 1
p289 5 6 0
p290 7 9 0
p291 9 7 1
p292 1 1 0
p293 2 10 0
p294 3 1 0
p295 6 8 0
p296 9 9 0
p297 5 3 0
p298 6 5 0
p299 6 10 1
p300 2 1 1
p301 9 1 0
p302 0 2 0
p303 0 9 1
p304 7 8 0
p305 0 2 1
p306 9 10 1
p307 10 8 0
p308 9 9 0
p309 0 5 1
p310 9 2 1
p311 3 9 1
p312 4 3 0
p313 9 8 0
p314 6 9 0
p315 9 8 1
p316 2 4 0
p317 3 3 1
p318 1 7 0
p319 6 7 0
p320 8 6 1
p321 7 3 1
p322 8 5 0
p323 1 4 1
p324 1 9 1
p325 8 9 0
p326 7 5 1
p327 5 4 0
p328 7 7 0
p329 7 2 1
p330 7 8 0
p331 10 7 0
p332 1 7 1
p333 3 5 0
p334 6 8 0
p335 4 3 1
p336 8 3 1
p337 3 7 0
p338 2 3 0
p339 8 10 1
p340 2 4 0
p341 2 6 0
p342 10 3 0
p343 6 2 0
p344 1 6 0
p345 0 9 0
p346 10 6 1
p347 2 1 1
p348 8 6 1
p349 0 2 1
p350 0 4 0
p351 7 9 1
p352 4 1 1
p353 6 5 0
p354 8 4 1
p355 4 10 1
p356 4 10 1
p357 3 4 1
p358 8 3 1
p359 10 1 0
p360 9 3 1
p361 10 6 0
p362 9 4 0
p363 5 7 0
p364 3 10 0
p365 7 9 1
p366 8 10 0
p367 1 5 1
p368 4 3 0
p369 1 6 0
p370 5 9 0
p371 7 10 1
p372 6 8 1
p373 1 6 1
p374 1 7 0
p375 2 3 0
p376 3 6 1
p377 5 1 1
p378 8 9 1
p379 8 6 1
p380 4 5 1
p381 5 1 0
p382 9 4 1
p383 6 8 1
p384 1 3 1
p385 2 8 1
p386 0 10 0
p387 1 3 0
p388 4 9 0
p389 6 9 1
p390 4 9 1
p391 0 1 0
p392 0 9 1
p393 1 10 0
p394 9 10 1
p395 4 8 0
p396 0 2 0
p397 9 4 0
p398 6 7 0
p399 8 7 0
p400 1 1 0
p401 3 5 0
p402 10 4 1
p403 2 2 0
p404 7 7 0
p405 8 7 1
p406 9 6 1
p407 1 5 0
p408 0 1 0
p409 10 2 0
p410 8 4 0
p411 5 9 1
p412 7 3 0
p413 9 7 1
p414 4 2 1
p415 7 10 1
p416 3 1 0
p417 4 5 0
p418 8 8 1
p419 1 4 0
p420 3 7 1
p421 2 1 1
p422 8 2 1
p423 5 8 0
p424 0 9 1
p425 7 5 1
p426 10 3 1
p427 5 8 1
p428 3 1 0
p429 9 10 0
p430 9 2 0
p431 0 8 0
p432 10 5 0
p433 0 6 1
p434 9 4 1
p435 7 7 0
p436 5 9 0
p437 7 9 0
p438 7 1 0
p439 3 1 0
p440 6 6 1
p441 1 1 0
p442 2 7 0
p443 4 4 1
p444 5 4 0
p445 8 5 0
p446 7 9 0
p447 7 6 0
p448 5 4 0
p449 2 9 0
p450 9 6 0
p451 3 3 0
p452 1 1 0
p453 5 10 1
p454 2 3 0
p455 10 4 0
p456 3 2 0
p457 0 7 1
p458 8 2 1
p459 7 8 1
p460 3 5 1
p461 9 6 1
p462 8 10 1
p463 3 3 1
p464 0 10 1
p465 9 10 0
p466 4 3 0
p467 10 3 0
p468 1 8 0
p469 3 10 1
p470 10 9 1
p471 7 1 0
p472 2 8 0
p473 7 6 0
p474 4 10 1
p475 9 7 0
p476 5 10 1
p477 3 5 1
p478 4 4 0
p479 3 8 0
p480 5 8 0
p481 4 10 0
p482 5 6 1
p483 6 10 1
p484 4 10 0
p485 10 10 0
p486 3 3 1
p487 5 9 0
p488 6 2 1
p489 3 1 1
p490 2 5 0
p491 4 3 1
p492 8 9 1
p493 8 3 0
p494 7 9 1
p495 7 10 1
p496 10 2 1
p497 4 3 1
p498 7 3 1
p499 3 4 1
p500 2 10 0