500
p1 0 7 1
p1 8 1 0
p2 0 10 0
p3 1 2 1
p4 1 9 1
p5 1 7 0
p6 4 2 1
p7 10 5 1
p8 7 5 0
p9 10 4 1
p10 10 1 1
p11 4 2 0
p12 8 5 1
p13 5 10 1
p14 3 8 1
p15 6 2 0
p16 2 2 1
p17 0 9 1
p18 3 6 0
p19 9 3 1
p20 6 7 1
p21 4 8 1
p22 9 1 1
p23 6 2 0
p24 8 3 1
p25 3 1 0
p26 10 7 0
p27 5 9 0
p28 0 2 1
p29 10 3 1
p30 1 10 1
p31 1 6 0
p32 6 8 0
p33 5 3 0
p34 7 4 0
p35 6 4 0
p36 8 6 0
p37 8 5 1
p38 7 6 0
p39 7 5 1
p40 8 7 0
p41 7 1 1
p42 8 3 0
p43 6 5 0
p44 5 2 1
p45 0 8 0
p46 6 4 1
p47 1 7 0
p48 8 3 1
p49 4 9 0
p50 1 7 0
p51 0 2 0
p52 5 5 1
p53 3 7 1
p54 2 9 0
p55 6 7 1
p56 7 7 1
p57 4 2 1
p58 1 7 1
p59 7 5 0
p60 9 10 0
p61 8 1 1
p62 2 3 1
p63 10 5 0
p64 2 10 0
p65 8 10 1
p66 8 2 1
p67 9 10 0
p68 0 2 1
p69 6 2 1
p70 2 7 1
p71 5 7 1
p72 9 10 0
p73 10 9 0
p74 2 2 1
p75 1 10 0
p76 4 9 0
p77 6 3 1
p78 7 10 1
p79 2 4 0
p80 8 7 0
p81 10 1 1
p82 10 9 0
p83 8 10 0
p84 2 7 0
p85 7 10 1
p86 2 1 1
p87 2 3 1
p88 9 9 0
p89 1 9 1
p90 0 6 1
p91 10 4 0
p92 7 9 0
p93 5 7 1
p94 1 3 1
p95 9 6 0
p96 4 8 0
p97 1 10 0
p98 0 6 1
p99 1 4 1
p100 7 9 0
p101 10 8 1
p102 4 6 1
p103 7 4 1
p104 7 2 1
p105 4 5 1
p106 2 2 0
p107 2 1 0
p108 1 4 1
p109 5 4 0
p110 4 3 0
p111 6 9 1
p112 10 6 0
p113 2 8 1
p114 3 10 1
p115 0 4 1
p116 2 5 0
p117 9 9 0
p118 0 9 0
p119 9 6 1
p120 9 8 1
p121 4 10 1
p122 9 9 0
p123 4 9 0
p124 8 9 1
p125 6 3 0
p126 3 1 1
p127 8 8 1
p128 4 1 1
p129 8 7 0
p130 8 2 1
p131 9 1 0
p132 2 7 0
p133 8 10 0
p134 5 1 1
p135 7 6 1
p136 10 9 1
p137 0 4 1
p138 4 9 1
p139 10 5 0
p140 1 5 1
p141 10 7 1
p142 10 4 1
p143 0 7 1
p144 4 1 1
p145 2 9 0
p146 5 2 0
p147 5 10 1
p148 4 9 0
p149 8 7 0
p150 8 3 0
p151 6 4 0
p152 2 9 1
p153 4 8 0
p154 6 10 0
p155 2 4 0
p156 0 4 0
p157 3 1 1
p158 2 3 0
p159 7 2 0
p160 0 8 1
p161 1 6 0
p162 7 4 1
p163 9 7 0
p164 1 3 1
p165 2 6 1
p166 6 3 0
p167 0 1 0
p168 4 5 0
p169 10 4 1
p170 6 4 0
p171 1 8 0
p172 5 6 1
p173 5 2 1
p174 10 2 1
p175 6 10 0
p176 1 1 0
p177 5 1 1
p178 8 9 1
p179 3 5 0
p180 9 8 1
p181 10 7 0
p182 0 1 0
p183 4 4 1
p184 2 10 1
p185 9 5 0
p186 5 5 0
p187 1 5 1
p188 10 7 1
p189 10 5 0
p190 9 2 1
p191 4 6 1
p192 7 2 0
p193 0 7 1
p194 1 3 0
p195 1 8 0
p196 2 5 0
p197 7 1 0
p198 5 1 0
p199 2 5 0
p200 5 5 0
p201 10 6 1
p202 5 6 1
p203 7 2 1
p204 8 6 0
p205 4 4 1
p206 5 3 0
p207 6 9 0
p208 5 9 0
p209 6 5 0
p210 3 3 0
p211 4 2 0
p212 4 7 1
p213 4 1 1
p214 10 9 0
p215 6 10 1
p216 5 9 0
p217 7 10 0
p218 4 8 0
p219 5 9 1
p220 10 2 1
p221 8 7 1
p222 9 1 1
p223 9 7 1
p224 7 2 0
p225 4 9 1
p226 9 7 1
p227 1 4 0
p228 10 6 0
p229 6 9 0
p230 5 9 1
p231 10 5 1
p232 8 9 1
p233 3 2 1
p234 2 1 0
p235 10 7 0
p236 0 5 1
p237 6 3 0
p238 2 5 1
p239 10 6 0
p240 6 5 0
p241 0 10 0
p242 5 4 0
p243 3 1 1
p244 0 4 1
p245 0 2 0
p246 2 8 0
p247 8 6 1
p248 0 1 1
p249 6 8 0
p250 8 9 1
p251 5 5 0
p252 3 2 0
p253 9 3 0
p254 2 5 1
p255 8 7 1
p256 7 2 0
p257 10 4 1
p258 2 6 0
p259 4 6 1
p260 4 3 0
p261 2 9 0
p262 8 4 0
p263 9 2 0
p264 8 5 0
p265 4 1 0
p266 9 8 0
p267 10 3 1
p268 7 9 1
p269 6 10 0
p270 8 4 0
p271 5 5 0
p272 10 3 0
p273 1 4 1
p274 4 8 1
p275 8 8 1
p276 0 10 0
p277 3 1 0
p278 3 7 0
p279 10 9 0
p280 7 2 1
p281 2 2 0
p282 2 6 0
p283 7 2 1
p284 5 2 1
p285 7 8 0
p286 1 2 1
p287 3 7 1
p288 6 3 1
p289 7 10 1
p290 5 3 1
p291 2 4 0
p292 1 6 1
p293 10 2 0
p294 2 5 1
p295 6 9 0
p296 5 7 1
p297 2 5 1
p298 2 7 1
p299 6 2 0
p300 2 3 0
p301 2 4 0
p302 3 6 1
p303 4 7 1
p304 0 7 1
p305 10 6 0
p306 3 3 0
p307 3 7 0
p308 0 3 0
p309 6 5 0
p310 0 2 0
p311 5 6 1
p312 3 2 1
p313 7 1 1
p314 8 10 1
p315 9 10 0
p316 9 8 0
p317 5 9 0
p318 2 10 1
p319 3 3 1
p320 1 10 0
p321 5 1 1
p322 2 5 0
p323 3 8 0
p324 10 10 1
p325 10 9 0
p326 9 7 1
p327 1 6 1
p328 8 4 1
p329 0 6 1
p330 3 6 0
p331 6 8 0
p332 0 6 0
p333 1 5 1
p334 7 3 0
p335 0 4 1
p336 8 9 1
p337 3 6 0
p338 7 8 1
p339 8 4 0
p340 0 2 1
p341 7 1 1
p342 8 2 0
p343 8 4 1
p344 1 9 1
p345 8 6 1
p346 2 8 1
p347 2 2 1
p348 4 8 0
p349 10 3 1
p350 6 5 0
p351 8 9 1
p352 7 8 0
p353 1 5 1
p354 7 9 1
p355 9 2 1
p356 7 10 0
p357 6 5 1
p358 10 9 1
p359 1 8 1
p360 4 5 0
p361 4 10 0
p362 0 8 1
p363 1 5 1
p364 9 8 0
p365 6 9 1
p366 7 5 1
p367 7 3 1
p368 8 1 1
p369 5 6 0
p370 4 10 1
p371 6 6 0
p372 5 8 0
p373 6 3 0
p374 6 10 1
p375 7 5 0
p376 2 6 0
p377 7 2 0
p378 0 3 1
p379 4 1 0
p380 9 6 1
p381 9 6 0
p382 10 10 1
p383 7 1 0
p384 10 10 1
p385 5 3 1
p386 9 2 1
p387 7 7 0
p388 7 6 0
p389 3 7 0
p390 10 4 1
p391 10 4 0
p392 5 6 1
p393 6 1 0
p394 4 9 1
p395 6 3 0
p396 9 9 1
p397 4 6 1
p398 1 3 1
p399 2 1 1
p400 5 9 0
p401 10 2 1
p402 5 1 0
p403 0 4 0
p404 3 1 1
p405 9 4 1
p406 0 6 0
p407 1 5 1
p408 4 2 1
p409 1 9 1
p410 5 6 1
p411 3 2 0
p412 2 9 0
p413 4 2 0
p414 2 8 0
p415 4 10 1
p416 8 10 0
p417 5 1 0
p418 5 10 1
p419 4 5 1
p420 10 10 0
p421 2 10 0
p422 1 8 0
p423 8 10 1
p424 6 8 1
p425 3 4 0
p426 0 5 0
p427 8 8 0
p428 9 4 1
p429 2 7 0
p430 0 7 1
p431 8 4 0
p432 2 1 1
p433 7 8 0
p434 3 10 0
p435 3 8 1
p436 3 3 1
p437 4 5 0
p438 5 10 1
p439 0 6 1
p440 10 3 1
p441 7 9 0
p442 8 5 0
p443 8 2 1
p444 6 2 0
p445 10 9 1
p446 3 8 0
p447 2 10 0
p448 10 4 1
p449 3 3 0
p450 1 3 1
p451 5 1 1
p452 4 10 0
p453 10 7 1
p454 7 2 0
p455 3 7 0
p456 6 1 1
p457 9 4 0
p458 7 1 1
p459 8 7 0
p460 3 6 0
p461 4 8 0
p462 8 4 0
p463 3 8 0
p464 0 3 1
p465 0 3 1
p466 2 5 1
p467 1 8 0
p468 9 4 0
p469 7 8 0
p470 7 8 1
p471 7 7 0
p472 1 5 1
p473 7 8 0
p474 4 7 0
p475 3 7 1
p476 7 4 1
p477 4 1 0
p478 7 3 0
p479 2 8 1
p480 3 1 0
p481 0 10 0
p482 5 1 0
p483 2 3 1
p484 10 2 0
p485 2 1 0
p486 0 6 1
p487 0 9 0
p488 0 9 0
p489 4 4 1
p490 0 6 1
p491 0 10 0
p492 8 5 0
p493 0 6 0
p494 0 10 0
p495 6 9 0
p496 9 9 1
p497 10 4 1
p498 9 4 0
p499 5 9 1
p500 1 10 0