500
p1 0 8 1
p1 4 6 0
p2 10 10 1
p3 2 1 0
p4 2 10 0
p5 1 3 1
p6 6 2 0
p7 8 1 0
p8 1 7 1
p9 8 4 1
p10 4 6 0
p11 7 1 0
p12 5 7 1
p13 1 3 1
p14 2 10 0
p15 9 6 1
p16 3 10 0
p17 2 8 0
p18 7 5 1
p19 4 6 0
p20 6 4 1
p21 3 4 1
p22 9 10 0
p23 10 7 0
p24 3 10 1
p25 9 6 0
p26 6 3 1
p27 7 4 0
p28 9 2 0
p29 7 7 0
p30 0 5 1
p31 1 4 0
p32 2 10 1
p33 4 2 1
p34 7 2 1
p35 1 8 0
p36 0 5 0
p37 8 4 1
p38 0 9 1
p39 6 6 1
p40 5 10 0
p41 10 6 1
p42 1 8 0
p43 9 7 0
p44 0 1 1
p45 7 1 0
p46 6 3 0
p47 0 2 1
p48 3 2 1
p49 10 7 0
p50 10 9 0
p51 8 7 1
p52 9 4 0
p53 10 6 1
p54 9 3 1
p55 6 6 1
p56 10 8 1
p57 5 5 1
p58 7 9 0
p59 3 4 0
p60 9 6 1
p61 4 1 1
p62 0 2 0
p63 8 10 1
p64 0 8 0
p65 1 7 1
p66 7 4 0
p67 3 5 0
p68 8 7 0
p69 9 5 1
p70 9 1 1
p71 6 1 1
p72 6 2 0
p73 9 6 0
p74 2 7 1
p75 6 8 0
p76 5 10 1
p77 5 5 0
p78 6 10 0
p79 0 5 0
p80 6 8 0
p81 0 7 0
p82 0 3 0
p83 4 5 1
p84 3 5 0
p85 2 1 1
p86 4 2 0
p87 10 4 0
p88 2 10 1
p89 9 2 1
p90 9 4 1
p91 0 1 1
p92 10 3 1
p93 4 6 1
p94 10 10 0
p95 7 2 0
p96 4 2 0
p97 8 6 1
p98 2 5 0
p99 3 1 1
p100 5 8 1
p101 8 5 1
p102 5 2 0
p103 4 6 1
p104 9 9 0
p105 3 10 0
p106 8 6 1
p107 1 6 0
p108 3 8 1
p109 9 2 1
p110 0 4 0
p111 8 8 0
p112 9 8 0
p113 8 8 1
p114 5 10 1
p115 2 8 0
p116 2 3 1
p117 7 7 0
p118 9 5 1
p119 3 4 1
p120 2 9 0
p121 0 3 1
p122 8 7 0
p123 3 4 0
p124 0 1 1
p125 9 6 1
p126 0 3 1
p127 10 5 1
p128 1 8 1
p129 9 6 1
p130 10 2 1
p131 10 2 0
p132 4 8 0
p133 10 9 1
p134 7 4 1
p135 6 7 0
p136 7 3 0
p137 7 3 1
p138 6 8 0
p139 6 9 0
p140 7 9 1
p141 3 3 0
p142 3 7 1
p143 6 9 1
p144 7 9 1
p145 9 8 1
p146 3 5 1
p147 2 10 1
p148 1 5 1
p149 9 4 1
p150 6 1 0
p151 5 6 0
p152 2 3 0
p153 6 10 0
p154 6 9 0
p155 6 9 0
p156 2 9 0
p157 2 2 1
p158 8 2 0
p159 8 9 1
p160 0 9 1
p161 4 7 1
p162 8 2 1
p163 7 5 1
p164 7 4 1
p165 6 3 1
p166 9 2 1
p167 0 2 1
p168 6 7 0
p169 3 6 0
p170 4 8 1
p171 10 2 1
p172 6 4 0
p173 8 7 1
p174 1 5 0
p175 10 3 0
p176 2 1 1
p177 8 5 0
p178 0 4 1
p179 8 4 0
p180 1 8 1
p181 4 10 0
p182 10 7 1
p183 10 2 0
p184 7 7 0
p185 7 10 0
p186 8 1 0
p187 7 10 0
p188 8 10 1
p189 7 1 0
p190 9 2 0
p191 1 4 1
p192 9 5 0
p193 8 8 1
p194 6 9 1
p195 6 9 0
p196 5 4 1
p197 8 9 0
p198 8 2 0
p199 6 2 0
p200 4 8 1
p201 6 7 0
p202 2 10 0
p203 2 4 1
p204 6 3 1
p205 2 5 0
p206 9 2 1
p207 6 4 1
p208 3 9 0
p209 8 9 1
p210 9 7 0
p211 5 2 0
p212 0 2 1
p213 6 8 1
p214 6 7 1
p215 10 9 1
p216 1 4 0
p217 0 8 0
p218 9 7 0
p219 7 5 0
p220 8 2 0
p221 1 9 1
p222 3 1 0
p223 3 4 1
p224 8 7 1
p225 3 8 0
p226 10 6 1
p227 5 8 1
p228 4 10 1
p229 3 6 1
p230 8 5 0
p231 10 7 1
p232 6 2 1
p233 5 6 0
p234 9 7 1
p235 4 5 0
p236 10 6 1
p237 3 6 1
p238 10 6 0
p239 0 10 1
p240 1 2 1
p241 2 1 0
p242 5 7 1
p243 0 5 0
p244 0 1 0
p245 3 3 0
p246 8 6 1
p247 4 1 1
p248 10 1 0
p249 5 8 0
p250 3 5 1
p251 5 6 1
p252 9 6 1
p253 5 9 0
p254 7 8 0
p255 1 9 0
p256 10 1 0
p257 10 1 0
p258 5 6 1
p259 8 9 0
p260 1 3 0
p261 3 3 1
p262 10 8 0
p263 10 1 0
p264 3 5 0
p265 9 2 0
p266 1 10 0
p267 10 10 1
p268 2 7 0
p269 8 9 1
p270 10 6 1
p271 2 7 1
p272 3 6 1
p273 10 10 1
p274 5 4 1
p275 7 8 0
p276 7 7 0
p277 0 8 1
p278 4 2 0
p279 3 10 0
p280 1 1 1
p281 10 3 0
p282 4 10 1
p283 2 9 0
p284 6 7 1
p285 3 5 0
p286 3 9 1
p287 6 6 0
p288 9 9 1
p289 7 1 1
p290 8 8 1
p291 5 3 1
p292 5 3 0
p293 1 2 1
p294 10 4 1
p295 2 5 0
p296 8 5 0
p297 6 7 1
p298 6 1 0
p299 9 2 0
p300 10 4 0
p301 8 1 0
p302 4 10 0
p303 3 10 1
p304 10 8 0
p305 10 1 0
p306 9 4 1
p307 1 5 1
p308 7 2 1
p309 0 6 1
p310 1 8 0
p311 10 9 0
p312 3 1 1
p313 6 8 0
p314 8 6 1
p315 4 4 1
p316 8 7 0
p317 9 3 0
p318 4 9 1
p319 1 4 1
p320 3 10 0
p321 2 4 0
p322 8 10 0
p323 6 8 0
p324 4 5 1
p325 3 4 0
p326 3 10 1
p327 9 8 1
p328 4 8 1
p329 7 10 1
p330 2 4 0
p331 0 7 0
p332 7 5 1
p333 3 3 1
p334 3 6 1
p335 6 5 1
p336 8 10 0
p337 9 6 1
p338 8 9 1
p339 2 9 0
p340 0 6 1
p341 3 9 1
p342 5 2 0
p343 0 9 0
p344 2 9 1
p345 6 8 1
p346 4 7 1
p347 3 8 0
p348 1 2 0
p349 1 7 0
p350 4 8 1
p351 3 7 1
p352 8 6 0
p353 5 6 1
p354 0 4 1
p355 9 9 0
p356 10 1 0
p357 8 3 1
p358 10 10 0
p359 4 1 1
p360 1 5 0
p361 10 9 0
p362 9 5 1
p363 7 2 0
p364 3 10 1
p365 4 7 1
p366 3 5 1
p367 7 7 1
p368 0 7 1
p369 1 7 1
p370 0 2 1
p371 9 3 0
p372 3 5 0
p373 2 1 1
p374 4 1 0
p375 9 3 0
p376 3 8 1
p377 10 9 1
p378 9 9 1
p379 1 10 1
p380 7 6 1
p381 1 8 1
p382 3 2 1
p383 2 7 1
p384 10 7 1
p385 7 6 0
p386 0 2 1
p387 1 8 1
p388 7 8 1
p389 2 6 1
p390 6 10 0
p391 2 9 0
p392 5 6 1
p393 9 7 0
p394 8 3 0
p395 0 4 1
p396 4 8 0
p397 6 8 0
p398 7 4 1
p399 9 10 0
p400 10 6 1
p401 3 3 1
p402 1 5 0
p403 9 4 0
p404 4 5 1
p405 1 7 0
p406 0 3 1
p407 10 2 1
p408 0 2 0
p409 0 5 1
p410 9 2 1
p411 3 5 1
p412 3 2 0
p413 10 8 1
p414 2 1 1
p415 4 3 1
p416 8 3 1
p417 6 1 0
p418 8 7 1
p419 8 8 0
p420 0 1 1
p421 9 6 1
p422 4 3 0
p423 9 8 1
p424 2 7 1
p425 10 6 0
p426 0 5 0
p427 9 3 0
p428 8 7 0
p429 2 4 1
p430 0 1 1
p431 1 5 1
p432 6 1 1
p433 3 10 0
p434 2 9 0
p435 2 6 1
p436 8 6 1
p437 7 1 0
p438 7 3 0
p439 10 9 1
p440 5 10 0
p441 9 3 0
p442 8 6 0
p443 9 6 0
p444 2 1 0
p445 9 1 1
p446 5 8 0
p447 3 6 1
p448 0 7 1
p449 2 3 1
p450 7 7 1
p451 3 8 1
p452 8 4 0
p453 8 7 1
p454 7 8 1
p455 7 1 0
p456 9 4 1
p457 7 1 0
p458 3 1 0
p459 10 8 1
p460 9 10 1
p461 0 2 0
p462 6 6 1
p463 10 5 1
p464 3 6 0
p465 0 4 0
p466 9 9 0
p467 8 2 0
p468 2 9 0
p469 7 9 1
p470 1 6 0
p471 8 7 1
p472 6 8 1
p473 1 2 1
p474 9 4 1
p475 3 3 0
p476 10 10 0
p477 1 6 1
p478 3 2 1
p479 2 1 1
p480 8 1 1
p481 10 4 1
p482 7 3 0
p483 5 5 0
p484 5 6 1
p485 7 5 1
p486 1 3 0
p487 1 2 1
p488 5 6 0
p489 5 4 1
p490 9 3 1
p491 4 5 1
p492 1 3 1
p493 7 1 0
p494 3 7 1
p495 6 6 0
p496 1 3 0
p497 10 6 1
p498 6 1 0
p499 0 3 1
p500 9 2 0