500
p1 0 8 1
p1 2 6 0
p2 7 3 0
p3 3 2 1
p4 10 1 0
p5 2 4 1
p6 2 10 0
p7 0 6 0
p8 8 6 0
p9 4 5 1
p10 10 9 1
p11 9 2 0
p12 1 4 0
p13 7 4 1
p14 9 4 0
p15 3 7 1
p16 9 6 0
p17 1 6 0
p18 7 4 1
p19 3 9 1
p20 5 10 1
p21 6 1 0
p22 9 7 1
p23 9 2 1
p24 4 7 0
p25 0 5 0
p26 2 3 1
p27 5 9 0
p28 8 1 1
p29 8 8 1
p30 4 10 1
p31 1 9 1
p32 2 10 1
p33 0 5 1
p34 0 6 1
p35 3 5 1
p36 5 3 1
p37 2 6 1
p38 2 8 0
p39 4 6 1
p40 6 4 0
p41 0 4 0
p42 6 4 1
p43 2 9 1
p44 4 4 1
p45 10 4 1
p46 4 7 0
p47 1 9 1
p48 6 7 0
p49 10 1 1
p50 8 7 1
p51 10 9 0
p52 0 1 1
p53 9 1 1
p54 9 9 0
p55 7 3 0
p56 1 8 0
p57 3 10 0
p58 2 4 0
p59 8 4 1
p60 7 7 1
p61 2 4 1
p62 6 3 0
p63 6 7 0
p64 4 1 0
p65 7 7 0
p66 8 3 1
p67 0 3 1
p68 7 4 0
p69 0 2 0
p70 0 7 0
p71 4 3 0
p72 2 1 0
p73 8 10 1
p74 1 4 1
p75 9 9 1
p76 7 2 0
p77 6 7 0
p78 2 6 0
p79 10 6 1
p80 2 6 1
p81 1 6 1
p82 1 5 1
p83 2 2 0
p84 10 1 1
p85 4 10 0
p86 7 2 1
p87 3 6 0
p88 2 2 1
p89 7 3 0
p90 10 4 0
p91 7 2 1
p92 0 3 1
p93 6 1 0
p94 5 2 0
p95 3 8 1
p96 2 6 1
p97 3 9 0
p98 1 3 1
p99 3 1 0
p100 0 6 1
p101 0 4 0
p102 10 9 1
p103 6 3 1
p104 7 3 1
p105 3 5 0
p106 1 6 1
p107 9 1 0
p108 9 4 0
p109 4 5 1
p110 10 10 0
p111 0 3 0
p112 4 3 0
p113 2 4 1
p114 5 9 1
p115 0 8 1
p116 2 4 1
p117 6 2 1
p118 4 3 1
p119 9 4 1
p120 3 5 0
p121 7 2 0
p122 3 5 0
p123 6 9 1
p124 8 6 1
p125 1 9 0
p126 10 2 1
p127 3 4 0
p128 5 5 1
p129 7 8 0
p130 10 4 1
p131 5 2 0
p132 8 7 0
p133 0 8 0
p134 3 10 1
p135 4 5 1
p136 0 10 0
p137 8 10 0
p138 1 8 0
p139 10 8 1
p140 6 4 0
p141 7 5 1
p142 1 5 1
p143 5 4 0
p144 8 1 1
p145 4 6 0
p146 2 6 1
p147 4 9 1
p148 3 8 0
p149 3 9 1
p150 0 6 0
p151 6 4 1
p152 7 4 1
p153 1 2 0
p154 0 10 0
p155 6 9 0
p156 0 2 1
p157 10 2 1
p158 7 1 0
p159 6 3 0
p160 3 5 1
p161 8 4 0
p162 1 2 1
p163 6 5 0
p164 6 3 1
p165 8 9 0
p166 4 2 1
p167 4 7 0
p168 3 5 1
p169 2 1 1
p170 2 7 1
p171 7 5 0
p172 0 10 1
p173 4 8 0
p174 0 4 0
p175 7 7 0
p176 9 4 0
p177 6 2 0
p178 10 9 1
p179 4 3 1
p180 0 5 1
p181 3 2 1
p182 3 6 0
p183 7 4 1
p184 8 6 1
p185 2 5 1
p186 8 7 1
p187 1 8 0
p188 2 9 1
p189 8 2 1
p190 3 7 1
p191 9 2 0
p192 10 10 0
p193 5 1 1
p194 0 10 0
p195 0 3 0
p196 2 7 0
p197 0 5 1
p198 3 4 0
p199 6 9 1
p200 6 4 1
p201 7 1 1
p202 5 9 0
p203 1 7 0
p204 6 3 1
p205 9 2 1
p206 9 1 0
p207 8 4 0
p208 7 4 1
p209 7 1 0
p210 6 9 1
p211 2 2 1
p212 6 6 1
p213 1 1 0
p214 1 8 0
p215 5 8 0
p216 10 9 0
p217 3 7 1
p218 3 10 1
p219 5 7 1
p220 3 9 0
p221 9 4 1
p222 3 3 0
p223 0 5 1
p224 7 10 0
p225 0 9 1
p226 2 6 0
p227 3 1 0
p228 3 7 1
p229 6 8 1
p230 3 7 1
p231 10 7 0
p232 10 7 0
p233 1 1 1
p234 10 10 0
p235 2 2 0
p236 8 10 0
p237 10 2 0
p238 0 4 0
p239 1 10 1
p240 9 2 1
p241 8 8 0
p242 1 10 0
p243 2 2 0
p244 3 1 0
p245 5 10 1
p246 8 10 1
p247 5 1 0
p248 2 7 1
p249 10 3 1
p250 4 3 0
p251 2 9 0
p252 8 1 1
p253 5 5 0
p254 4 9 0
p255 9 8 1
p256 9 4 0
p257 7 4 0
p258 6 9 1
p259 6 6 1
p260 2 2 1
p261 6 8 1
p262 7 8 1
p263 1 3 0
p264 0 10 0
p265 3 1 1
p266 1 7 1
p267 0 1 0
p268 10 5 0
p269 10 2 1
p270 9 3 1
p271 3 2 0
p272 2 7 0
p273 3 7 0
p274 1 3 1
p275 6 9 1
p276 2 10 1
p277 7 9 1
p278 0 5 1
p279 0 8 1
p280 7 10 1
p281 9 4 0
p282 6 1 0
p283 3 9 0
p284 4 8 0
p285 2 2 0
p286 2 4 1
p287 4 3 1
p288 4 7 0
p289 6 3 1
p290 5 6 1
p291 1 1 0
p292 0 6 0
p293 9 9 0
p294 3 2 1
p295 6 8 1
p296 6 5 0
p297 6 3 1
p298 3 1 1
p299 6 7 1
p300 3 7 0
p301 0 1 0
p302 2 8 1
p303 7 6 1
p304 10 9 0
p305 7 5 1
p306 6 10 1
p307 0 5 0
p308 0 7 0
p309 0 7 0
p310 9 10 1
p311 8 7 1
p312 1 1 0
p313 10 6 1
p314 9 1 0
p315 5 3 0
p316 6 5 1
p317 8 1 1
p318 4 4 1
p319 0 2 1
p320 1 9 1
p321 8 10 1
p322 2 10 1
p323 4 2 0
p324 9 5 0
p325 9 10 1
p326 8 7 1
p327 4 10 1
p328 7 10 0
p329 2 1 1
p330 0 9 1
p331 8 9 0
p332 9 5 0
p333 1 5 1
p334 6 2 1
p335 5 8 0
p336 0 5 1
p337 0 4 0
p338 3 3 1
p339 5 3 0
p340 10 4 0
p341 3 7 0
p342 10 6 0
p343 2 5 0
p344 0 9 0
p345 9 1 1
p346 2 2 1
p347 8 8 1
p348 8 9 1
p349 8 2 1
p350 7 10 0
p351 6 9 0
p352 1 10 0
p353 6 8 0
p354 1 8 0
p355 5 2 0
p356 2 6 1
p357 2 9 0
p358 8 10 0
p359 5 8 1
p360 4 7 0
p361 8 1 0
p362 7 4 0
p363 7 10 1
p364 3 6 0
p365 0 2 1
p366 7 5 0
p367 7 3 0
p368 4 1 1
p369 10 7 1
p370 6 1 1
p371 2 3 1
p372 1 1 1
p373 1 4 0
p374 1 3 1
p375 3 2 0
p376 3 6 0
p377 1 2 0
p378 5 2 0
p379 10 8 1
p380 2 2 1
p381 8 7 1
p382 0 6 1
p383 0 1 0
p384 6 3 0
p385 4 5 0
p386 10 5 1
p387 4 8 0
p388 6 1 1
p389 6 5 1
p390 2 9 0
p391 1 9 0
p392 7 5 1
p393 7 4 1
p394 6 7 1
p395 7 7 0
p396 8 7 0
p397 7 3 1
p398 8 6 1
p399 4 7 0
p400 4 5 0
p401 1 10 0
p402 1 4 1
p403 10 1 0
p404 9 3 1
p405 8 6 1
p406 10 8 0
p407 7 8 0
p408 8 9 1
p409 7 9 1
p410 4 10 1
p411 2 1 0
p412 7 9 1
p413 5 3 0
p414 2 10 0
p415 6 6 1
p416 3 5 1
p417 2 2 0
p418 7 6 0
p419 8 6 0
p420 4 10 1
p421 2 2 0
p422 5 5 0
p423 5 2 0
p424 9 10 1
p425 3 5 1
p426 0 6 1
p427 1 10 0
p428 0 3 1
p429 4 10 1
p430 4 10 0
p431 4 7 0
p432 7 1 0
p433 1 7 1
p434 6 4 1
p435 7 10 1
p436 2 8 0
p437 2 6 0
p438 1 5 0
p439 5 5 1
p440 2 3 0
p441 3 10 1
p442 0 8 1
p443 8 6 1
p444 10 8 1
p445 0 6 0
p446 0 3 1
p447 5 7 1
p448 4 7 1
p449 6 5 1
p450 5 3 1
p451 7 2 1
p452 9 7 0
p453 3 2 1
p454 7 9 0
p455 5 8 0
p456 0 7 0
p457 5 9 1
p458 9 10 1
p459 1 10 1
p460 5 2 0
p461 1 4 1
p462 8 7 0
p463 9 1 1
p464 5 3 1
p465 3 6 1
p466 5 2 1
p467 2 9 1
p468 10 9 1
p469 2 10 0
p470 6 7 1
p471 2 2 0
p472 2 7 0
p473 3 9 1
p474 0 5 1
p475 5 6 1
p476 6 5 0
p477 1 9 0
p478 4 3 0
p479 0 5 1
p480 2 3 0
p481 8 6 1
p482 10 7 1
p483 8 8 1
p484 9 1 0
p485 2 3 1
p486 9 6 0
p487 1 4 0
p488 1 8 0
p489 0 9 1
p490 5 5 1
p491 9 8 0
p492 3 3 1
p493 2 9 0
p494 8 6 0
p495 1 9 0
p496 8 2 1
p497 7 2 1
p498 6 3 0
p499 10 7 1
p500 9 10 1