500
p1 0 1 0
p1 0 3 0
p2 2 8 1
p3 10 10 0
p4 5 1 1
p5 4 6 1
p6 10 7 0
p7 10 3 1
p8 0 10 0
p9 9 1 0
p10 6 7 1
p11 4 9 1
p12 2 10 0
p13 9 3 1
p14 8 5 1
p15 0 8 1
p16 9 3 1
p17 2 9 1
p18 8 6 0
p19 4 3 0
p20 2 7 1
p21 10 3 1
p22 5 1 0
p23 6 8 0
p24 8 5 0
p25 7 8 0
p26 5 1 0
p27 0 5 1
p28 10 9 0
p29 3 10 0
p30 0 8 1
p31 0 3 1
p32 5 5 0
p33 2 5 1
p34 3 5 0
p35 9 2 1
p36 3 4 1
p37 6 1 0
p38 5 4 0
p39 9 4 1
p40 4 2 1
p41 8 3 1
p42 10 9 0
p43 4 2 0
p44 4 2 0
p45 10 4 1
p46 8 10 0
p47 5 2 1
p48 4 2 0
p49 9 3 1
p50 5 9 0
p51 0 10 0
p52 6 7 1
p53 3 3 0
p54 8 7 1
p55 6 5 0
p56 4 8 1
p57 7 5 1
p58 4 1 0
p59 3 10 0
p60 8 6 1
p61 6 1 0
p62 6 7 0
p63 2 10 1
p64 9 5 1
p65 1 6 0
p66 2 5 1
p67 0 7 1
p68 5 1 0
p69 7 4 1
p70 3 1 0
p71 9 2 0
p72 7 9 0
p73 0 6 1
p74 0 3 1
p75 9 9 1
p76 5 10 1
p77 7 7 1
p78 8 2 0
p79 1 8 1
p80 6 6 1
p81 4 7 0
p82 8 4 1
p83 8 10 0
p84 8 1 0
p85 3 4 0
p86 9 2 0
p87 6 8 0
p88 5 2 1
p89 7 7 0
p90 4 4 1
p91 6 10 1
p92 2 3 1
p93 2 6 0
p94 6 6 1
p95 1 8 0
p96 9 9 1
p97 9 8 1
p98 4 6 0
p99 6 8 0
p100 0 1 1
p101 2 2 1
p102 6 8 1
p103 9 2 0
p104 0 7 1
p105 0 1 1
p106 3 4 1
p107 6 9 0
p108 0 4 1
p109 7 1 0
p110 4 6 1
p111 10 4 0
p112 6 8 1
p113 1 7 1
p114 8 5 1
p115 6 7 1
p116 6 4 1
p117 8 2 1
p118 2 5 1
p119 8 2 1
p120 7 9 0
p121 3 4 1
p122 6 8 1
p123 0 1 1
p124 0 10 1
p125 1 1 0
p126 1 2 1
p127 10 5 0
p128 2 7 0
p129 4 2 1
p130 9 9 1
p131 4 10 1
p132 5 7 0
p133 2 5 1
p134 4 3 0
p135 2 3 0
p136 6 7 0
p137 5 10 0
p138 7 3 0
p139 8 10 1
p140 4 1 0
p141 8 9 1
p142 9 3 1
p143 4 10 1
p144 9 9 1
p145 1 1 0
p146 8 7 0
p147 4 8 0
p148 2 9 0
p149 10 4 1
p150 6 4 1
p151 10 7 0
p152 3 2 0
p153 9 5 0
p154 9 7 0
p155 0 5 0
p156 3 6 0
p157 10 9 1
p158 8 1 1
p159 9 9 0
p160 4 4 1
p161 6 4 1
p162 1 10 0
p163 7 8 0
p164 10 5 0
p165 7 1 1
p166 5 10 0
p167 1 9 1
p168 9 10 1
p169 3 3 1
p170 9 3 0
p171 9 7 1
p172 10 5 1
p173 9 4 0
p174 1 2 0
p175 2 1 0
p176 2 9 1
p177 7 8 1
p178 0 1 0
p179 2 2 0
p180 10 10 1
p181 10 4 1
p182 10 9 0
p183 10 6 1
p184 9 2 0
p185 5 3 0
p186 7 6 1
p187 7 6 0
p188 4 3 0
p189 4 5 1
p190 3 4 1
p191 9 4 0
p192 0 5 0
p193 9 3 1
p194 9 3 1
p195 1 3 1
p196 1 1 0
p197 2 7 0
p198 6 3 0
p199 9 7 1
p200 7 1 0
p201 4 1 1
p202 8 10 1
p203 7 9 1
p204 10 9 1
p205 8 3 1
p206 1 6 0
p207 1 6 0
p208 5 8 0
p209 0 7 0
p210 7 3 1
p211 7 4 1
p212 7 9 0
p213 6 2 0
p214 10 10 0
p215 10 8 0
p216 3 6 0
p217 2 1 1
p218 8 2 1
p219 4 10 1
p220 5 10 1
p221 0 9 0
p222 1 10 0
p223 2 10 1
p224 3 9 0
p225 0 4 1
p226 5 7 1
p227 9 7 1
p228 1 6 1
p229 6 8 0
p230 1 4 1
p231 6 9 0
p232 8 3 1
p233 6 5 0
p234 5 7 0
p235 6 5 0
p236 6 7 0
p237 1 6 0
p238 5 10 0
p239 9 5 1
p240 0 1 0
p241 1 10 0
p242 3 7 0
p243 1 8 0
p244 5 8 0
p245 10 6 0
p246 5 2 0
p247 2 9 1
p248 6 2 0
p249 9 1 0
p250 7 7 0
p251 5 8 1
p252 1 7 1
p253 5 3 0
p254 10 7 1
p255 4 5 1
p256 0 6 0
p257 10 2 1
p258 1 5 0
p259 7 2 0
p260 10 8 0
p261 0 10 1
p262 3 4 1
p263 3 6 1
p264 8 2 1
p265 6 6 0
p266 9 6 1
p267 8 7 0
p268 5 7 1
p269 2 5 0
p270 8 4 0
p271 3 6 1
p272 6 3 1
p273 9 7 0
p274 0 8 0
p275 6 7 1
p276 5 10 1
p277 1 8 1
p278 5 3 1
p279 2 6 1
p280 10 6 1
p281 0 2 0
p282 10 1 0
p283 9 2 0
p284 0 9 0
p285 1 7 0
p286 7 3 1
p287 6 2 1
p288 6 7 1
p289 10 6 1
p290 0 5 0
p291 7 6 1
p292 1 8 1
p293 5 8 1
p294 9 10 1
p295 2 6 1
p296 10 5 1
p297 10 10 0
p298 7 9 0
p299 4 2 1
p300 4 10 1
p301 4 3 0
p302 3 2 0
p303 10 3 1
p304 5 2 0
p305 9 6 1
p306 10 3 1
p307 0 6 0
p308 9 2 1
p309 2 6 0
p310 3 10 1
p311 7 5 1
p312 5 8 0
p313 6 3 0
p314 9 1 1
p315 10 10 0
p316 1 6 1
p317 7 3 0
p318 5 2 0
p319 9 4 1
p320 8 9 0
p321 0 7 0
p322 3 2 0
p323 5 7 0
p324 0 5 1
p325 4 9 0
p326 1 6 0
p327 7 1 0
p328 1 10 0
p329 0 8 1
p330 4 2 1
p331 7 5 1
p332 1 9 1
p333 2 7 1
p334 7 3 0
p335 7 8 0
p336 0 8 0
p337 8 7 0
p338 5 3 1
p339 10 8 0
p340 4 9 1
p341 10 4 1
p342 2 9 1
p343 6 3 1
p344 6 9 1
p345 8 4 0
p346 2 9 0
p347 8 3 0
p348 2 7 0
p349 5 3 0
p350 6 8 0
p351 0 8 1
p352 0 1 1
p353 9 4 1
p354 6 8 1
p355 4 2 0
p356 6 4 1
p357 10 3 1
p358 10 7 1
p359 0 9 1
p360 10 2 0
p361 10 3 1
p362 5 4 1
p363 7 7 0
p364 9 6 1
p365 5 9 0
p366 4 8 0
p367 3 5 0
p368 9 4 0
p369 7 10 0
p370 1 10 0
p371 8 4 0
p372 5 5 1
p373 3 4 1
p374 10 2 1
p375 8 9 1
p376 5 1 0
p377 2 6 0
p378 8 6 1
p379 1 9 1
p380 1 7 0
p381 7 9 0
p382 2 4 0
p383 6 1 1
p384 6 4 0
p385 7 2 1
p386 3 7 1
p387 9 2 1
p388 2 5 0
p389 3 1 1
p390 2 9 1
p391 5 1 0
p392 1 3 1
p393 2 8 1
p394 6 5 0
p395 9 9 0
p396 5 2 0
p397 7 9 0
p398 6 6 0
p399 0 7 0
p400 6 2 0
p401 1 4 0
p402 3 4 0
p403 6 3 0
p404 4 9 0
p405 3 7 1
p406 2 7 0
p407 2 8 1
p408 4 10 0
p409 5 6 0
p410 6 6 0
p411 6 7 1
p412 1 8 1
p413 2 4 1
p414 2 6 1
p415 9 9 1
p416 1 5 1
p417 5 2 0
p418 7 1 1
p419 0 1 1
p420 4 9 0
p421 1 7 0
p422 9 6 1
p423 2 6 0
p424 3 7 0
p425 9 5 0
p426 3 10 0
p427 5 2 0
p428 5 2 0
p429 9 9 0
p430 3 1 0
p431 7 8 1
p432 5 5 0
p433 2 9 1
p434 4 2 0
p435 3 2 0
p436 2 6 0
p437 4 1 1
p438 4 4 0
p439 10 5 1
p440 5 3 1
p441 0 3 0
p442 5 9 1
p443 8 2 1
p444 8 2 1
p445 0 7 0
p446 9 1 1
p447 6 3 1
p448 4 3 1
p449 10 7 1
p450 3 8 0
p451 5 10 0
p452 7 4 1
p453 8 1 0
p454 6 4 1
p455 3 2 0
p456 8 1 0
p457 1 2 0
p458 7 4 0
p459 8 5 0
p460 2 10 0
p461 0 3 1
p462 0 10 0
p463 4 8 1
p464 3 7 0
p465 1 2 1
p466 2 5 0
p467 5 7 1
p468 3 5 1
p469 2 8 1
p470 8 5 0
p471 5 7 0
p472 4 10 1
p473 9 4 0
p474 5 3 1
p475 1 5 0
p476 4 1 0
p477 4 9 0
p478 5 7 1
p479 6 3 0
p480 0 3 0
p481 6 2 1
p482 9 5 0
p483 3 9 0
p484 7 2 0
p485 6 1 0
p486 2 6 0
p487 1 10 0
p488 6 4 0
p489 1 3 0
p490 5 1 0
p491 4 2 1
p492 4 5 0
p493 10 7 0
p494 7 2 0
p495 6 4 0
p496 10 6 1
p497 8 2 1
p498 1 1 0
p499 7 6 1
p500 0 8 1