500
p1 0 3 0
p1 9 10 1
p2 2 6 0
p3 6 1 1
p4 6 4 0
p5 7 8 0
p6 0 9 1
p7 8 9 0
p8 7 6 0
p9 2 1 0
p10 9 4 0
p11 5 8 1
p12 6 5 0
p13 0 3 1
p14 6 4 0
p15 3 3 1
p16 7 5 0
p17 6 2 0
p18 6 3 1
p19 3 4 1
p20 2 9 0
p21 1 5 1
p22 0 8 0
p23 5 9 0
p24 1 4 1
p25 2 5 0
p26 9 2 0
p27 5 3 1
p28 3 1 0
p29 6 4 1
p30 5 3 0
p31 7 10 0
p32 1 7 1
p33 7 10 1
p34 2 10 0
p35 0 2 0
p36 9 4 0
p37 6 4 0
p38 8 5 0
p39 10 7 0
p40 5 6 0
p41 10 4 0
p42 3 10 0
p43 3 7 1
p44 8 1 0
p45 4 2 1
p46 10 7 1
p47 4 8 0
p48 1 8 0
p49 8 1 0
p50 3 1 0
p51 10 9 1
p52 5 9 0
p53 1 10 1
p54 1 2 1
p55 2 5 0
p56 9 9 0
p57 4 10 1
p58 5 8 0
p59 2 10 0
p60 1 4 0
p61 5 4 0
p62 10 9 0
p63 3 5 1
p64 6 3 1
p65 8 2 1
p66 5 5 1
p67 8 5 1
p68 10 6 0
p69 7 1 1
p70 6 10 0
p71 5 10 1
p72 10 5 1
p73 2 4 0
p74 6 7 0
p75 6 4 1
p76 8 8 0
p77 8 7 0
p78 10 6 1
p79 2 5 1
p80 5 4 1
p81 9 2 0
p82 1 1 0
p83 9 6 1
p84 3 10 1
p85 2 4 1
p86 2 3 0
p87 7 7 0
p88 10 7 1
p89 3 8 1
p90 10 5 1
p91 8 7 0
p92 2 3 0
p93 9 1 1
p94 2 6 1
p95 8 2 0
p96 0 1 0
p97 7 2 0
p98 1 5 0
p99 4 2 0
p100 10 9 0
p101 2 8 0
p102 7 2 1
p103 0 3 1
p104 3 4 0
p105 0 5 1
p106 10 6 1
p107 4 10 0
p108 6 10 1
p109 6 5 0
p110 1 8 0
p111 5 4 0
p112 6 7 1
p113 0 6 1
p114 1 8 1
p115 10 4 1
p116 7 9 0
p117 5 7 1
p118 9 5 0
p119 8 9 1
p120 1 2 0
p121 2 2 0
p122 5 1 0
p123 0 1 1
p124 7 4 0
p125 5 8 1
p126 2 1 0
p127 8 7 0
p128 7 8 0
p129 2 8 0
p130 5 9 1
p131 4 2 1
p132 0 3 1
p133 9 7 0
p134 9 8 1
p135 0 1 0
p136 5 8 0
p137 10 6 1
p138 8 6 0
p139 3 6 0
p140 4 1 0
p141 9 10 1
p142 1 6 1
p143 8 9 1
p144 5 4 0
p145 4 7 0
p146 6 5 0
p147 3 8 1
p148 2 2 0
p149 8 3 1
p150 6 2 1
p151 9 6 1
p152 4 4 0
p153 9 3 0
p154 0 4 1
p155 4 6 1
p156 6 3 0
p157 5 9 1
p158 9 1 0
p159 3 8 0
p160 9 7 1
p161 3 4 1
p162 8 6 0
p163 1 1 0
p164 2 1 1
p165 7 2 0
p166 5 7 1
p167 10 10 1
p168 8 10 1
p169 10 3 1
p170 1 4 1
p171 2 4 1
p172 4 3 0
p173 0 8 1
p174 7 9 1
p175 6 8 0
p176 10 5 0
p177 6 1 1
p178 6 9 1
p179 2 9 1
p180 6 3 0
p181 6 5 1
p182 6 10 1
p183 1 3 0
p184 10 6 1
p185 7 6 0
p186 9 7 0
p187 7 4 1
p188 1 5 1
p189 2 3 1
p190 6 6 1
p191 9 2 0
p192 3 6 1
p193 7 4 0
p194 9 9 1
p195 2 1 1
p196 2 4 1
p197 4 4 0
p198 5 1 0
p199 2 5 0
p200 3 10 1
p201 1 8 1
p202 6 4 0
p203 9 3 1
p204 2 10 1
p205 10 7 1
p206 7 2 1
p207 2 9 0
p208 1 10 0
p209 1 3 0
p210 0 8 1
p211 6 8 1
p212 9 10 0
p213 5 1 0
p214 8 9 1
p215 0 8 1
p216 1 6 0
p217 8 1 1
p218 2 6 0
p219 8 8 0
p220 6 5 1
p221 1 5 0
p222 10 10 1
p223 4 5 0
p224 3 7 0
p225 1 4 1
p226 2 8 0
p227 8 6 0
p228 10 1 1
p229 2 3 1
p230 7 6 1
p231 3 3 1
p232 6 1 0
p233 5 3 0
p234 4 3 0
p235 10 9 1
p236 0 10 0
p237 7 9 1
p238 5 4 0
p239 0 4 0
p240 10 5 1
p241 3 4 0
p242 7 5 0
p243 5 3 1
p244 4 6 1
p245 8 10 1
p246 6 10 0
p247 10 3 1
p248 6 9 0
p249 6 10 1
p250 8 6 0
p251 7 1 1
p252 10 3 1
p253 9 9 1
p254 3 7 0
p255 4 3 0
p256 8 10 1
p257 9 1 1
p258 8 2 1
p259 4 1 0
p260 9 2 1
p261 7 3 1
p262 9 5 1
p263 1 2 1
p264 6 6 1
p265 10 10 1
p266 5 3 0
p267 7 4 1
p268 6 7 0
p269 0 9 1
p270 7 1 0
p271 2 5 0
p272 10 4 1
p273 5 6 0
p274 10 2 0
p275 0 8 1
p276 8 4 1
p277 9 1 0
p278 10 1 0
p279 8 7 1
p280 6 4 1
p281 3 2 0
p282 3 7 1
p283 5 6 1
p284 5 5 0
p285 7 1 1
p286 10 4 0
p287 4 10 0
p288 3 7 0
p289 8 9 1
p290 9 3 0
p291 4 4 1
p292 10 6 1
p293 1 2 1
p294 10 5 1
p295 9 2 1
p296 10 2 0
p297 1 9 0
p298 4 7 0
p299 8 3 0
p300 5 10 1
p301 0 4 0
p302 6 5 1
p303 1 3 1
p304 7 8 1
p305 4 9 1
p306 1 3 0
p307 4 9 1
p308 10 3 1
p309 9 7 1
p310 6 3 0
p311 9 10 1
p312 6 3 1
p313 10 9 1
p314 8 4 0
p315 10 2 0
p316 2 1 0
p317 5 10 0
p318 0 8 0
p319 1 4 1
p320 1 2 1
p321 2 10 0
p322 5 2 0
p323 6 3 0
p324 10 8 1
p325 1 10 0
p326 1 3 0
p327 5 8 0
p328 3 5 1
p329 10 10 0
p330 10 7 1
p331 6 5 0
p332 1 9 1
p333 9 3 0
p334 0 10 1
p335 8 9 0
p336 6 5 0
p337 4 6 1
p338 2 7 1
p339 3 2 1
p340 3 9 1
p341 7 8 1
p342 10 4 0
p343 0 7 0
p344 4 8 1
p345 0 8 1
p346 5 1 0
p347 10 9 1
p348 0 10 1
p349 8 7 0
p350 10 7 0
p351 8 9 0
p352 4 2 1
p353 0 2 1
p354 4 8 0
p355 0 3 0
p356 5 8 0
p357 2 5 0
p358 1 5 0
p359 10 1 0
p360 8 8 0
p361 5 10 1
p362 2 6 0
p363 2 1 1
p364 5 3 0
p365 5 1 0
p366 1 1 1
p367 10 5 1
p368 2 2 1
p369 1 4 0
p370 10 5 1
p371 9 8 1
p372 2 9 0
p373 2 7 0
p374 3 3 0
p375 0 2 1
p376 2 6 1
p377 3 5 0
p378 7 1 1
p379 7 10 1
p380 6 4 1
p381 7 6 0
p382 0 9 0
p383 3 4 0
p384 3 4 1
p385 6 4 0
p386 9 8 1
p387 2 3 0
p388 3 5 0
p389 7 4 1
p390 5 8 0
p391 4 3 1
p392 5 1 1
p393 3 5 0
p394 7 1 1
p395 3 8 0
p396 1 10 1
p397 5 8 1
p398 0 7 1
p399 0 10 1
p400 4 2 0
p401 2 9 0
p402 10 8 0
p403 1 9 0
p404 2 7 0
p405 9 3 0
p406 7 4 1
p407 2 6 0
p408 0 2 1
p409 1 4 0
p410 0 3 0
p411 0 3 0
p412 10 1 0
p413 4 6 0
p414 7 1 0
p415 0 4 1
p416 1 6 0
p417 4 5 1
p418 1 9 0
p419 4 9 1
p420 9 10 1
p421 0 3 0
p422 10 2 0
p423 1 7 1
p424 9 2 1
p425 9 2 1
p426 0 9 0
p427 9 10 0
p428 4 10 0
p429 9 6 1
p430 2 9 0
p431 6 4 1
p432 4 10 0
p433 7 3 1
p434 1 7 0
p435 10 2 1
p436 9 7 0
p437 9 5 1
p438 8 9 0
p439 7 6 0
p440 6 5 0
p441 3 2 0
p442 10 1 1
p443 4 4 1
p444 6 4 0
p445 3 8 1
p446 4 6 1
p447 0 7 1
p448 2 1 0
p449 2 10 1
p450 1 2 1
p451 4 9 1
p452 5 4 1
p453 8 2 1
p454 4 7 0
p455 1 5 1
p456 7 4 1
p457 0 7 1
p458 9 1 1
p459 6 10 1
p460 10 7 0
p461 8 3 0
p462 0 2 0
p463 6 5 1
p464 3 3 0
p465 10 7 0
p466 4 6 1
p467 4 10 1
p468 0 2 1
p469 7 2 1
p470 0 7 1
p471 9 10 1
p472 3 3 1
p473 1 8 1
p474 9 8 1
p475 8 1 1
p476 2 1 0
p477 4 8 1
p478 3 8 1
p479 10 1 0
p480 4 8 1
p481 10 1 0
p482 5 10 0
p483 5 2 0
p484 9 5 1
p485 6 10 1
p486 8 3 1
p487 9 5 0
p488 8 4 1
p489 6 4 0
p490 5 4 1
p491 3 1 1
p492 1 7 0
p493 5 5 1
p494 9 9 1
p495 7 3 0
p496 9 1 0
p497 6 10 0
p498 2 4 1
p499 6 9 1
p500 1 2 0