500
p1 0 5 0
p1 8 5 1
p2 8 9 0
p3 5 2 1
p4 3 5 1
p5 9 7 0
p6 6 5 1
p7 10 8 0
p8 10 7 1
p9 2 3 0
p10 2 2 0
p11 8 3 0
p12 10 7 0
p13 10 10 0
p14 1 3 0
p15 10 2 0
p16 1 2 1
p17 9 10 0
p18 6 10 1
p19 8 1 1
p20 0 1 0
p21 8 4 0
p22 3 7 0
p23 10 5 1
p24 5 10 1
p25 8 10 1
p26 1 7 0
p27 6 6 1
p28 2 4 0
p29 6 9 0
p30 8 6 0
p31 5 1 1
p32 0 7 0
p33 4 3 0
p34 4 5 1
p35 1 5 0
p36 0 10 0
p37 7 10 0
p38 1 9 1
p39 10 4 0
p40 3 9 1
p41 5 7 0
p42 10 9 0
p43 8 3 0
p44 7 9 0
p45 6 9 0
p46 9 5 0
p47 10 10 1
p48 2 3 1
p49 9 9 1
p50 9 4 1
p51 9 4 1
p52 7 10 1
p53 4 1 0
p54 1 3 0
p55 10 3 0
p56 7 4 1
p57 1 2 0
p58 9 5 0
p59 2 6 0
p60 5 5 0
p61 0 8 1
p62 9 4 0
p63 2 1 1
p64 0 3 1
p65 5 4 1
p66 4 1 1
p67 8 2 0
p68 4 8 0
p69 3 8 0
p70 1 7 0
p71 5 2 1
p72 7 10 1
p73 3 1 1
p74 3 7 1
p75 10 1 0
p76 2 1 0
p77 3 5 1
p78 4 8 1
p79 3 10 0
p80 10 9 1
p81 10 5 0
p82 2 7 1
p83 0 4 1
p84 10 5 1
p85 10 4 1
p86 5 4 0
p87 8 7 0
p88 3 8 1
p89 3 1 1
p90 8 5 1
p91 9 3 1
p92 9 2 0
p93 0 9 1
p94 10 4 1
p95 4 9 0
p96 5 9 1
p97 8 3 1
p98 6 6 0
p99 6 3 1
p100 6 6 1
p101 8 10 1
p102 4 10 0
p103 0 5 0
p104 8 5 0
p105 10 1 0
p106 4 3 0
p107 1 10 0
p108 2 8 0
p109 2 5 0
p110 1 5 1
p111 8 2 0
p112 0 6 1
p113 10 3 1
p114 7 8 1
p115 0 7 0
p116 6 5 0
p117 1 4 1
p118 0 10 0
p119 8 3 0
p120 4 5 0
p121 7 6 1
p122 2 2 1
p123 7 3 1
p124 4 10 0
p125 0 9 1
p126 7 6 1
p127 7 2 0
p128 10 1 1
p129 9 7 0
p130 8 8 0
p131 4 5 0
p132 3 9 1
p133 7 3 1
p134 7 7 0
p135 10 10 0
p136 3 3 0
p137 0 8 1
p138 0 6 1
p139 7 5 0
p140 9 9 1
p141 0 3 1
p142 5 10 1
p143 0 5 0
p144 1 2 0
p145 7 10 1
p146 0 7 1
p147 5 7 0
p148 3 7 1
p149 5 9 0
p150 9 4 0
p151 5 10 0
p152 0 2 1
p153 7 2 1
p154 10 3 1
p155 1 6 0
p156 0 8 1
p157 5 10 1
p158 6 10 0
p159 4 1 0
p160 7 2 1
p161 10 10 1
p162 8 9 0
p163 1 10 1
p164 8 5 1
p165 1 10 1
p166 10 8 0
p167 6 1 0
p168 7 8 1
p169 3 3 1
p170 1 3 0
p171 7 6 1
p172 0 4 1
p173 5 2 1
p174 9 2 1
p175 2 4 1
p176 2 3 0
p177 7 5 1
p178 8 5 0
p179 0 2 0
p180 8 8 1
p181 6 5 0
p182 10 5 1
p183 5 1 1
p184 1 7 0
p185 2 3 1
p186 8 7 0
p187 8 8 0
p188 8 5 0
p189 10 9 0
p190 8 4 1
p191 9 9 1
p192 10 7 1
p193 0 5 1
p194 8 3 0
p195 1 5 0
p196 7 6 0
p197 8 2 0
p198 6 6 0
p199 9 7 1
p200 9 5 0
p201 7 5 1
p202 6 2 1
p203 10 2 1
p204 10 5 0
p205 3 4 0
p206 1 2 0
p207 6 7 1
p208 2 10 0
p209 6 9 1
p210 8 5 1
p211 1 7 1
p212 5 1 0
p213 4 1 1
p214 6 3 1
p215 8 9 0
p216 3 5 0
p217 5 10 0
p218 1 8 1
p219 10 5 1
p220 6 1 1
p221 1 4 0
p222 8 7 0
p223 9 4 0
p224 0 3 1
p225 0 1 1
p226 10 10 0
p227 1 1 1
p228 4 5 0
p229 3 6 1
p230 3 3 1
p231 4 2 0
p232 3 6 1
p233 1 8 0
p234 1 10 0
p235 1 4 1
p236 4 6 0
p237 6 6 1
p238 5 4 1
p239 1 7 0
p240 1 3 1
p241 0 1 0
p242 9 7 1
p243 0 1 0
p244 8 8 0
p245 7 5 1
p246 5 6 0
p247 3 5 1
p248 5 5 0
p249 8 10 0
p250 4 5 0
p251 5 6 1
p252 4 4 1
p253 9 6 0
p254 1 7 1
p255 5 1 1
p256 8 7 1
p257 9 10 1
p258 5 8 0
p259 2 6 1
p260 3 2 1
p261 6 9 1
p262 7 10 0
p263 3 2 1
p264 0 4 0
p265 8 5 0
p266 5 10 0
p267 5 8 0
p268 3 4 1
p269 1 1 0
p270 0 3 1
p271 4 10 1
p272 10 10 0
p273 2 2 1
p274 4 7 1
p275 10 4 1
p276 5 8 0
p277 8 5 1
p278 6 1 1
p279 4 2 1
p280 10 5 1
p281 2 8 1
p282 9 8 0
p283 2 6 1
p284 10 10 0
p285 9 3 1
p286 7 3 0
p287 10 3 0
p288 5 3 0
p289 7 4 1
p290 6 2 0
p291 7 10 1
p292 2 5 1
p293 9 8 0
p294 8 5 1
p295 10 7 0
p296 1 2 0
p297 8 8 0
p298 5 7 0
p299 1 1 1
p300 9 10 1
p301 9 10 0
p302 1 10 0
p303 7 10 1
p304 7 3 0
p305 5 5 0
p306 8 3 0
p307 0 4 1
p308 9 2 1
p309 6 3 1
p310 4 10 0
p311 3 4 1
p312 1 6 0
p313 9 5 1
p314 6 7 0
p315 1 10 0
p316 1 9 0
p317 3 6 1
p318 4 5 1
p319 9 6 1
p320 8 6 0
p321 2 8 0
p322 4 3 1
p323 4 3 0
p324 6 10 0
p325 0 5 1
p326 8 10 1
p327 0 4 0
p328 4 6 0
p329 4 6 1
p330 8 2 0
p331 9 7 1
p332 9 9 0
p333 0 7 0
p334 10 3 1
p335 2 9 1
p336 5 9 0
p337 1 8 1
p338 5 6 1
p339 2 9 0
p340 9 9 1
p341 7 8 1
p342 0 7 1
p343 9 6 0
p344 10 8 0
p345 9 1 1
p346 7 6 1
p347 2 3 0
p348 9 7 1
p349 10 4 1
p350 3 9 0
p351 4 7 1
p352 5 9 0
p353 8 6 1
p354 5 4 0
p355 0 8 0
p356 7 8 0
p357 8 10 0
p358 0 1 0
p359 2 6 1
p360 3 2 0
p361 0 2 0
p362 2 6 0
p363 4 9 0
p364 7 4 1
p365 10 1 0
p366 0 2 1
p367 7 4 0
p368 7 4 1
p369 5 10 0
p370 7 2 1
p371 6 7 1
p372 9 4 0
p373 7 9 0
p374 2 9 1
p375 7 2 1
p376 9 7 0
p377 0 2 1
p378 6 7 1
p379 1 2 0
p380 8 3 1
p381 9 6 0
p382 1 2 1
p383 5 10 0
p384 3 6 0
p385 9 7 1
p386 1 8 1
p387 1 9 0
p388 9 3 0
p389 7 7 0
p390 6 10 0
p391 6 2 0
p392 9 5 1
p393 4 4 0
p394 5 1 1
p395 6 9 1
p396 8 8 0
p397 7 2 1
p398 3 2 1
p399 8 4 1
p400 7 7 0
p401 7 8 1
p402 2 8 1
p403 0 4 0
p404 8 6 0
p405 2 3 0
p406 4 5 0
p407 6 8 1
p408 9 6 0
p409 8 5 0
p410 5 7 0
p411 7 4 1
p412 10 5 1
p413 4 1 0
p414 5 1 0
p415 3 2 0
p416 3 2 0
p417 9 9 1
p418 0 10 1
p419 3 1 1
p420 4 7 1
p421 9 9 1
p422 2 7 1
p423 0 7 0
p424 7 3 0
p425 5 7 0
p426 0 8 1
p427 7 5 1
p428 1 10 1
p429 4 5 1
p430 3 2 1
p431 1 9 1
p432 6 6 0
p433 9 10 0
p434 5 7 0
p435 2 1 0
p436 3 10 0
p437 8 6 0
p438 0 10 1
p439 1 9 1
p440 4 5 0
p441 9 1 1
p442 7 7 0
p443 7 1 0
p444 7 5 0
p445 6 10 0
p446 0 8 1
p447 0 10 1
p448 4 8 0
p449 0 8 1
p450 0 4 1
p451 10 2 1
p452 2 2 0
p453 4 10 0
p454 7 4 1
p455 1 6 0
p456 9 5 1
p457 9 5 1
p458 7 8 0
p459 9 1 1
p460 2 7 0
p461 9 9 0
p462 4 7 1
p463 6 7 1
p464 6 9 0
p465 2 9 0
p466 1 1 0
p467 4 3 0
p468 7 4 0
p469 10 4 0
p470 0 10 0
p471 6 10 0
p472 0 4 0
p473 0 7 0
p474 10 3 0
p475 4 6 0
p476 9 7 1
p477 5 6 1
p478 9 9 1
p479 4 9 0
p480 0 2 1
p481 6 7 1
p482 1 3 0
p483 7 8 0
p484 4 2 1
p485 1 2 0
p486 8 3 1
p487 10 9 0
p488 5 6 0
p489 8 5 0
p490 9 4 1
p491 6 9 0
p492 0 1 0
p493 2 3 1
p494 8 5 0
p495 10 2 1
p496 1 4 1
p497 1 4 0
p498 7 6 1
p499 10 3 0
p500 10 10 1