500
p1 0 4 0
p1 7 2 0
p2 7 9 1
p3 3 6 0
p4 9 4 1
p5 3 5 0
p6 7 2 0
p7 1 1 1
p8 7 10 0
p9 10 5 0
p10 9 6 1
p11 4 6 0
p12 0 10 1
p13 10 3 0
p14 3 2 1
p15 7 2 1
p16 8 4 1
p17 5 7 1
p18 7 5 0
p19 6 8 0
p20 3 3 1
p21 10 7 0
p22 7 6 0
p23 10 8 0
p24 7 6 1
p25 0 6 1
p26 9 10 0
p27 0 5 1
p28 6 4 1
p29 5 8 0
p30 0 7 0
p31 1 8 1
p32 0 1 0
p33 2 5 1
p34 1 1 0
p35 3 8 0
p36 2 7 1
p37 5 7 1
p38 10 1 1
p39 1 3 0
p40 1 5 0
p41 8 9 1
p42 3 4 1
p43 5 8 1
p44 4 3 1
p45 10 6 1
p46 0 5 1
p47 4 5 0
p48 0 4 0
p49 8 6 0
p50 1 1 0
p51 1 10 1
p52 8 2 0
p53 7 4 1
p54 4 3 0
p55 8 6 1
p56 5 8 1
p57 2 1 0
p58 9 7 1
p59 1 5 1
p60 10 6 1
p61 6 6 0
p62 0 8 1
p63 2 3 0
p64 10 9 0
p65 6 3 1
p66 9 8 0
p67 4 9 0
p68 0 7 1
p69 5 10 1
p70 1 10 0
p71 9 7 0
p72 6 5 1
p73 0 1 1
p74 9 1 1
p75 2 10 0
p76 8 5 1
p77 4 1 1
p78 9 3 0
p79 5 4 1
p80 5 5 0
p81 6 2 1
p82 8 8 1
p83 10 8 0
p84 8 3 0
p85 1 7 1
p86 0 7 1
p87 8 10 1
p88 5 7 1
p89 8 5 1
p90 10 8 1
p91 6 5 0
p92 3 1 1
p93 10 3 1
p94 8 7 1
p95 2 10 1
p96 2 7 0
p97 4 5 1
p98 10 7 1
p99 7 7 1
p100 1 6 0
p101 3 2 0
p102 0 4 0
p103 7 6 1
p104 5 10 1
p105 0 8 0
p106 7 6 0
p107 5 3 0
p108 4 7 1
p109 9 1 1
p110 1 2 1
p111 9 10 0
p112 5 1 1
p113 7 1 1
p114 5 10 0
p115 3 8 0
p116 4 3 1
p117 6 3 1
p118 9 5 1
p119 2 9 0
p120 4 5 1
p121 4 4 1
p122 6 9 1
p123 1 2 1
p124 0 3 0
p125 5 2 1
p126 10 6 1
p127 6 5 1
p128 4 1 0
p129 2 6 0
p130 6 7 0
p131 6 6 1
p132 4 2 1
p133 0 5 1
p134 10 5 1
p135 4 3 0
p136 6 6 1
p137 0 9 0
p138 1 10 0
p139 0 4 0
p140 10 2 0
p141 7 9 1
p142 10 4 0
p143 6 7 0
p144 8 4 0
p145 2 10 1
p146 9 6 0
p147 4 5 0
p148 10 7 1
p149 3 10 0
p150 8 10 1
p151 5 7 0
p152 8 2 1
p153 9 6 1
p154 0 9 0
p155 1 5 0
p156 4 7 1
p157 10 3 1
p158 2 5 1
p159 3 10 0
p160 6 8 0
p161 2 9 0
p162 10 1 1
p163 10 5 0
p164 5 6 0
p165 0 10 0
p166 3 2 1
p167 5 5 1
p168 10 10 0
p169 3 10 1
p170 9 5 0
p171 1 2 0
p172 10 6 0
p173 10 2 1
p174 9 9 0
p175 2 8 1
p176 0 4 1
p177 4 10 1
p178 3 2 0
p179 8 7 1
p180 0 4 0
p181 10 4 1
p182 7 6 0
p183 10 9 1
p184 5 1 1
p185 1 2 1
p186 3 5 0
p187 10 1 1
p188 2 2 0
p189 1 4 0
p190 10 6 0
p191 10 9 1
p192 5 1 0
p193 4 3 0
p194 3 10 1
p195 7 7 0
p196 6 8 0
p197 2 2 0
p198 0 7 1
p199 10 10 0
p200 2 5 0
p201 5 5 0
p202 9 5 0
p203 0 1 0
p204 4 4 1
p205 3 3 0
p206 9 9 1
p207 0 1 1
p208 2 3 1
p209 3 3 1
p210 4 1 1
p211 2 2 1
p212 7 7 1
p213 2 7 1
p214 6 9 1
p215 2 4 1
p216 1 5 0
p217 2 6 0
p218 7 1 0
p219 3 9 0
p220 3 6 1
p221 5 1 0
p222 6 1 0
p223 2 7 0
p224 6 9 0
p225 10 1 1
p226 6 7 1
p227 3 5 0
p228 8 9 0
p229 3 5 1
p230 5 4 0
p231 7 2 1
p232 3 2 1
p233 8 3 1
p234 1 1 1
p235 10 5 0
p236 1 6 0
p237 3 5 0
p238 5 2 1
p239 9 2 1
p240 4 9 1
p241 5 2 0
p242 2 4 1
p243 4 2 1
p244 7 2 0
p245 9 5 0
p246 7 6 1
p247 4 6 1
p248 9 2 0
p249 8 7 0
p250 4 9 0
p251 8 6 1
p252 5 7 0
p253 9 4 1
p254 2 5 1
p255 0 8 1
p256 10 3 0
p257 9 9 1
p258 7 9 1
p259 10 4 1
p260 0 10 0
p261 4 4 1
p262 10 4 1
p263 3 7 0
p264 6 4 1
p265 4 3 0
p266 0 4 1
p267 6 6 1
p268 10 7 1
p269 8 9 0
p270 7 2 1
p271 10 10 0
p272 10 5 1
p273 7 2 0
p274 7 3 1
p275 5 1 0
p276 8 3 1
p277 2 3 1
p278 9 10 1
p279 7 5 1
p280 0 7 1
p281 6 5 0
p282 8 6 0
p283 9 4 1
p284 8 7 0
p285 5 1 0
p286 10 10 0
p287 9 9 0
p288 3 6 0
p289 2 1 0
p290 0 9 0
p291 3 10 0
p292 5 9 1
p293 5 10 0
p294 2 1 1
p295 5 6 1
p296 1 10 0
p297 6 6 1
p298 4 1 0
p299 0 2 0
p300 3 8 0
p301 2 9 1
p302 3 8 0
p303 3 9 1
p304 0 5 0
p305 0 10 1
p306 8 3 0
p307 9 8 0
p308 3 6 0
p309 1 6 1
p310 9 8 0
p311 2 2 0
p312 1 8 1
p313 0 1 1
p314 8 3 0
p315 10 3 1
p316 0 5 1
p317 9 6 0
p318 1 3 0
p319 1 7 1
p320 0 3 1
p321 7 3 0
p322 5 7 0
p323 8 3 0
p324 8 3 0
p325 10 6 1
p326 3 1 1
p327 3 8 0
p328 1 3 1
p329 4 8 1
p330 6 9 1
p331 0 9 1
p332 10 7 0
p333 1 2 0
p334 2 3 0
p335 8 8 0
p336 1 6 0
p337 7 1 1
p338 10 3 1
p339 6 6 0
p340 3 9 1
p341 1 7 1
p342 1 6 1
p343 3 2 0
p344 9 7 1
p345 3 5 0
p346 3 9 0
p347 10 5 0
p348 7 8 0
p349 8 3 0
p350 1 8 0
p351 7 3 1
p352 4 2 0
p353 4 5 1
p354 5 7 0
p355 1 9 0
p356 4 7 0
p357 3 5 1
p358 1 10 0
p359 0 2 0
p360 2 4 1
p361 2 4 0
p362 8 10 1
p363 9 8 0
p364 6 2 0
p365 0 3 0
p366 10 10 0
p367 3 10 0
p368 9 2 1
p369 0 10 0
p370 6 5 1
p371 6 2 0
p372 9 10 0
p373 7 2 1
p374 4 3 0
p375 5 1 0
p376 0 10 1
p377 5 10 0
p378 6 5 1
p379 6 8 1
p380 4 10 1
p381 9 9 0
p382 7 8 1
p383 0 10 0
p384 3 3 0
p385 10 1 0
p386 0 4 0
p387 5 8 1
p388 9 1 0
p389 2 8 1
p390 3 6 0
p391 2 5 0
p392 10 2 1
p393 4 6 1
p394 0 6 1
p395 2 7 1
p396 1 5 0
p397 4 9 0
p398 3 2 0
p399 6 6 1
p400 0 5 0
p401 3 3 0
p402 4 1 0
p403 5 8 1
p404 0 9 0
p405 4 4 0
p406 8 6 1
p407 2 4 1
p408 4 8 0
p409 5 5 1
p410 1 2 1
p411 4 10 1
p412 5 6 1
p413 6 9 0
p414 10 8 0
p415 7 7 0
p416 7 8 1
p417 0 2 1
p418 9 9 0
p419 5 1 0
p420 6 6 0
p421 4 9 1
p422 10 9 0
p423 3 5 0
p424 5 4 1
p425 7 6 0
p426 10 4 1
p427 2 7 0
p428 10 1 1
p429 6 10 1
p430 4 9 0
p431 3 3 0
p432 7 2 1
p433 7 9 1
p434 10 3 1
p435 1 1 0
p436 7 9 1
p437 1 2 1
p438 7 5 1
p439 6 7 1
p440 4 4 1
p441 7 7 1
p442 8 9 0
p443 4 3 1
p444 8 8 1
p445 9 6 1
p446 0 10 1
p447 10 1 0
p448 6 1 0
p449 4 6 1
p450 1 8 0
p451 1 10 1
p452 4 7 1
p453 1 10 0
p454 3 1 1
p455 7 9 0
p456 7 5 1
p457 0 10 1
p458 10 4 0
p459 5 8 1
p460 8 4 1
p461 1 8 0
p462 10 6 0
p463 7 7 0
p464 7 3 0
p465 1 8 1
p466 8 10 1
p467 4 3 1
p468 8 5 0
p469 4 3 1
p470 0 2 1
p471 10 9 0
p472 2 8 1
p473 10 10 0
p474 2 6 0
p475 8 7 0
p476 3 6 1
p477 0 6 0
p478 2 7 0
p479 6 3 0
p480 7 6 1
p481 1 4 1
p482 1 2 0
p483 0 5 1
p484 0 2 0
p485 2 8 0
p486 10 8 1
p487 0 10 0
p488 4 3 1
p489 8 3 1
p490 6 8 0
p491 2 2 1
p492 2 2 0
p493 0 5 1
p494 5 1 0
p495 9 9 1
p496 2 1 1
p497 1 8 0
p498 1 10 1
p499 3 5 1
p500 5 5 0