500
p1 0 6 1
p1 3 2 0
p2 5 2 1
p3 4 10 1
p4 0 4 0
p5 1 8 1
p6 10 2 1
p7 10 1 1
p8 8 4 0
p9 1 5 1
p10 6 8 0
p11 10 1 1
p12 3 3 1
p13 2 8 0
p14 1 1 0
p15 9 6 1
p16 5 6 0
p17 0 9 1
p18 5 9 0
p19 9 9 0
p20 1 2 1
p21 2 3 0
p22 0 6 0
p23 6 8 1
p24 9 10 0
p25 7 8 1
p26 8 1 1
p27 8 7 1
p28 0 5 1
p29 4 8 0
p30 10 1 1
p31 0 7 1
p32 9 6 0
p33 8 4 0
p34 10 8 1
p35 7 5 1
p36 7 9 1
p37 6 5 0
p38 7 3 0
p39 3 1 1
p40 5 1 0
p41 8 5 0
p42 0 9 1
p43 2 1 0
p44 7 7 1
p45 5 8 1
p46 2 1 1
p47 1 1 0
p48 3 7 0
p49 2 10 0
p50 6 7 0
p51 4 3 1
p52 6 7 1
p53 1 8 0
p54 4 2 0
p55 2 2 1
p56 0 3 0
p57 8 2 0
p58 8 10 0
p59 0 5 1
p60 10 5 1
p61 3 3 0
p62 0 3 0
p63 10 6 1
p64 5 5 1
p65 6 5 0
p66 1 5 1
p67 1 3 0
p68 5 2 1
p69 5 6 1
p70 6 5 1
p71 9 3 1
p72 3 6 1
p73 6 9 0
p74 9 7 0
p75 0 6 1
p76 4 4 1
p77 9 10 1
p78 9 4 1
p79 4 9 0
p80 10 8 0
p81 7 4 1
p82 1 4 0
p83 5 10 0
p84 0 10 1
p85 6 7 0
p86 8 5 1
p87 0 5 0
p88 3 2 1
p89 2 2 0
p90 9 1 1
p91 10 4 0
p92 9 5 1
p93 8 5 0
p94 10 1 0
p95 2 8 0
p96 1 2 0
p97 4 10 1
p98 3 3 0
p99 4 7 1
p100 7 3 1
p101 8 1 1
p102 5 3 1
p103 1 5 1
p104 9 5 1
p105 6 3 1
p106 3 4 0
p107 3 1 1
p108 2 3 1
p109 2 7 1
p110 3 1 1
p111 3 2 0
p112 10 5 0
p113 0 5 0
p114 2 2 0
p115 1 4 0
p116 6 5 0
p117 10 7 0
p118 10 5 0
p119 2 4 1
p120 6 3 1
p121 9 4 1
p122 9 4 1
p123 5 5 0
p124 1 5 1
p125 0 5 0
p126 0 9 1
p127 5 6 1
p128 3 5 1
p129 1 5 0
p130 0 4 1
p131 9 9 0
p132 7 8 0
p133 3 1 0
p134 6 8 1
p135 5 8 1
p136 1 8 1
p137 0 2 1
p138 0 10 1
p139 3 6 1
p140 2 10 0
p141 8 1 1
p142 0 3 0
p143 9 10 1
p144 4 8 0
p145 4 6 1
p146 0 5 0
p147 7 5 1
p148 1 2 0
p149 3 7 0
p150 4 8 1
p151 7 10 1
p152 2 8 1
p153 3 1 0
p154 5 8 1
p155 9 10 1
p156 3 9 1
p157 7 3 0
p158 4 5 1
p159 10 5 1
p160 10 9 0
p161 9 1 1
p162 10 2 1
p163 0 7 1
p164 2 4 0
p165 2 5 1
p166 2 1 1
p167 3 2 1
p168 4 7 1
p169 3 8 0
p170 2 1 0
p171 5 9 0
p172 5 2 1
p173 6 4 1
p174 4 4 0
p175 1 2 0
p176 10 1 1
p177 0 8 0
p178 6 8 0
p179 10 2 1
p180 0 10 1
p181 2 4 1
p182 10 7 0
p183 6 10 1
p184 1 9 1
p185 8 5 0
p186 7 5 1
p187 7 1 0
p188 2 4 1
p189 0 10 1
p190 7 3 0
p191 0 3 1
p192 8 10 1
p193 8 5 0
p194 9 4 1
p195 4 4 1
p196 6 10 1
p197 5 3 1
p198 3 4 0
p199 4 2 0
p200 10 6 0
p201 3 3 0
p202 4 5 1
p203 1 4 0
p204 6 5 1
p205 3 2 0
p206 2 6 1
p207 1 1 1
p208 10 4 1
p209 4 3 0
p210 1 8 1
p211 0 2 1
p212 1 6 0
p213 7 2 1
p214 8 9 1
p215 5 4 1
p216 8 1 0
p217 0 9 1
p218 10 4 0
p219 4 4 0
p220 4 4 0
p221 10 10 1
p222 5 7 0
p223 10 5 0
p224 9 9 0
p225 6 4 1
p226 9 4 1
p227 9 2 1
p228 6 7 1
p229 7 5 0
p230 1 7 0
p231 10 9 1
p232 3 7 1
p233 2 10 1
p234 0 7 1
p235 1 10 1
p236 7 1 0
p237 6 7 1
p238 10 10 1
p239 8 6 1
p240 0 4 0
p241 1 6 0
p242 0 1 0
p243 4 6 0
p244 2 6 0
p245 9 7 1
p246 6 6 0
p247 3 3 0
p248 6 5 0
p249 5 10 1
p250 0 9 0
p251 8 9 1
p252 2 10 1
p253 10 8 0
p254 0 10 1
p255 10 6 0
p256 1 6 1
p257 6 9 1
p258 8 6 1
p259 5 2 0
p260 10 9 1
p261 4 9 1
p262 4 9 0
p263 4 7 1
p264 2 6 1
p265 2 1 0
p266 2 3 1
p267 9 2 0
p268 5 9 1
p269 0 10 0
p270 0 10 0
p271 4 6 0
p272 1 1 0
p273 6 7 1
p274 8 7 0
p275 10 1 0
p276 10 3 0
p277 2 3 1
p278 8 10 1
p279 2 2 0
p280 7 9 1
p281 5 1 0
p282 9 8 0
p283 1 9 0
p284 2 6 1
p285 10 7 1
p286 2 9 0
p287 0 8 0
p288 7 3 1
p289 0 3 0
p290 2 7 1
p291 1 5 1
p292 8 8 1
p293 9 2 1
p294 2 8 0
p295 4 3 1
p296 2 3 1
p297 8 6 0
p298 10 1 0
p299 2 9 0
p300 2 5 0
p301 2 5 0
p302 0 2 0
p303 9 7 1
p304 0 10 0
p305 3 5 0
p306 7 7 1
p307 6 7 0
p308 0 9 0
p309 10 4 0
p310 1 1 1
p311 2 10 1
p312 7 4 0
p313 0 9 0
p314 4 5 0
p315 0 8 0
p316 4 4 0
p317 0 5 0
p318 6 6 0
p319 8 3 1
p320 6 6 1
p321 10 5 0
p322 8 5 1
p323 10 6 1
p324 3 1 0
p325 9 6 1
p326 1 3 1
p327 10 10 1
p328 2 9 1
p329 7 2 1
p330 5 10 1
p331 10 7 1
p332 10 10 1
p333 7 9 1
p334 2 4 1
p335 1 4 0
p336 3 3 0
p337 3 3 1
p338 7 4 1
p339 3 10 1
p340 10 2 0
p341 10 2 1
p342 1 3 0
p343 5 5 0
p344 4 8 1
p345 7 10 0
p346 8 5 1
p347 2 1 1
p348 9 4 0
p349 2 1 1
p350 0 3 1
p351 7 8 0
p352 10 8 0
p353 5 2 0
p354 0 5 0
p355 0 9 1
p356 1 7 1
p357 3 6 1
p358 6 2 0
p359 1 7 0
p360 6 4 0
p361 3 1 1
p362 2 9 1
p363 4 3 0
p364 10 7 1
p365 6 8 1
p366 9 6 0
p367 0 1 1
p368 6 7 0
p369 9 10 0
p370 0 8 1
p371 2 3 1
p372 8 2 1
p373 1 6 1
p374 6 9 1
p375 2 9 1
p376 9 5 0
p377 8 5 1
p378 3 7 1
p379 3 7 0
p380 7 7 1
p381 5 8 1
p382 0 7 1
p383 4 4 0
p384 7 8 0
p385 9 7 1
p386 1 10 1
p387 2 4 1
p388 5 4 1
p389 3 1 1
p390 8 5 0
p391 4 9 1
p392 3 2 1
p393 2 4 1
p394 7 10 0
p395 8 4 1
p396 6 6 0
p397 0 3 1
p398 1 5 0
p399 6 1 1
p400 7 9 1
p401 8 6 1
p402 9 9 0
p403 4 1 0
p404 7 6 1
p405 0 3 0
p406 6 5 0
p407 0 4 0
p408 3 6 1
p409 3 10 1
p410 6 4 1
p411 6 1 0
p412 10 2 1
p413 1 7 1
p414 9 6 0
p415 4 8 0
p416 5 5 0
p417 4 4 1
p418 10 1 1
p419 3 8 0
p420 0 10 1
p421 5 9 0
p422 0 8 1
p423 9 8 1
p424 1 5 1
p425 4 10 0
p426 6 6 1
p427 7 9 0
p428 0 7 0
p429 5 2 1
p430 4 6 0
p431 6 7 1
p432 7 3 0
p433 3 3 1
p434 9 7 0
p435 0 2 1
p436 5 1 0
p437 7 8 1
p438 6 5 1
p439 4 3 1
p440 4 10 0
p441 10 10 1
p442 6 6 1
p443 4 7 1
p444 9 6 0
p445 1 2 1
p446 4 9 1
p447 0 10 0
p448 4 10 1
p449 2 3 1
p450 7 5 0
p451 8 5 1
p452 5 3 0
p453 0 7 1
p454 1 4 0
p455 6 2 0
p456 9 9 0
p457 3 10 1
p458 6 9 1
p459 6 9 1
p460 10 6 1
p461 4 7 1
p462 2 10 1
p463 1 7 1
p464 10 4 1
p465 3 7 0
p466 10 9 0
p467 4 10 1
p468 10 2 1
p469 4 6 1
p470 8 8 0
p471 4 7 1
p472 1 3 0
p473 4 1 0
p474 4 3 0
p475 2 1 0
p476 7 7 1
p477 3 3 0
p478 10 8 1
p479 1 3 1
p480 7 10 0
p481 6 3 0
p482 1 9 0
p483 9 8 1
p484 10 7 1
p485 2 9 1
p486 0 9 1
p487 1 1 1
p488 6 1 0
p489 1 4 0
p490 9 8 0
p491 0 3 0
p492 9 5 0
p493 1 3 1
p494 3 8 0
p495 10 2 0
p496 5 3 1
p497 5 3 1
p498 1 10 1
p499 2 8 0
p500 2 3 0