500
p1 0 3 0
p1 9 10 1
p2 8 1 0
p3 7 8 1
p4 8 4 1
p5 8 1 1
p6 0 9 0
p7 5 1 1
p8 7 7 0
p9 3 7 0
p10 5 2 0
p11 2 6 0
p12 8 1 0
p13 0 2 1
p14 5 6 0
p15 9 6 0
p16 8 9 1
p17 5 9 1
p18 2 6 0
p19 5 6 0
p20 4 8 1
p21 10 8 0
p22 9 1 0
p23 2 10 1
p24 7 1 0
p25 3 8 1
p26 0 1 1
p27 3 7 0
p28 10 7 1
p29 1 8 0
p30 8 8 1
p31 2 1 0
p32 10 3 0
p33 7 10 0
p34 2 6 0
p35 0 6 1
p36 8 1 0
p37 6 3 0
p38 7 3 0
p39 10 6 0
p40 5 10 1
p41 1 6 1
p42 3 9 0
p43 10 3 1
p44 1 5 0
p45 10 5 1
p46 4 8 0
p47 1 1 0
p48 4 6 0
p49 4 8 0
p50 9 5 1
p51 8 3 0
p52 2 1 0
p53 8 10 1
p54 7 1 1
p55 2 5 1
p56 7 8 0
p57 10 5 1
p58 3 2 0
p59 4 6 0
p60 5 4 0
p61 10 6 0
p62 2 3 0
p63 10 6 0
p64 10 8 0
p65 2 4 0
p66 6 9 1
p67 0 5 1
p68 7 9 1
p69 1 1 0
p70 4 2 0
p71 1 9 1
p72 9 3 1
p73 1 10 0
p74 6 5 1
p75 1 4 0
p76 7 9 0
p77 6 1 0
p78 8 8 0
p79 5 2 1
p80 1 7 0
p81 4 3 0
p82 0 2 1
p83 0 4 0
p84 3 4 0
p85 1 3 1
p86 7 4 0
p87 5 6 0
p88 2 6 0
p89 3 7 1
p90 9 1 1
p91 4 6 1
p92 7 9 1
p93 10 2 0
p94 8 10 0
p95 3 4 0
p96 5 5 1
p97 9 2 0
p98 4 3 0
p99 5 3 0
p100 3 6 0
p101 0 3 0
p102 8 7 0
p103 2 7 1
p104 3 6 0
p105 7 9 0
p106 0 1 0
p107 2 10 1
p108 9 7 1
p109 2 2 0
p110 10 8 1
p111 1 9 0
p112 0 4 0
p113 4 2 0
p114 2 9 1
p115 8 7 1
p116 0 10 0
p117 8 1 1
p118 0 9 1
p119 4 1 0
p120 9 2 1
p121 2 5 1
p122 10 8 1
p123 4 9 0
p124 5 7 0
p125 1 8 1
p126 2 3 0
p127 4 6 0
p128 5 10 1
p129 7 10 1
p130 6 5 0
p131 3 6 0
p132 8 7 1
p133 4 2 1
p134 2 2 0
p135 7 9 1
p136 1 1 0
p137 7 4 1
p138 3 3 1
p139 10 6 0
p140 4 6 0
p141 7 8 0
p142 9 5 0
p143 8 1 0
p144 8 7 1
p145 8 4 1
p146 3 10 1
p147 5 10 0
p148 9 9 1
p149 3 6 0
p150 10 1 1
p151 8 9 0
p152 9 1 0
p153 1 6 0
p154 5 5 1
p155 7 2 0
p156 6 1 0
p157 2 9 1
p158 1 5 1
p159 5 8 1
p160 9 1 1
p161 10 5 1
p162 7 8 1
p163 8 10 1
p164 4 2 1
p165 9 9 1
p166 4 5 1
p167 6 5 1
p168 7 3 0
p169 9 8 1
p170 0 1 0
p171 8 3 0
p172 4 4 1
p173 8 2 1
p174 5 4 0
p175 3 1 1
p176 9 6 1
p177 4 2 1
p178 3 7 1
p179 5 9 0
p180 0 9 0
p181 10 8 1
p182 10 10 0
p183 10 2 1
p184 6 9 0
p185 3 4 0
p186 9 3 0
p187 8 6 1
p188 10 10 1
p189 5 2 1
p190 9 1 1
p191 7 9 0
p192 8 8 0
p193 8 9 1
p194 4 1 0
p195 7 8 1
p196 8 5 1
p197 6 2 0
p198 8 3 1
p199 8 9 0
p200 2 1 1
p201 5 8 1
p202 8 4 0
p203 6 5 1
p204 7 7 1
p205 0 7 0
p206 2 6 1
p207 7 7 0
p208 8 5 0
p209 10 2 0
p210 5 1 1
p211 3 1 0
p212 6 9 0
p213 0 6 0
p214 5 6 0
p215 3 6 0
p216 9 3 0
p217 6 9 0
p218 6 10 1
p219 1 7 0
p220 9 10 0
p221 5 10 0
p222 5 9 1
p223 9 2 0
p224 10 5 1
p225 1 5 0
p226 3 1 0
p227 10 1 0
p228 2 1 0
p229 3 9 0
p230 6 4 1
p231 3 4 0
p232 6 1 0
p233 4 9 1
p234 0 4 1
p235 1 10 1
p236 5 7 0
p237 1 2 0
p238 7 4 0
p239 8 2 0
p240 3 3 0
p241 6 9 1
p242 7 9 1
p243 1 4 0
p244 9 7 1
p245 2 7 0
p246 5 7 1
p247 2 3 0
p248 2 5 1
p249 5 2 1
p250 3 10 1
p251 2 2 1
p252 9 5 1
p253 4 9 0
p254 9 4 0
p255 8 8 0
p256 7 4 0
p257 2 6 0
p258 3 4 1
p259 3 10 0
p260 4 3 1
p261 8 5 0
p262 0 5 1
p263 4 1 1
p264 4 2 0
p265 7 5 1
p266 3 8 1
p267 8 10 0
p268 10 4 0
p269 8 2 1
p270 7 9 1
p271 10 8 0
p272 3 10 0
p273 10 1 0
p274 2 9 0
p275 4 8 0
p276 0 9 1
p277 3 6 0
p278 6 4 1
p279 6 9 1
p280 8 2 1
p281 2 3 0
p282 4 4 1
p283 6 4 0
p284 5 5 0
p285 5 8 1
p286 10 4 1
p287 8 2 1
p288 1 8 0
p289 3 4 1
p290 7 3 0
p291 0 6 0
p292 4 9 1
p293 8 7 0
p294 4 9 0
p295 3 9 1
p296 5 3 1
p297 7 10 0
p298 8 9 1
p299 5 5 0
p300 3 3 0
p301 0 10 0
p302 4 5 0
p303 5 8 0
p304 2 1 0
p305 8 3 0
p306 5 10 0
p307 1 2 1
p308 2 4 1
p309 10 4 0
p310 0 9 0
p311 7 2 1
p312 5 6 1
p313 5 4 1
p314 1 4 1
p315 7 6 1
p316 8 10 0
p317 10 1 0
p318 6 2 1
p319 3 8 0
p320 10 6 0
p321 2 9 1
p322 10 5 1
p323 7 4 0
p324 2 10 1
p325 4 4 0
p326 6 4 0
p327 2 3 0
p328 7 10 0
p329 6 2 1
p330 2 8 1
p331 0 8 1
p332 9 1 1
p333 10 3 1
p334 6 5 0
p335 10 6 1
p336 7 2 0
p337 3 9 1
p338 8 2 0
p339 3 2 1
p340 9 6 0
p341 10 2 1
p342 3 4 1
p343 4 2 1
p344 4 5 1
p345 6 6 0
p346 4 10 0
p347 7 10 0
p348 9 5 0
p349 8 7 1
p350 5 5 1
p351 8 6 0
p352 8 2 1
p353 4 4 1
p354 1 8 1
p355 1 5 0
p356 6 8 0
p357 2 4 1
p358 2 5 1
p359 8 8 0
p360 4 10 0
p361 6 6 0
p362 1 7 1
p363 6 1 0
p364 2 3 0
p365 4 6 0
p366 1 9 1
p367 8 7 1
p368 4 3 1
p369 3 5 1
p370 3 2 0
p371 4 5 0
p372 4 2 0
p373 6 2 1
p374 2 4 1
p375 7 4 0
p376 5 9 0
p377 1 2 0
p378 1 3 0
p379 10 1 0
p380 6 9 0
p381 1 7 0
p382 4 6 1
p383 8 8 0
p384 9 2 1
p385 2 3 1
p386 1 1 1
p387 9 1 1
p388 9 4 1
p389 1 5 1
p390 0 2 1
p391 3 10 1
p392 3 10 0
p393 10 5 1
p394 9 10 1
p395 1 9 1
p396 3 9 1
p397 1 10 0
p398 4 10 1
p399 2 10 1
p400 0 4 1
p401 8 7 0
p402 8 1 0
p403 8 1 0
p404 8 7 1
p405 3 4 1
p406 7 5 0
p407 4 9 1
p408 5 2 0
p409 9 6 1
p410 6 1 1
p411 10 5 1
p412 0 10 1
p413 1 10 1
p414 10 2 1
p415 2 8 1
p416 9 6 1
p417 10 3 1
p418 5 2 0
p419 9 6 1
p420 3 10 1
p421 6 9 1
p422 2 1 0
p423 3 6 0
p424 10 10 1
p425 8 1 0
p426 9 7 1
p427 7 2 1
p428 8 6 0
p429 7 8 0
p430 4 6 1
p431 8 7 0
p432 3 9 0
p433 9 3 1
p434 7 8 0
p435 10 6 0
p436 4 10 1
p437 0 4 0
p438 9 8 1
p439 9 3 0
p440 2 6 0
p441 9 7 0
p442 4 10 1
p443 0 7 1
p444 4 6 0
p445 1 10 1
p446 8 8 0
p447 7 4 0
p448 0 6 1
p449 8 8 1
p450 0 4 0
p451 9 9 1
p452 8 7 0
p453 7 6 0
p454 1 3 1
p455 5 7 0
p456 7 7 1
p457 5 2 1
p458 3 5 0
p459 10 3 1
p460 2 9 0
p461 5 6 0
p462 4 9 0
p463 1 9 0
p464 3 6 0
p465 8 9 0
p466 0 7 0
p467 5 10 1
p468 0 3 1
p469 5 3 1
p470 3 5 0
p471 0 7 1
p472 2 4 1
p473 1 7 1
p474 8 2 0
p475 3 8 0
p476 10 2 0
p477 2 5 0
p478 10 10 0
p479 10 4 1
p480 6 6 1
p481 2 9 1
p482 1 1 0
p483 2 4 0
p484 10 10 1
p485 0 9 0
p486 1 5 1
p487 8 5 1
p488 10 4 0
p489 10 7 0
p490 8 6 1
p491 4 2 1
p492 1 2 0
p493 5 4 1
p494 0 10 0
p495 0 1 1
p496 4 9 1
p497 8 1 1
p498 7 7 0
p499 0 7 1
p500 10 7 0