500
p1 0 4 1
p1 1 1 0
p2 10 9 1
p3 4 1 0
p4 5 9 1
p5 10 4 1
p6 2 2 1
p7 1 4 0
p8 3 3 1
p9 3 9 1
p10 3 7 1
p11 0 5 1
p12 7 6 1
p13 3 3 0
p14 4 10 0
p15 10 5 1
p16 1 5 0
p17 10 2 1
p18 3 8 0
p19 5 9 0
p20 9 1 1
p21 1 1 1
p22 8 4 0
p23 9 1 0
p24 2 6 1
p25 3 7 0
p26 0 3 0
p27 9 2 1
p28 3 10 0
p29 9 9 0
p30 5 2 1
p31 1 5 1
p32 6 2 0
p33 8 1 1
p34 0 1 0
p35 5 2 0
p36 5 9 0
p37 0 1 0
p38 10 7 1
p39 5 4 0
p40 10 4 1
p41 4 7 1
p42 9 7 1
p43 0 7 1
p44 1 3 1
p45 3 5 0
p46 9 6 1
p47 1 4 1
p48 2 10 1
p49 6 10 1
p50 2 4 0
p51 2 2 1
p52 3 6 1
p53 5 3 0
p54 4 9 0
p55 10 4 0
p56 3 3 0
p57 9 8 1
p58 9 2 0
p59 7 7 1
p60 1 2 1
p61 7 8 0
p62 10 1 1
p63 7 6 0
p64 1 3 0
p65 5 2 1
p66 10 8 1
p67 3 8 1
p68 0 6 0
p69 3 6 0
p70 2 2 1
p71 10 1 0
p72 6 7 0
p73 8 9 1
p74 10 2 0
p75 9 2 1
p76 9 5 0
p77 6 7 0
p78 0 3 1
p79 5 4 0
p80 10 8 0
p81 10 1 0
p82 1 4 1
p83 10 4 1
p84 9 5 0
p85 1 8 0
p86 5 2 0
p87 2 4 0
p88 2 1 1
p89 1 6 0
p90 6 7 1
p91 6 1 1
p92 8 1 0
p93 1 4 1
p94 10 10 1
p95 6 10 0
p96 4 7 0
p97 4 1 1
p98 7 1 0
p99 1 3 1
p100 0 3 0
p101 6 7 0
p102 3 1 1
p103 8 7 0
p104 6 9 1
p105 8 4 0
p106 10 9 0
p107 2 10 1
p108 6 6 1
p109 3 6 1
p110 9 9 1
p111 9 8 1
p112 9 5 0
p113 4 5 0
p114 9 1 0
p115 2 1 0
p116 4 9 0
p117 8 9 0
p118 4 6 1
p119 3 2 0
p120 10 3 0
p121 5 8 0
p122 7 7 0
p123 10 2 0
p124 5 10 1
p125 0 8 1
p126 2 5 1
p127 4 9 1
p128 7 2 0
p129 10 3 1
p130 8 5 1
p131 5 2 0
p132 4 3 1
p133 7 6 0
p134 0 9 1
p135 10 3 0
p136 10 10 1
p137 1 2 1
p138 3 6 1
p139 1 9 1
p140 10 7 1
p141 2 1 0
p142 10 5 1
p143 8 7 0
p144 0 3 1
p145 7 3 1
p146 8 9 0
p147 7 3 0
p148 3 9 1
p149 4 6 0
p150 9 5 0
p151 0 9 0
p152 6 3 0
p153 2 5 0
p154 9 10 0
p155 9 5 0
p156 10 1 1
p157 7 9 1
p158 1 3 1
p159 3 4 1
p160 3 6 1
p161 5 5 1
p162 6 3 1
p163 3 3 1
p164 3 2 1
p165 2 10 1
p166 1 1 1
p167 0 3 0
p168 8 10 0
p169 6 9 0
p170 9 8 1
p171 10 5 0
p172 4 10 0
p173 9 9 0
p174 8 10 0
p175 3 6 1
p176 8 8 0
p177 1 9 0
p178 9 1 1
p179 0 2 0
p180 10 3 1
p181 4 6 0
p182 1 1 1
p183 9 1 0
p184 7 8 1
p185 5 7 0
p186 8 1 1
p187 5 2 1
p188 1 10 1
p189 9 8 1
p190 9 10 1
p191 2 5 0
p192 5 7 0
p193 0 10 0
p194 0 6 0
p195 8 10 0
p196 2 10 0
p197 5 9 1
p198 6 1 0
p199 7 4 1
p200 7 1 0
p201 0 7 1
p202 8 10 1
p203 1 2 0
p204 1 10 0
p205 2 7 1
p206 6 7 0
p207 10 1 1
p208 4 2 1
p209 6 4 0
p210 1 2 0
p211 3 6 0
p212 0 3 1
p213 5 7 0
p214 3 9 1
p215 4 5 0
p216 0 7 0
p217 7 3 0
p218 10 8 1
p219 6 2 1
p220 4 4 0
p221 2 10 1
p222 3 1 0
p223 9 3 0
p224 0 5 0
p225 3 8 0
p226 8 6 0
p227 4 2 0
p228 6 8 1
p229 9 2 1
p230 10 9 0
p231 0 1 1
p232 5 2 1
p233 8 7 1
p234 10 4 1
p235 1 4 0
p236 1 7 1
p237 9 10 1
p238 7 5 0
p239 2 2 1
p240 6 6 1
p241 10 4 0
p242 4 6 1
p243 8 9 1
p244 5 1 0
p245 7 6 0
p246 7 8 0
p247 5 5 1
p248 10 9 1
p249 6 4 1
p250 0 4 0
p251 6 2 0
p252 2 9 1
p253 4 5 1
p254 5 6 1
p255 7 6 1
p256 1 3 0
p257 5 4 0
p258 1 1 0
p259 6 1 1
p260 8 6 0
p261 4 6 1
p262 4 3 1
p263 1 5 1
p264 1 2 0
p265 7 10 0
p266 2 8 0
p267 1 8 1
p268 2 9 0
p269 10 4 0
p270 3 7 1
p271 7 5 0
p272 8 1 0
p273 8 2 0
p274 4 7 0
p275 10 7 1
p276 10 8 1
p277 0 9 0
p278 5 6 1
p279 5 6 0
p280 1 6 0
p281 8 8 1
p282 6 3 1
p283 10 10 1
p284 9 7 1
p285 10 6 1
p286 9 5 0
p287 4 8 0
p288 0 9 1
p289 10 10 1
p290 1 1 0
p291 6 9 1
p292 2 4 1
p293 6 5 1
p294 5 6 1
p295 9 6 0
p296 1 9 0
p297 7 7 1
p298 6 7 0
p299 6 9 1
p300 9 6 0
p301 6 6 0
p302 9 3 1
p303 8 8 1
p304 6 3 1
p305 0 6 0
p306 7 1 0
p307 6 9 0
p308 7 8 0
p309 1 5 0
p310 6 7 0
p311 9 1 1
p312 7 4 0
p313 5 1 1
p314 0 10 1
p315 2 1 0
p316 7 5 1
p317 2 10 1
p318 4 4 0
p319 0 4 1
p320 0 1 1
p321 2 5 0
p322 3 9 1
p323 2 4 1
p324 5 5 1
p325 7 1 1
p326 1 7 1
p327 1 1 0
p328 5 3 1
p329 7 10 0
p330 10 1 1
p331 3 2 1
p332 0 10 1
p333 10 9 0
p334 7 4 1
p335 8 3 1
p336 2 1 0
p337 8 7 0
p338 7 3 1
p339 6 7 0
p340 8 4 0
p341 4 10 1
p342 3 7 0
p343 1 3 0
p344 2 4 0
p345 3 5 0
p346 4 6 0
p347 2 9 1
p348 6 9 1
p349 10 6 1
p350 2 5 0
p351 0 6 1
p352 8 7 1
p353 5 4 1
p354 4 1 1
p355 7 7 1
p356 8 10 0
p357 10 2 1
p358 0 2 1
p359 6 7 0
p360 2 4 0
p361 7 3 1
p362 9 7 0
p363 10 7 1
p364 7 8 1
p365 9 9 1
p366 9 3 0
p367 1 7 1
p368 3 4 0
p369 10 4 0
p370 4 5 1
p371 2 2 1
p372 1 4 1
p373 10 8 0
p374 2 8 1
p375 6 8 0
p376 7 4 0
p377 5 2 0
p378 2 1 1
p379 4 1 0
p380 8 7 0
p381 5 3 1
p382 4 9 0
p383 0 9 0
p384 0 8 1
p385 6 6 0
p386 2 1 1
p387 4 3 0
p388 0 2 0
p389 1 1 0
p390 0 9 0
p391 1 9 1
p392 7 2 1
p393 5 4 0
p394 6 7 1
p395 6 5 1
p396 0 1 1
p397 0 5 1
p398 3 9 0
p399 3 4 1
p400 8 3 1
p401 7 4 1
p402 4 6 0
p403 0 4 0
p404 2 7 0
p405 10 2 0
p406 0 6 0
p407 6 4 0
p408 3 6 0
p409 0 6 1
p410 4 5 1
p411 10 1 0
p412 1 5 1
p413 1 1 0
p414 10 5 0
p415 4 1 0
p416 4 1 1
p417 6 9 0
p418 5 9 1
p419 8 1 1
p420 3 8 1
p421 3 2 1
p422 5 10 0
p423 7 7 0
p424 4 5 1
p425 8 2 1
p426 9 2 1
p427 3 5 0
p428 0 7 0
p429 3 8 0
p430 3 9 1
p431 4 8 0
p432 4 6 0
p433 4 8 0
p434 6 10 0
p435 7 8 1
p436 8 5 1
p437 8 7 1
p438 10 9 1
p439 5 5 0
p440 6 4 1
p441 4 9 0
p442 9 3 1
p443 10 9 0
p444 6 9 1
p445 8 9 1
p446 6 1 1
p447 6 3 1
p448 3 9 1
p449 8 5 0
p450 10 3 1
p451 8 4 1
p452 7 6 1
p453 0 3 1
p454 4 1 0
p455 10 7 0
p456 5 10 0
p457 8 7 1
p458 2 8 1
p459 5 3 0
p460 10 9 0
p461 0 9 0
p462 5 8 1
p463 0 2 1
p464 9 10 1
p465 3 10 1
p466 2 3 1
p467 2 1 1
p468 8 4 0
p469 6 9 1
p470 2 3 1
p471 4 1 1
p472 2 1 0
p473 4 6 1
p474 7 6 1
p475 10 9 0
p476 4 5 1
p477 10 4 1
p478 6 10 1
p479 0 2 1
p480 8 9 1
p481 4 1 0
p482 9 5 0
p483 1 6 1
p484 5 7 0
p485 9 9 0
p486 8 2 1
p487 4 5 0
p488 7 4 0
p489 9 8 1
p490 0 1 1
p491 2 1 0
p492 1 9 0
p493 5 1 0
p494 3 8 0
p495 9 3 0
p496 10 4 1
p497 3 4 1
p498 10 5 1
p499 9 2 0
p500 0 1 1