500
p1 0 7 1
p1 4 5 1
p2 8 9 1
p3 7 5 0
p4 7 10 1
p5 3 10 1
p6 9 7 1
p7 10 3 1
p8 10 1 0
p9 1 10 1
p10 8 5 1
p11 2 6 0
p12 4 2 0
p13 2 8 1
p14 3 10 0
p15 9 1 1
p16 8 6 0
p17 2 4 0
p18 6 5 0
p19 5 7 1
p20 1 1 1
p21 6 1 0
p22 3 1 0
p23 1 9 1
p24 3 5 1
p25 5 2 1
p26 4 4 0
p27 4 8 0
p28 5 4 0
p29 2 3 0
p30 2 5 1
p31 8 5 1
p32 0 8 1
p33 7 4 0
p34 10 9 0
p35 8 3 0
p36 2 6 1
p37 0 5 0
p38 9 4 0
p39 6 5 0
p40 5 7 1
p41 9 4 1
p42 3 6 0
p43 9 2 0
p44 10 10 0
p45 7 10 0
p46 6 6 1
p47 4 10 1
p48 5 2 0
p49 1 4 0
p50 10 7 0
p51 8 1 0
p52 1 10 1
p53 4 3 1
p54 4 1 0
p55 4 8 1
p56 2 9 0
p57 7 2 1
p58 7 9 0
p59 1 8 0
p60 2 3 0
p61 1 8 1
p62 8 1 0
p63 8 7 0
p64 7 5 1
p65 3 2 0
p66 6 3 1
p67 5 3 0
p68 0 1 0
p69 0 10 1
p70 10 3 1
p71 9 8 0
p72 7 2 1
p73 7 9 1
p74 4 1 0
p75 1 7 1
p76 10 10 1
p77 7 4 1
p78 6 10 0
p79 10 8 1
p80 0 4 1
p81 4 2 0
p82 1 8 1
p83 0 10 1
p84 1 4 1
p85 2 6 1
p86 3 10 1
p87 6 1 0
p88 6 2 1
p89 9 3 0
p90 2 3 1
p91 9 2 1
p92 0 10 0
p93 3 9 1
p94 0 6 0
p95 0 4 1
p96 4 10 0
p97 7 10 0
p98 1 2 1
p99 9 8 1
p100 0 5 1
p101 0 9 1
p102 0 10 0
p103 5 8 1
p104 0 1 0
p105 1 2 1
p106 6 7 0
p107 7 6 0
p108 3 2 1
p109 8 8 1
p110 2 8 1
p111 2 5 0
p112 7 6 1
p113 7 4 0
p114 3 4 0
p115 7 10 0
p116 7 5 0
p117 9 1 1
p118 6 8 1
p119 6 8 0
p120 2 3 1
p121 7 8 1
p122 9 2 0
p123 8 1 0
p124 5 8 1
p125 1 4 0
p126 2 1 0
p127 6 8 1
p128 5 8 0
p129 1 3 1
p130 3 1 1
p131 7 8 1
p132 5 4 0
p133 5 8 0
p134 1 9 0
p135 4 8 1
p136 4 9 1
p137 6 6 0
p138 5 10 1
p139 5 2 1
p140 10 1 1
p141 4 4 1
p142 6 6 0
p143 1 4 1
p144 6 1 1
p145 4 4 0
p146 0 2 0
p147 1 8 1
p148 4 5 1
p149 3 2 0
p150 6 4 0
p151 9 5 1
p152 8 2 0
p153 1 1 0
p154 10 8 0
p155 4 4 1
p156 6 2 0
p157 5 2 1
p158 7 10 1
p159 5 7 0
p160 10 8 1
p161 5 3 0
p162 4 10 1
p163 5 4 1
p164 7 3 0
p165 4 9 1
p166 10 8 1
p167 2 2 0
p168 10 3 1
p169 6 5 1
p170 2 7 1
p171 1 1 1
p172 3 1 0
p173 3 4 1
p174 0 2 1
p175 3 9 0
p176 4 9 1
p177 1 3 0
p178 6 9 0
p179 1 5 0
p180 8 1 0
p181 1 2 1
p182 8 4 1
p183 4 8 0
p184 3 6 0
p185 9 6 0
p186 10 3 0
p187 6 8 0
p188 3 2 1
p189 10 8 1
p190 4 3 1
p191 10 3 0
p192 8 4 1
p193 0 7 1
p194 4 2 0
p195 4 7 1
p196 1 9 1
p197 7 7 0
p198 0 6 0
p199 0 5 1
p200 0 8 1
p201 2 6 1
p202 6 7 0
p203 5 2 0
p204 9 5 0
p205 7 10 0
p206 2 7 0
p207 1 2 1
p208 0 9 0
p209 5 2 0
p210 8 3 1
p211 4 4 1
p212 3 9 1
p213 2 1 0
p214 6 9 0
p215 4 8 1
p216 6 5 1
p217 0 3 0
p218 2 9 1
p219 4 8 0
p220 3 7 0
p221 2 10 1
p222 10 1 1
p223 0 3 0
p224 5 5 0
p225 5 9 1
p226 6 1 1
p227 3 3 1
p228 9 1 0
p229 8 2 1
p230 10 10 1
p231 6 3 0
p232 7 5 1
p233 6 6 1
p234 10 8 1
p235 2 5 1
p236 10 9 1
p237 4 4 1
p238 7 4 1
p239 5 7 1
p240 2 4 0
p241 10 8 0
p242 7 5 0
p243 10 1 1
p244 7 10 1
p245 2 2 1
p246 8 4 1
p247 0 2 0
p248 7 7 0
p249 0 10 0
p250 2 6 0
p251 8 3 1
p252 3 1 1
p253 8 10 1
p254 1 6 0
p255 8 3 0
p256 10 9 1
p257 4 8 0
p258 1 3 0
p259 9 5 1
p260 10 6 0
p261 8 7 1
p262 3 8 1
p263 6 7 1
p264 9 1 0
p265 1 5 1
p266 6 5 1
p267 10 1 1
p268 7 3 1
p269 4 9 1
p270 4 3 0
p271 9 2 0
p272 6 1 1
p273 0 8 1
p274 4 2 1
p275 10 10 1
p276 8 9 0
p277 4 1 0
p278 10 5 0
p279 7 4 0
p280 6 5 0
p281 9 2 1
p282 0 2 0
p283 2 5 1
p284 1 10 0
p285 10 7 1
p286 1 7 1
p287 8 8 1
p288 2 3 0
p289 4 2 1
p290 1 1 1
p291 0 1 0
p292 1 4 1
p293 3 5 0
p294 3 4 1
p295 6 8 1
p296 5 7 1
p297 1 5 0
p298 6 4 0
p299 2 6 0
p300 4 1 0
p301 3 3 0
p302 8 5 1
p303 1 8 0
p304 1 1 1
p305 4 3 0
p306 7 7 0
p307 3 3 0
p308 9 10 0
p309 0 7 1
p310 4 3 1
p311 2 7 0
p312 5 2 0
p313 0 8 1
p314 8 10 1
p315 9 9 0
p316 2 3 0
p317 6 6 0
p318 0 7 1
p319 3 1 1
p320 0 1 0
p321 10 7 0
p322 3 8 1
p323 9 2 0
p324 10 4 1
p325 6 5 1
p326 3 4 1
p327 8 1 0
p328 8 7 1
p329 0 1 1
p330 8 4 0
p331 10 3 0
p332 0 5 1
p333 7 2 0
p334 10 8 1
p335 6 3 1
p336 1 1 0
p337 2 1 1
p338 10 3 1
p339 0 1 0
p340 5 1 1
p341 8 4 1
p342 7 4 0
p343 6 8 1
p344 7 4 0
p345 1 5 0
p346 10 8 0
p347 3 7 0
p348 8 6 1
p349 10 2 1
p350 4 1 1
p351 6 3 1
p352 8 3 0
p353 10 4 1
p354 0 4 0
p355 8 2 1
p356 3 9 0
p357 3 2 0
p358 1 1 1
p359 7 3 0
p360 8 1 1
p361 0 8 1
p362 4 9 1
p363 0 2 0
p364 10 4 0
p365 6 6 1
p366 2 9 1
p367 10 4 0
p368 8 1 0
p369 4 6 0
p370 9 6 0
p371 5 3 0
p372 10 4 0
p373 7 1 0
p374 2 1 1
p375 1 10 1
p376 5 4 1
p377 9 9 0
p378 10 2 0
p379 9 8 1
p380 9 9 0
p381 10 9 1
p382 7 8 0
p383 8 10 0
p384 0 9 0
p385 5 7 0
p386 8 1 1
p387 10 7 1
p388 5 8 0
p389 6 8 0
p390 4 6 0
p391 9 10 1
p392 0 5 0
p393 2 6 0
p394 2 9 0
p395 10 3 0
p396 2 7 0
p397 9 1 1
p398 7 6 0
p399 2 3 1
p400 10 1 0
p401 3 4 0
p402 7 6 0
p403 10 4 1
p404 3 6 1
p405 0 7 1
p406 2 7 1
p407 1 1 0
p408 7 5 1
p409 8 5 1
p410 0 3 1
p411 1 1 1
p412 10 1 0
p413 10 1 0
p414 0 1 1
p415 9 7 1
p416 1 9 0
p417 3 8 0
p418 5 8 0
p419 1 9 0
p420 6 1 0
p421 3 5 1
p422 9 8 1
p423 2 10 1
p424 7 2 1
p425 2 8 1
p426 9 4 1
p427 6 8 1
p428 4 9 0
p429 3 4 0
p430 9 7 0
p431 8 8 1
p432 5 10 0
p433 3 5 1
p434 3 3 0
p435 6 3 0
p436 1 9 1
p437 9 2 0
p438 8 8 1
p439 3 9 0
p440 8 4 0
p441 2 7 0
p442 3 2 1
p443 8 7 1
p444 4 6 0
p445 1 7 0
p446 8 10 0
p447 4 10 0
p448 4 9 1
p449 2 2 1
p450 10 10 0
p451 2 3 1
p452 2 6 0
p453 2 10 0
p454 6 1 1
p455 9 4 0
p456 9 8 1
p457 6 7 0
p458 5 6 0
p459 8 1 1
p460 9 1 1
p461 4 6 1
p462 1 3 0
p463 7 4 1
p464 0 2 1
p465 4 4 1
p466 9 2 0
p467 10 5 0
p468 5 8 1
p469 2 7 1
p470 1 1 0
p471 0 5 1
p472 0 5 0
p473 4 2 1
p474 9 2 0
p475 8 4 1
p476 0 3 0
p477 2 10 1
p478 7 4 0
p479 9 3 0
p480 5 5 0
p481 9 6 1
p482 1 4 1
p483 0 4 0
p484 0 6 0
p485 1 4 1
p486 3 10 1
p487 2 5 0
p488 3 1 0
p489 9 9 0
p490 7 9 0
p491 6 8 1
p492 9 7 0
p493 7 6 1
p494 5 8 1
p495 2 10 0
p496 4 1 1
p497 4 5 1
p498 2 9 0
p499 1 2 0
p500 5 10 0