500
p1 0 7 0
p1 6 2 1
p2 0 4 0
p3 5 10 1
p4 3 7 0
p5 3 10 1
p6 2 10 1
p7 9 2 1
p8 2 8 0
p9 5 10 1
p10 0 8 1
p11 9 4 0
p12 2 9 1
p13 6 7 1
p14 3 4 1
p15 0 3 0
p16 8 9 1
p17 10 4 0
p18 2 4 0
p19 7 1 1
p20 7 8 0
p21 1 9 1
p22 3 7 0
p23 9 7 0
p24 3 1 1
p25 4 7 1
p26 5 10 0
p27 1 6 1
p28 0 2 0
p29 3 2 0
p30 4 3 1
p31 4 10 1
p32 9 6 1
p33 7 7 0
p34 2 1 0
p35 8 6 0
p36 6 1 1
p37 8 10 0
p38 0 4 1
p39 6 9 0
p40 9 6 1
p41 9 6 0
p42 0 7 1
p43 8 2 1
p44 4 7 1
p45 2 3 0
p46 4 7 1
p47 3 5 0
p48 8 2 1
p49 2 2 0
p50 10 4 1
p51 7 7 0
p52 3 10 0
p53 5 9 1
p54 7 3 1
p55 10 4 0
p56 5 4 0
p57 8 10 1
p58 9 4 0
p59 5 9 1
p60 8 9 0
p61 2 6 1
p62 10 10 0
p63 10 7 0
p64 3 5 1
p65 2 5 0
p66 7 2 1
p67 7 5 0
p68 9 7 1
p69 4 3 0
p70 4 8 0
p71 7 1 0
p72 10 7 1
p73 0 3 1
p74 0 10 1
p75 0 5 0
p76 10 2 1
p77 1 8 1
p78 0 6 0
p79 9 9 0
p80 1 10 1
p81 4 1 0
p82 2 9 0
p83 8 3 0
p84 5 4 1
p85 0 6 0
p86 0 10 1
p87 10 4 0
p88 6 8 0
p89 7 5 0
p90 4 9 1
p91 7 5 1
p92 6 3 1
p93 2 2 0
p94 3 10 1
p95 0 1 1
p96 5 1 0
p97 10 1 1
p98 4 7 0
p99 2 7 1
p100 8 1 1
p101 6 1 1
p102 8 4 1
p103 2 10 0
p104 0 9 1
p105 0 2 1
p106 3 5 1
p107 8 8 0
p108 0 9 0
p109 5 4 1
p110 7 1 1
p111 6 4 1
p112 8 3 1
p113 2 5 0
p114 3 7 0
p115 3 10 0
p116 4 3 0
p117 4 6 1
p118 3 2 1
p119 3 3 0
p120 5 3 1
p121 7 10 0
p122 6 10 0
p123 10 7 0
p124 8 2 0
p125 6 4 0
p126 10 4 0
p127 5 3 1
p128 1 4 0
p129 0 3 1
p130 2 10 1
p131 5 6 1
p132 0 9 0
p133 10 8 1
p134 7 8 0
p135 6 3 0
p136 6 6 1
p137 9 10 1
p138 1 7 0
p139 0 1 0
p140 3 2 1
p141 2 6 0
p142 2 1 1
p143 0 8 0
p144 10 3 1
p145 9 1 0
p146 3 3 1
p147 4 5 0
p148 5 10 0
p149 7 2 1
p150 4 6 0
p151 10 6 0
p152 6 1 0
p153 2 7 1
p154 6 7 1
p155 5 4 0
p156 0 1 0
p157 10 5 1
p158 2 8 0
p159 2 3 1
p160 3 7 1
p161 3 8 0
p162 6 1 1
p163 2 10 1
p164 1 6 1
p165 6 2 1
p166 6 10 1
p167 1 6 0
p168 3 8 1
p169 7 6 0
p170 4 10 0
p171 7 10 1
p172 5 8 1
p173 1 2 0
p174 2 3 0
p175 8 1 1
p176 3 8 1
p177 3 9 0
p178 9 9 1
p179 4 7 0
p180 3 5 1
p181 9 10 0
p182 10 8 1
p183 1 10 0
p184 4 2 0
p185 4 3 1
p186 4 5 0
p187 3 2 0
p188 9 8 0
p189 4 3 0
p190 0 10 1
p191 6 5 0
p192 5 7 1
p193 1 8 1
p194 9 6 0
p195 4 8 0
p196 3 8 0
p197 3 10 1
p198 3 5 0
p199 4 10 0
p200 3 10 1
p201 3 4 1
p202 0 6 1
p203 10 9 1
p204 0 7 0
p205 6 4 0
p206 10 9 1
p207 4 9 0
p208 2 6 0
p209 2 10 0
p210 8 4 1
p211 8 7 0
p212 9 4 1
p213 3 9 0
p214 8 7 0
p215 6 3 1
p216 2 7 0
p217 0 9 0
p218 2 9 1
p219 5 5 0
p220 4 5 1
p221 10 5 1
p222 0 9 1
p223 5 10 1
p224 5 2 0
p225 3 10 0
p226 7 5 1
p227 4 2 1
p228 0 2 1
p229 5 5 1
p230 1 5 0
p231 2 3 0
p232 9 8 0
p233 10 10 1
p234 6 10 0
p235 5 4 0
p236 2 10 0
p237 2 4 1
p238 0 8 1
p239 9 8 1
p240 3 2 1
p241 3 7 0
p242 6 8 1
p243 5 2 0
p244 5 8 1
p245 1 1 0
p246 8 5 0
p247 6 8 1
p248 5 1 1
p249 4 3 0
p250 9 6 1
p251 2 2 1
p252 3 2 1
p253 1 4 0
p254 10 2 1
p255 2 9 0
p256 1 1 0
p257 2 6 0
p258 5 4 0
p259 2 1 0
p260 9 7 1
p261 10 8 0
p262 1 10 1
p263 8 10 1
p264 8 7 0
p265 7 2 0
p266 9 8 1
p267 1 8 0
p268 10 6 1
p269 3 10 1
p270 7 9 1
p271 4 4 0
p272 9 9 1
p273 2 7 1
p274 0 10 1
p275 4 4 0
p276 10 4 0
p277 10 4 1
p278 2 1 0
p279 0 7 0
p280 8 6 0
p281 0 2 1
p282 2 8 0
p283 8 4 0
p284 1 7 1
p285 9 9 0
p286 6 9 1
p287 7 6 1
p288 10 7 1
p289 8 7 1
p290 7 8 0
p291 10 4 1
p292 10 4 1
p293 3 10 0
p294 8 1 1
p295 9 3 1
p296 2 2 1
p297 3 2 0
p298 5 4 0
p299 2 3 0
p300 10 1 1
p301 3 8 0
p302 3 6 1
p303 10 6 1
p304 2 6 1
p305 0 4 0
p306 7 7 1
p307 0 7 0
p308 0 10 0
p309 7 8 0
p310 1 5 0
p311 8 1 1
p312 8 5 0
p313 3 7 1
p314 0 10 1
p315 9 2 0
p316 7 3 0
p317 6 3 0
p318 6 3 1
p319 10 5 0
p320 10 1 1
p321 8 4 1
p322 6 3 1
p323 10 4 0
p324 3 7 1
p325 4 4 1
p326 7 7 1
p327 6 9 0
p328 0 4 0
p329 3 4 1
p330 10 3 1
p331 2 4 1
p332 8 10 1
p333 5 9 0
p334 4 8 1
p335 7 3 0
p336 2 9 1
p337 7 4 1
p338 8 5 0
p339 7 1 0
p340 8 2 0
p341 3 2 1
p342 8 4 0
p343 7 1 1
p344 5 2 0
p345 1 8 0
p346 0 2 1
p347 10 7 0
p348 2 6 0
p349 3 5 0
p350 3 8 0
p351 8 6 1
p352 8 5 0
p353 4 5 0
p354 7 4 1
p355 8 10 1
p356 0 5 0
p357 0 8 0
p358 3 7 1
p359 7 9 1
p360 3 4 0
p361 9 8 1
p362 9 4 1
p363 7 1 0
p364 6 1 1
p365 3 9 1
p366 2 2 1
p367 2 5 0
p368 1 5 1
p369 3 6 1
p370 4 10 0
p371 1 8 1
p372 8 4 1
p373 9 10 1
p374 1 6 0
p375 7 6 0
p376 0 9 1
p377 7 4 0
p378 8 7 0
p379 2 7 1
p380 2 5 1
p381 0 3 0
p382 6 2 1
p383 3 1 0
p384 4 6 0
p385 4 1 1
p386 4 6 0
p387 8 7 1
p388 7 4 0
p389 6 4 0
p390 0 5 0
p391 7 2 0
p392 7 3 0
p393 9 3 0
p394 3 3 0
p395 10 2 0
p396 9 2 1
p397 1 4 1
p398 8 1 0
p399 10 1 1
p400 10 10 1
p401 9 8 1
p402 8 4 1
p403 7 4 0
p404 9 5 0
p405 9 5 1
p406 10 9 1
p407 2 9 0
p408 0 9 0
p409 3 6 0
p410 9 6 1
p411 9 9 0
p412 4 4 0
p413 9 5 1
p414 6 4 1
p415 6 4 0
p416 7 9 0
p417 6 2 1
p418 1 3 1
p419 8 6 0
p420 6 10 0
p421 9 4 0
p422 4 9 1
p423 8 10 1
p424 8 10 0
p425 7 1 1
p426 3 5 0
p427 1 4 1
p428 5 9 1
p429 8 6 0
p430 10 10 0
p431 9 6 1
p432 0 10 0
p433 0 6 1
p434 7 9 0
p435 6 8 0
p436 6 5 0
p437 5 1 1
p438 3 7 1
p439 2 1 1
p440 3 9 0
p441 6 9 1
p442 7 9 0
p443 0 4 1
p444 4 10 0
p445 1 2 1
p446 1 2 0
p447 7 2 0
p448 1 4 0
p449 6 9 0
p450 6 4 0
p451 9 10 0
p452 8 1 0
p453 9 8 1
p454 7 10 0
p455 8 6 0
p456 10 1 1
p457 2 7 1
p458 4 6 0
p459 3 10 0
p460 3 6 1
p461 3 10 0
p462 3 1 0
p463 10 1 1
p464 0 3 0
p465 4 6 0
p466 6 3 0
p467 10 6 0
p468 9 7 1
p469 3 5 1
p470 9 9 0
p471 2 1 1
p472 5 2 1
p473 10 6 0
p474 8 1 0
p475 8 6 1
p476 4 6 0
p477 4 9 1
p478 3 1 0
p479 0 3 0
p480 2 5 0
p481 3 10 0
p482 1 10 0
p483 0 7 1
p484 1 9 1
p485 9 3 0
p486 9 8 1
p487 10 7 1
p488 10 4 1
p489 7 7 1
p490 7 7 1
p491 6 9 1
p492 8 4 0
p493 0 5 0
p494 4 9 0
p495 9 2 1
p496 8 2 0
p497 9 8 0
p498 9 9 1
p499 4 3 0
p500 6 2 0