500
p1 0 1 1
p1 9 10 1
p2 2 10 1
p3 7 9 0
p4 1 5 0
p5 4 4 0
p6 5 2 0
p7 5 8 0
p8 2 8 1
p9 5 4 1
p10 7 8 1
p11 2 1 0
p12 3 2 0
p13 4 6 0
p14 7 9 0
p15 6 5 0
p16 0 4 1
p17 6 10 1
p18 6 5 0
p19 10 3 1
p20 9 5 0
p21 2 6 1
p22 4 8 0
p23 3 5 1
p24 5 10 0
p25 1 1 0
p26 1 3 0
p27 7 3 1
p28 7 7 1
p29 8 6 0
p30 9 8 0
p31 10 10 0
p32 10 9 1
p33 8 5 0
p34 9 10 1
p35 6 7 0
p36 1 10 0
p37 9 2 0
p38 0 4 0
p39 0 3 1
p40 9 10 0
p41 3 7 0
p42 5 3 0
p43 7 1 0
p44 10 6 1
p45 8 10 1
p46 8 8 0
p47 8 4 0
p48 3 7 1
p49 6 4 1
p50 9 7 0
p51 5 3 0
p52 10 6 0
p53 1 7 0
p54 7 8 0
p55 7 3 1
p56 4 3 0
p57 6 10 1
p58 10 8 1
p59 0 5 1
p60 6 6 1
p61 4 10 1
p62 2 8 1
p63 8 8 1
p64 8 9 1
p65 9 9 1
p66 8 4 1
p67 6 6 0
p68 10 8 0
p69 1 1 0
p70 7 10 1
p71 6 7 1
p72 3 4 0
p73 0 8 0
p74 4 9 0
p75 2 9 0
p76 4 1 1
p77 4 2 1
p78 0 7 0
p79 6 1 1
p80 6 8 0
p81 8 6 0
p82 3 10 1
p83 3 3 1
p84 6 6 1
p85 6 3 1
p86 3 2 1
p87 7 2 1
p88 5 4 1
p89 3 7 1
p90 2 3 0
p91 10 1 1
p92 5 8 1
p93 3 4 1
p94 7 5 0
p95 6 1 1
p96 7 8 0
p97 0 7 1
p98 8 9 0
p99 7 8 0
p100 0 1 1
p101 1 1 1
p102 5 6 1
p103 3 7 0
p104 8 9 0
p105 10 6 0
p106 2 1 0
p107 6 5 0
p108 6 10 1
p109 1 2 0
p110 9 3 0
p111 3 10 0
p112 2 8 0
p113 6 4 0
p114 6 5 1
p115 8 8 0
p116 9 9 0
p117 0 5 0
p118 6 3 1
p119 0 3 0
p120 7 3 0
p121 6 1 1
p122 6 2 1
p123 3 10 0
p124 0 8 0
p125 10 8 1
p126 8 3 1
p127 1 2 0
p128 9 2 0
p129 5 10 0
p130 9 9 0
p131 6 6 0
p132 6 7 1
p133 3 5 0
p134 0 9 1
p135 5 6 1
p136 5 5 1
p137 10 7 1
p138 8 6 0
p139 1 10 1
p140 3 2 1
p141 9 5 0
p142 3 8 1
p143 7 7 1
p144 1 1 1
p145 2 10 0
p146 10 5 0
p147 6 4 1
p148 6 2 0
p149 10 7 1
p150 10 5 0
p151 8 8 1
p152 3 10 0
p153 7 7 0
p154 4 8 0
p155 1 1 0
p156 10 5 0
p157 2 3 1
p158 10 7 1
p159 10 10 1
p160 5 10 1
p161 5 5 1
p162 0 5 0
p163 8 6 0
p164 10 2 1
p165 4 1 0
p166 3 10 0
p167 3 8 0
p168 3 8 1
p169 6 9 0
p170 7 10 1
p171 5 6 1
p172 8 9 0
p173 10 8 1
p174 5 2 1
p175 2 10 1
p176 2 2 1
p177 2 2 0
p178 10 6 1
p179 9 5 1
p180 8 7 1
p181 4 7 0
p182 3 1 1
p183 9 2 0
p184 3 4 1
p185 10 10 0
p186 9 10 1
p187 9 1 1
p188 1 4 0
p189 5 8 1
p190 8 2 1
p191 8 7 1
p192 6 5 0
p193 1 6 1
p194 5 2 0
p195 0 7 0
p196 3 3 1
p197 4 9 1
p198 5 2 0
p199 9 5 1
p200 10 4 0
p201 4 1 0
p202 4 3 1
p203 9 8 0
p204 5 6 1
p205 0 7 1
p206 4 2 1
p207 2 1 1
p208 2 1 1
p209 8 4 1
p210 0 7 0
p211 4 10 1
p212 4 5 1
p213 2 5 1
p214 6 1 0
p215 4 7 0
p216 10 5 1
p217 9 4 0
p218 1 7 0
p219 6 7 1
p220 5 10 0
p221 10 9 1
p222 4 9 1
p223 2 6 0
p224 4 7 0
p225 4 5 0
p226 4 4 0
p227 0 9 1
p228 1 9 0
p229 6 6 0
p230 4 4 1
p231 4 9 1
p232 1 3 0
p233 6 7 1
p234 7 7 0
p235 8 2 0
p236 9 6 0
p237 3 2 0
p238 1 2 0
p239 4 7 1
p240 9 1 0
p241 1 1 1
p242 7 8 1
p243 8 7 1
p244 4 6 0
p245 0 3 1
p246 9 8 0
p247 0 5 0
p248 1 2 1
p249 2 2 1
p250 5 5 1
p251 6 2 1
p252 3 9 1
p253 0 6 1
p254 5 3 1
p255 2 5 1
p256 8 8 1
p257 2 5 1
p258 7 8 0
p259 7 1 0
p260 3 3 0
p261 2 8 1
p262 1 7 0
p263 9 2 1
p264 8 1 1
p265 6 9 0
p266 0 1 1
p267 5 5 0
p268 6 1 1
p269 2 2 0
p270 9 7 0
p271 2 4 1
p272 4 4 0
p273 1 7 1
p274 10 7 1
p275 10 3 0
p276 3 8 0
p277 9 2 0
p278 1 9 0
p279 6 1 1
p280 1 3 0
p281 2 7 1
p282 3 9 0
p283 9 2 0
p284 5 9 0
p285 8 10 0
p286 7 10 1
p287 10 10 0
p288 8 4 1
p289 4 10 1
p290 10 1 0
p291 0 1 0
p292 10 7 0
p293 10 8 0
p294 7 5 0
p295 5 10 1
p296 5 8 1
p297 1 7 0
p298 0 5 0
p299 5 8 1
p300 5 6 1
p301 10 6 0
p302 7 1 0
p303 3 8 1
p304 8 1 0
p305 1 8 1
p306 9 4 0
p307 6 8 0
p308 10 2 1
p309 8 1 0
p310 9 1 1
p311 10 4 0
p312 1 7 0
p313 9 8 1
p314 7 2 1
p315 10 6 0
p316 5 7 0
p317 8 10 1
p318 9 1 0
p319 2 4 0
p320 3 2 0
p321 0 5 1
p322 0 5 1
p323 2 10 1
p324 5 9 0
p325 1 8 1
p326 10 4 1
p327 10 1 0
p328 6 2 0
p329 7 2 1
p330 5 2 0
p331 8 9 1
p332 8 8 1
p333 3 9 0
p334 8 3 1
p335 10 8 0
p336 6 3 0
p337 5 3 0
p338 4 5 1
p339 7 4 0
p340 4 6 1
p341 9 5 1
p342 10 4 0
p343 8 8 0
p344 2 7 0
p345 5 4 1
p346 5 2 1
p347 8 3 1
p348 7 3 0
p349 9 8 1
p350 7 8 0
p351 4 4 1
p352 7 8 0
p353 3 10 1
p354 7 5 1
p355 9 9 0
p356 10 2 1
p357 8 8 1
p358 3 9 0
p359 1 4 1
p360 7 8 0
p361 9 2 1
p362 6 4 0
p363 0 5 0
p364 1 1 0
p365 8 8 1
p366 5 3 0
p367 0 1 1
p368 5 6 1
p369 3 2 1
p370 1 4 0
p371 1 9 1
p372 0 1 0
p373 5 5 1
p374 4 6 1
p375 1 4 0
p376 7 10 0
p377 8 9 0
p378 8 4 0
p379 7 6 1
p380 0 8 0
p381 4 3 1
p382 1 8 1
p383 9 2 0
p384 8 3 1
p385 4 9 1
p386 6 8 0
p387 2 9 1
p388 0 4 0
p389 1 10 1
p390 6 9 0
p391 3 10 1
p392 5 2 0
p393 0 5 1
p394 7 1 0
p395 7 2 0
p396 5 4 0
p397 4 2 0
p398 5 8 1
p399 0 9 0
p400 2 4 0
p401 9 2 1
p402 2 1 1
p403 10 6 1
p404 2 8 0
p405 8 6 1
p406 3 5 0
p407 6 3 1
p408 8 1 1
p409 1 10 1
p410 8 8 0
p411 9 6 0
p412 4 4 0
p413 5 4 1
p414 10 7 1
p415 0 5 0
p416 10 1 1
p417 6 9 1
p418 8 9 1
p419 5 9 0
p420 7 6 1
p421 1 1 1
p422 7 9 0
p423 8 7 1
p424 6 10 1
p425 7 9 1
p426 5 5 1
p427 6 6 1
p428 10 3 0
p429 5 4 0
p430 10 9 1
p431 3 4 1
p432 5 1 0
p433 8 10 0
p434 5 1 1
p435 0 7 1
p436 1 10 1
p437 9 1 1
p438 8 6 1
p439 3 4 0
p440 6 6 0
p441 3 10 1
p442 1 3 1
p443 4 10 1
p444 8 6 1
p445 10 6 0
p446 6 7 1
p447 0 1 1
p448 2 3 0
p449 10 5 1
p450 3 8 1
p451 5 4 0
p452 7 5 1
p453 0 5 0
p454 9 4 0
p455 7 7 1
p456 0 8 1
p457 4 5 1
p458 0 3 0
p459 10 4 0
p460 6 2 1
p461 8 6 0
p462 8 9 1
p463 8 2 1
p464 5 8 0
p465 3 4 0
p466 1 9 0
p467 0 6 0
p468 0 2 1
p469 4 4 0
p470 8 8 1
p471 4 1 0
p472 8 1 1
p473 5 1 0
p474 4 8 0
p475 7 5 1
p476 6 7 1
p477 4 6 0
p478 10 7 1
p479 5 7 1
p480 8 4 0
p481 8 1 1
p482 1 2 1
p483 4 8 1
p484 2 9 1
p485 9 10 1
p486 6 2 0
p487 5 2 1
p488 7 5 1
p489 5 4 0
p490 6 4 1
p491 5 10 1
p492 0 2 0
p493 8 3 1
p494 3 4 1
p495 9 6 1
p496 7 10 0
p497 8 8 0
p498 1 5 0
p499 7 5 1
p500 6 10 1