500
p1 0 8 1
p1 6 2 0
p2 3 6 1
p3 3 1 1
p4 6 4 1
p5 8 1 0
p6 0 1 0
p7 10 6 1
p8 0 10 1
p9 10 4 1
p10 0 6 0
p11 1 9 1
p12 3 4 0
p13 6 10 0
p14 8 1 0
p15 2 7 0
p16 6 5 0
p17 10 2 1
p18 7 8 0
p19 0 1 1
p20 1 6 1
p21 7 3 1
p22 9 1 0
p23 9 9 1
p24 3 5 1
p25 4 9 0
p26 6 7 0
p27 3 6 1
p28 9 5 0
p29 0 8 1
p30 2 9 0
p31 7 5 0
p32 8 10 1
p33 7 7 1
p34 8 1 1
p35 4 3 0
p36 4 3 0
p37 5 7 1
p38 8 5 0
p39 0 1 1
p40 1 8 1
p41 0 1 1
p42 6 8 0
p43 2 8 1
p44 1 8 1
p45 5 7 0
p46 9 6 0
p47 8 9 1
p48 5 5 1
p49 0 5 1
p50 5 5 0
p51 10 5 0
p52 0 3 0
p53 4 7 1
p54 0 9 0
p55 9 1 0
p56 10 1 1
p57 0 10 1
p58 1 2 1
p59 2 2 0
p60 10 9 0
p61 4 9 0
p62 3 1 0
p63 4 4 0
p64 3 5 1
p65 5 6 1
p66 1 9 0
p67 6 1 1
p68 3 5 0
p69 7 1 1
p70 0 5 1
p71 1 2 1
p72 1 8 0
p73 5 3 1
p74 1 8 1
p75 3 8 1
p76 1 10 1
p77 5 1 1
p78 0 10 0
p79 0 5 0
p80 3 5 0
p81 5 10 0
p82 10 4 1
p83 1 7 1
p84 2 1 1
p85 3 9 0
p86 8 9 1
p87 5 7 1
p88 7 8 1
p89 1 1 1
p90 1 1 1
p91 6 6 0
p92 6 7 0
p93 4 1 0
p94 7 9 0
p95 4 2 1
p96 10 6 1
p97 2 5 0
p98 10 6 1
p99 3 9 0
p100 8 10 0
p101 6 6 0
p102 6 1 0
p103 0 2 0
p104 2 2 0
p105 1 9 1
p106 2 2 0
p107 2 8 1
p108 7 1 0
p109 2 2 1
p110 1 3 0
p111 5 2 1
p112 5 10 0
p113 1 1 1
p114 3 1 0
p115 4 2 0
p116 3 3 1
p117 8 2 0
p118 1 9 0
p119 9 2 1
p120 1 8 0
p121 0 5 1
p122 9 6 0
p123 1 1 1
p124 4 9 1
p125 1 1 0
p126 7 6 1
p127 10 10 0
p128 10 1 1
p129 5 5 0
p130 8 9 1
p131 5 4 0
p132 4 5 1
p133 8 7 0
p134 10 9 0
p135 8 6 0
p136 4 6 1
p137 9 10 1
p138 5 1 1
p139 5 8 1
p140 1 2 0
p141 5 7 1
p142 8 5 1
p143 4 7 0
p144 6 5 0
p145 1 8 1
p146 6 7 0
p147 9 6 0
p148 10 7 0
p149 6 1 1
p150 3 1 0
p151 4 10 0
p152 7 10 0
p153 7 3 1
p154 7 2 1
p155 9 7 0
p156 4 6 0
p157 9 10 1
p158 1 8 1
p159 10 1 1
p160 6 3 1
p161 9 6 1
p162 1 4 0
p163 8 9 0
p164 4 1 1
p165 0 8 1
p166 2 7 0
p167 10 3 1
p168 4 8 0
p169 9 4 0
p170 8 8 1
p171 0 1 0
p172 10 1 1
p173 6 5 1
p174 8 8 1
p175 2 6 1
p176 9 8 1
p177 0 8 1
p178 7 4 1
p179 2 4 0
p180 6 7 1
p181 6 3 0
p182 7 5 0
p183 5 2 0
p184 7 8 1
p185 0 6 0
p186 3 10 1
p187 7 9 0
p188 3 2 0
p189 7 6 1
p190 1 2 1
p191 7 1 1
p192 4 4 1
p193 2 10 1
p194 9 9 0
p195 5 2 1
p196 3 8 0
p197 1 2 1
p198 10 9 0
p199 2 7 1
p200 5 1 0
p201 3 8 0
p202 7 8 1
p203 7 5 0
p204 6 1 1
p205 9 7 0
p206 0 8 0
p207 6 9 1
p208 6 3 1
p209 3 5 1
p210 3 8 1
p211 6 8 0
p212 9 10 1
p213 6 7 0
p214 2 3 0
p215 5 5 0
p216 2 10 1
p217 8 8 0
p218 4 1 0
p219 6 9 1
p220 10 10 0
p221 0 3 0
p222 10 5 1
p223 6 5 1
p224 1 5 1
p225 6 4 1
p226 1 7 0
p227 10 9 0
p228 3 7 0
p229 10 7 0
p230 8 7 1
p231 2 9 0
p232 7 1 0
p233 4 10 0
p234 4 2 0
p235 9 9 1
p236 8 9 0
p237 9 7 0
p238 6 4 0
p239 5 2 0
p240 9 9 1
p241 6 5 1
p242 6 2 1
p243 5 9 0
p244 6 6 1
p245 4 1 0
p246 2 8 0
p247 0 8 0
p248 6 8 0
p249 5 3 1
p250 7 10 0
p251 6 8 0
p252 9 5 1
p253 2 10 1
p254 3 1 1
p255 10 5 1
p256 9 1 0
p257 8 10 0
p258 9 10 1
p259 0 8 1
p260 2 10 0
p261 2 4 0
p262 10 10 0
p263 2 10 1
p264 2 2 1
p265 4 7 0
p266 5 9 0
p267 2 3 1
p268 3 7 0
p269 10 6 1
p270 9 10 1
p271 3 2 0
p272 1 4 1
p273 8 1 0
p274 5 10 1
p275 9 10 0
p276 3 9 0
p277 9 7 0
p278 6 2 0
p279 10 3 1
p280 2 4 0
p281 1 3 1
p282 3 2 0
p283 2 1 1
p284 0 5 0
p285 9 2 0
p286 6 2 0
p287 0 1 0
p288 8 4 0
p289 5 8 0
p290 3 9 1
p291 2 9 1
p292 2 3 0
p293 2 10 0
p294 3 10 0
p295 5 8 0
p296 0 9 1
p297 8 3 1
p298 2 2 1
p299 0 4 0
p300 10 4 0
p301 7 4 0
p302 5 3 0
p303 3 5 1
p304 0 4 1
p305 6 10 0
p306 10 1 0
p307 4 9 0
p308 7 2 0
p309 2 8 1
p310 9 7 0
p311 6 8 1
p312 7 6 0
p313 0 4 0
p314 0 9 0
p315 2 1 1
p316 6 10 1
p317 4 7 0
p318 6 5 1
p319 7 8 0
p320 5 5 1
p321 7 2 0
p322 10 9 1
p323 7 10 0
p324 4 4 1
p325 3 4 1
p326 3 5 0
p327 9 7 0
p328 2 6 0
p329 5 10 1
p330 9 6 1
p331 1 7 0
p332 8 7 0
p333 4 9 1
p334 0 9 1
p335 8 4 0
p336 9 1 0
p337 0 6 1
p338 0 7 0
p339 1 5 1
p340 7 10 1
p341 3 9 1
p342 6 9 1
p343 1 7 1
p344 10 6 1
p345 8 8 0
p346 9 3 1
p347 4 1 0
p348 0 1 1
p349 10 5 1
p350 9 7 0
p351 3 7 1
p352 7 9 1
p353 0 3 1
p354 7 7 1
p355 1 10 0
p356 5 1 1
p357 1 1 1
p358 7 3 1
p359 0 6 1
p360 7 8 0
p361 5 5 0
p362 4 5 0
p363 3 4 0
p364 1 8 1
p365 1 9 0
p366 9 9 1
p367 9 10 1
p368 1 10 1
p369 7 4 0
p370 7 8 1
p371 3 3 1
p372 1 8 1
p373 3 5 0
p374 3 9 1
p375 6 8 0
p376 2 1 0
p377 4 2 0
p378 8 9 1
p379 1 8 0
p380 2 8 0
p381 9 2 0
p382 5 2 1
p383 4 2 1
p384 6 4 1
p385 7 8 0
p386 6 10 1
p387 10 3 0
p388 6 1 0
p389 2 4 1
p390 7 8 0
p391 7 2 1
p392 5 9 0
p393 8 7 1
p394 5 8 1
p395 8 1 0
p396 7 7 1
p397 0 2 1
p398 3 9 1
p399 7 9 0
p400 9 2 0
p401 1 8 1
p402 10 1 1
p403 0 5 1
p404 9 8 1
p405 5 7 1
p406 5 1 1
p407 7 1 1
p408 6 8 1
p409 8 3 0
p410 2 3 1
p411 9 6 0
p412 8 5 0
p413 2 10 0
p414 6 6 0
p415 3 6 0
p416 0 9 0
p417 4 4 1
p418 2 3 0
p419 7 8 0
p420 4 3 0
p421 5 4 0
p422 9 6 0
p423 5 5 1
p424 5 1 0
p425 0 3 1
p426 7 9 0
p427 4 9 1
p428 8 6 1
p429 3 9 0
p430 3 7 0
p431 8 5 1
p432 7 9 0
p433 8 9 0
p434 2 4 1
p435 6 7 1
p436 2 1 1
p437 10 1 0
p438 0 2 1
p439 1 3 1
p440 9 8 0
p441 6 7 0
p442 8 3 0
p443 5 6 0
p444 2 1 0
p445 9 2 0
p446 5 4 0
p447 2 9 0
p448 1 8 1
p449 2 5 1
p450 3 3 0
p451 7 9 1
p452 5 10 1
p453 6 2 0
p454 2 9 0
p455 10 2 1
p456 8 5 1
p457 9 7 1
p458 10 5 0
p459 4 10 1
p460 5 9 1
p461 3 2 1
p462 6 3 0
p463 8 10 0
p464 7 2 0
p465 4 3 1
p466 3 3 1
p467 7 10 1
p468 1 5 1
p469 7 1 1
p470 3 5 1
p471 9 10 1
p472 7 7 1
p473 8 10 1
p474 3 3 0
p475 4 10 0
p476 9 1 1
p477 3 3 0
p478 8 4 0
p479 3 10 0
p480 0 10 1
p481 9 4 0
p482 7 4 0
p483 6 7 1
p484 2 8 1
p485 3 3 1
p486 3 10 1
p487 5 10 0
p488 9 3 1
p489 1 2 0
p490 10 10 0
p491 5 6 1
p492 10 4 0
p493 7 6 1
p494 6 3 0
p495 10 6 1
p496 3 10 0
p497 10 6 1
p498 9 5 1
p499 5 9 1
p500 3 2 0