500
p1 0 1 0
p1 5 3 1
p2 5 9 1
p3 2 10 1
p4 6 10 1
p5 6 3 0
p6 2 7 0
p7 1 7 0
p8 2 3 0
p9 7 3 0
p10 8 1 0
p11 10 9 0
p12 8 10 1
p13 10 8 0
p14 1 9 0
p15 9 4 0
p16 8 1 0
p17 7 6 1
p18 2 8 1
p19 2 4 1
p20 10 6 1
p21 4 1 1
p22 2 7 0
p23 2 7 1
p24 7 5 1
p25 2 1 0
p26 1 1 0
p27 5 7 1
p28 9 2 1
p29 9 9 0
p30 2 2 1
p31 0 6 0
p32 2 10 0
p33 2 7 0
p34 0 4 1
p35 2 4 1
p36 10 10 1
p37 4 4 1
p38 7 10 1
p39 10 7 1
p40 5 7 1
p41 3 5 0
p42 9 7 1
p43 0 5 1
p44 8 8 0
p45 9 1 1
p46 0 3 0
p47 0 1 0
p48 3 2 1
p49 3 7 1
p50 9 5 1
p51 8 7 0
p52 5 1 0
p53 0 8 0
p54 4 9 1
p55 4 5 0
p56 4 6 0
p57 10 2 0
p58 7 9 1
p59 4 4 1
p60 6 4 0
p61 7 1 0
p62 2 4 1
p63 7 2 0
p64 9 1 0
p65 10 6 0
p66 2 3 1
p67 4 1 0
p68 9 2 0
p69 1 9 1
p70 0 8 0
p71 0 9 0
p72 4 4 1
p73 5 3 0
p74 8 10 0
p75 6 5 0
p76 6 7 0
p77 8 2 0
p78 10 6 0
p79 2 2 0
p80 0 8 1
p81 7 9 0
p82 0 5 1
p83 4 6 0
p84 8 1 1
p85 3 8 1
p86 4 1 0
p87 4 9 1
p88 8 1 0
p89 5 8 0
p90 8 2 1
p91 2 6 1
p92 4 7 0
p93 5 4 1
p94 9 9 0
p95 5 4 1
p96 0 4 0
p97 0 4 0
p98 7 4 1
p99 5 5 0
p100 7 7 1
p101 1 1 0
p102 9 7 1
p103 3 7 0
p104 8 2 0
p105 0 7 1
p106 1 4 0
p107 7 10 1
p108 2 10 1
p109 6 8 1
p110 7 4 1
p111 5 1 0
p112 5 5 0
p113 6 6 0
p114 5 6 0
p115 4 8 0
p116 9 9 1
p117 10 3 1
p118 0 7 0
p119 8 6 1
p120 7 7 0
p121 1 1 0
p122 8 3 0
p123 8 5 1
p124 3 8 0
p125 0 4 1
p126 8 3 0
p127 0 4 0
p128 2 1 0
p129 6 5 1
p130 6 4 1
p131 7 5 1
p132 10 9 1
p133 10 6 1
p134 2 10 1
p135 1 3 0
p136 9 5 0
p137 1 7 1
p138 4 9 0
p139 0 6 0
p140 2 9 0
p141 6 9 0
p142 4 2 0
p143 0 6 0
p144 10 8 1
p145 8 2 1
p146 5 7 0
p147 10 3 0
p148 1 10 0
p149 8 8 1
p150 4 2 0
p151 8 10 0
p152 6 2 1
p153 0 10 1
p154 4 4 0
p155 0 6 1
p156 10 7 1
p157 6 5 1
p158 1 7 1
p159 9 3 0
p160 7 2 1
p161 7 2 0
p162 3 5 0
p163 2 10 1
p164 4 1 0
p165 8 9 0
p166 4 6 0
p167 1 2 0
p168 2 7 1
p169 4 5 1
p170 3 1 0
p171 6 4 0
p172 3 6 0
p173 4 5 1
p174 9 1 1
p175 10 1 1
p176 8 6 0
p177 9 4 1
p178 3 8 0
p179 3 7 0
p180 4 10 0
p181 7 9 0
p182 2 6 1
p183 2 1 1
p184 0 7 1
p185 7 8 1
p186 3 1 0
p187 6 2 1
p188 3 8 1
p189 4 6 1
p190 9 10 1
p191 9 1 1
p192 2 3 0
p193 4 2 0
p194 2 5 0
p195 0 8 0
p196 4 5 0
p197 5 5 0
p198 5 1 1
p199 5 6 0
p200 7 8 0
p201 4 7 0
p202 0 5 0
p203 9 9 1
p204 2 3 0
p205 9 9 1
p206 6 7 1
p207 8 4 0
p208 7 4 0
p209 0 5 1
p210 6 3 1
p211 2 3 1
p212 5 1 1
p213 4 4 1
p214 7 8 0
p215 7 7 0
p216 3 6 0
p217 5 6 1
p218 0 7 0
p219 0 2 0
p220 8 5 1
p221 10 4 1
p222 3 9 1
p223 9 6 0
p224 1 7 0
p225 4 8 0
p226 6 4 0
p227 9 4 1
p228 9 1 1
p229 5 9 0
p230 4 10 0
p231 1 4 1
p232 6 9 1
p233 10 9 1
p234 0 5 1
p235 8 7 1
p236 8 9 0
p237 7 8 1
p238 4 4 0
p239 1 6 0
p240 10 5 1
p241 6 7 0
p242 9 4 0
p243 2 9 0
p244 10 4 1
p245 7 1 1
p246 8 4 0
p247 7 2 1
p248 6 8 0
p249 7 2 1
p250 10 5 0
p251 1 2 0
p252 10 8 0
p253 5 10 0
p254 7 7 1
p255 1 8 1
p256 2 7 0
p257 6 3 1
p258 7 7 1
p259 5 4 0
p260 2 10 0
p261 3 6 1
p262 7 5 1
p263 8 9 0
p264 7 6 1
p265 2 10 0
p266 1 4 0
p267 0 1 1
p268 5 4 1
p269 0 6 0
p270 4 4 1
p271 4 10 1
p272 10 5 1
p273 6 1 1
p274 5 6 1
p275 5 5 0
p276 0 2 1
p277 1 7 0
p278 1 5 1
p279 3 7 0
p280 5 3 0
p281 8 7 1
p282 8 3 1
p283 7 10 0
p284 6 4 1
p285 2 6 1
p286 7 3 0
p287 7 2 0
p288 1 8 1
p289 3 9 1
p290 10 6 1
p291 10 3 1
p292 2 5 0
p293 8 4 1
p294 0 5 0
p295 4 8 0
p296 4 6 0
p297 1 6 1
p298 4 3 0
p299 5 10 0
p300 6 7 1
p301 7 2 0
p302 2 4 0
p303 2 10 0
p304 9 2 0
p305 8 5 1
p306 5 6 1
p307 8 5 0
p308 9 10 0
p309 5 7 1
p310 10 2 1
p311 5 3 0
p312 10 3 0
p313 7 9 1
p314 4 10 1
p315 6 10 1
p316 2 4 0
p317 0 8 0
p318 9 1 0
p319 3 10 0
p320 8 7 1
p321 3 8 1
p322 3 4 1
p323 3 1 1
p324 9 6 1
p325 9 9 0
p326 7 4 0
p327 7 3 1
p328 8 5 0
p329 5 3 1
p330 3 4 0
p331 7 9 1
p332 10 9 0
p333 5 4 1
p334 3 9 0
p335 2 5 1
p336 8 9 0
p337 5 5 0
p338 8 7 0
p339 5 8 0
p340 10 2 0
p341 10 6 0
p342 5 2 0
p343 9 1 0
p344 2 5 0
p345 3 1 1
p346 2 3 1
p347 0 1 1
p348 10 8 1
p349 8 2 0
p350 2 5 0
p351 2 6 1
p352 0 2 0
p353 7 8 0
p354 6 6 1
p355 2 2 1
p356 7 3 1
p357 3 6 1
p358 8 5 0
p359 8 3 1
p360 10 2 1
p361 3 10 0
p362 3 3 1
p363 9 1 1
p364 2 8 0
p365 7 4 1
p366 6 7 1
p367 5 3 0
p368 7 8 0
p369 8 9 1
p370 3 2 0
p371 4 3 1
p372 4 7 0
p373 1 8 0
p374 10 8 1
p375 1 10 1
p376 10 8 1
p377 6 4 0
p378 7 10 1
p379 3 2 1
p380 1 3 0
p381 1 10 0
p382 6 6 1
p383 4 5 0
p384 3 5 1
p385 5 1 1
p386 4 8 0
p387 3 4 1
p388 6 2 0
p389 10 2 1
p390 3 10 0
p391 0 9 1
p392 8 6 0
p393 5 5 0
p394 7 6 0
p395 7 1 0
p396 9 10 1
p397 2 1 0
p398 5 8 1
p399 9 9 1
p400 3 3 0
p401 7 3 0
p402 10 10 0
p403 4 4 0
p404 3 3 0
p405 2 1 0
p406 0 2 1
p407 9 3 0
p408 0 9 1
p409 9 8 1
p410 8 3 1
p411 0 9 0
p412 5 5 1
p413 10 10 1
p414 4 9 1
p415 2 2 1
p416 9 6 0
p417 6 8 0
p418 4 10 0
p419 2 3 0
p420 6 6 0
p421 8 2 0
p422 8 7 1
p423 1 2 0
p424 2 2 0
p425 4 7 1
p426 5 5 1
p427 1 8 0
p428 3 5 1
p429 3 5 1
p430 2 9 0
p431 8 7 0
p432 0 4 0
p433 5 1 0
p434 6 1 1
p435 4 6 1
p436 3 8 1
p437 2 2 0
p438 10 10 0
p439 1 1 1
p440 9 3 1
p441 4 10 1
p442 10 1 1
p443 1 9 1
p444 2 9 0
p445 9 7 1
p446 9 8 1
p447 2 7 0
p448 3 3 0
p449 3 5 0
p450 5 8 0
p451 2 5 1
p452 2 3 1
p453 10 7 1
p454 5 7 1
p455 10 8 1
p456 7 4 1
p457 9 6 1
p458 4 7 1
p459 7 6 1
p460 10 10 0
p461 1 3 1
p462 0 6 1
p463 5 4 1
p464 8 8 1
p465 6 7 0
p466 10 10 1
p467 1 4 1
p468 5 1 1
p469 9 1 0
p470 2 8 1
p471 2 1 1
p472 3 3 1
p473 1 5 0
p474 10 5 1
p475 10 4 0
p476 6 8 1
p477 7 6 1
p478 5 4 1
p479 1 8 1
p480 9 8 0
p481 3 4 0
p482 4 3 1
p483 2 7 1
p484 9 4 1
p485 10 2 0
p486 1 8 0
p487 9 7 1
p488 0 4 0
p489 9 7 0
p490 2 5 1
p491 6 5 0
p492 4 1 0
p493 0 10 0
p494 3 4 1
p495 8 3 0
p496 8 4 1
p497 2 6 1
p498 0 8 0
p499 10 6 1
p500 3 6 1