500
p1 0 3 0
p1 1 6 0
p2 5 6 1
p3 10 2 0
p4 10 9 0
p5 9 6 1
p6 3 2 1
p7 6 9 0
p8 9 8 1
p9 9 10 0
p10 3 6 0
p11 3 9 1
p12 5 6 1
p13 0 6 0
p14 3 6 0
p15 4 7 1
p16 10 7 0
p17 9 6 1
p18 9 9 0
p19 8 8 1
p20 7 9 0
p21 4 4 1
p22 4 6 0
p23 10 3 1
p24 7 8 1
p25 4 4 1
p26 8 7 0
p27 2 3 1
p28 10 9 1
p29 4 2 0
p30 2 10 0
p31 8 6 1
p32 9 7 0
p33 1 8 0
p34 1 2 0
p35 0 7 1
p36 3 8 1
p37 5 2 1
p38 10 3 1
p39 5 2 0
p40 6 1 1
p41 7 2 0
p42 8 8 1
p43 4 4 0
p44 4 6 1
p45 10 3 1
p46 1 10 1
p47 0 4 0
p48 3 4 1
p49 6 2 0
p50 6 3 0
p51 10 9 1
p52 0 9 0
p53 0 10 0
p54 0 1 1
p55 4 4 0
p56 6 4 1
p57 3 5 0
p58 6 1 1
p59 4 2 1
p60 10 1 1
p61 6 8 1
p62 9 8 0
p63 4 6 1
p64 6 5 1
p65 10 3 0
p66 8 8 1
p67 1 3 1
p68 8 6 1
p69 1 4 0
p70 0 6 0
p71 7 7 0
p72 10 6 1
p73 3 1 0
p74 2 8 0
p75 9 2 0
p76 8 1 0
p77 4 10 0
p78 4 6 1
p79 2 6 0
p80 0 6 1
p81 6 4 0
p82 7 9 1
p83 1 8 1
p84 9 2 0
p85 8 5 1
p86 2 10 1
p87 9 10 1
p88 7 3 0
p89 0 7 1
p90 5 5 1
p91 10 9 0
p92 7 8 0
p93 5 9 1
p94 8 7 0
p95 7 10 0
p96 2 7 1
p97 2 8 0
p98 6 9 0
p99 2 7 0
p100 8 3 0
p101 6 4 0
p102 1 2 1
p103 5 6 0
p104 6 2 0
p105 6 5 1
p106 3 8 1
p107 5 3 0
p108 3 8 0
p109 10 10 0
p110 6 4 0
p111 2 6 0
p112 1 3 1
p113 2 1 0
p114 6 9 1
p115 9 6 0
p116 7 2 1
p117 4 10 1
p118 5 7 1
p119 6 1 0
p120 5 4 1
p121 9 6 1
p122 5 9 1
p123 8 2 1
p124 3 2 1
p125 7 1 1
p126 4 6 0
p127 5 2 1
p128 1 8 1
p129 8 3 0
p130 4 7 1
p131 10 7 0
p132 9 1 1
p133 10 8 0
p134 0 7 1
p135 3 8 0
p136 2 9 1
p137 10 8 0
p138 1 6 1
p139 0 3 0
p140 1 10 0
p141 4 7 0
p142 5 3 0
p143 8 10 1
p144 4 1 1
p145 9 1 1
p146 7 2 1
p147 6 3 0
p148 8 7 1
p149 3 7 1
p150 0 1 1
p151 0 6 1
p152 1 4 0
p153 8 8 1
p154 7 3 1
p155 0 3 1
p156 2 7 0
p157 6 2 0
p158 6 1 1
p159 10 9 1
p160 6 4 0
p161 8 10 1
p162 4 5 0
p163 9 9 0
p164 4 3 0
p165 6 8 0
p166 0 8 0
p167 4 9 1
p168 8 9 1
p169 1 5 1
p170 3 8 0
p171 5 10 0
p172 9 9 0
p173 8 1 0
p174 1 2 0
p175 1 6 1
p176 6 6 0
p177 1 3 1
p178 1 8 1
p179 1 2 1
p180 9 1 0
p181 7 7 1
p182 6 4 0
p183 0 9 0
p184 5 9 1
p185 3 4 0
p186 9 2 0
p187 8 5 0
p188 6 8 1
p189 9 9 0
p190 2 10 0
p191 2 4 0
p192 6 9 1
p193 5 1 0
p194 8 1 0
p195 6 1 1
p196 6 7 0
p197 7 2 1
p198 1 1 0
p199 7 8 0
p200 9 5 0
p201 1 8 1
p202 8 10 1
p203 6 1 1
p204 1 9 1
p205 5 7 0
p206 9 3 0
p207 3 3 1
p208 1 9 0
p209 2 10 1
p210 8 9 1
p211 1 6 0
p212 0 8 0
p213 0 2 0
p214 1 5 0
p215 4 5 0
p216 3 8 0
p217 5 5 0
p218 4 10 0
p219 8 10 1
p220 4 7 1
p221 0 8 1
p222 2 8 0
p223 2 8 1
p224 2 5 0
p225 10 3 0
p226 1 4 1
p227 10 7 1
p228 2 1 0
p229 0 4 0
p230 9 10 0
p231 1 3 0
p232 1 3 1
p233 4 1 0
p234 2 7 0
p235 9 8 1
p236 6 1 0
p237 0 10 0
p238 6 10 0
p239 0 1 1
p240 8 1 0
p241 5 8 1
p242 0 3 1
p243 4 10 0
p244 8 6 0
p245 0 3 1
p246 8 7 1
p247 0 1 1
p248 1 4 0
p249 5 1 0
p250 8 1 0
p251 3 3 0
p252 9 3 0
p253 6 2 1
p254 8 8 0
p255 4 5 0
p256 3 6 1
p257 6 6 1
p258 0 9 0
p259 0 3 0
p260 4 7 0
p261 8 3 0
p262 2 2 0
p263 7 10 0
p264 5 9 1
p265 10 6 1
p266 8 6 1
p267 5 10 0
p268 1 1 0
p269 0 1 1
p270 3 7 1
p271 4 3 1
p272 10 8 0
p273 8 2 1
p274 2 2 1
p275 0 8 0
p276 3 4 0
p277 8 10 1
p278 0 4 0
p279 3 3 0
p280 1 8 0
p281 10 7 0
p282 9 7 1
p283 9 6 1
p284 5 10 0
p285 3 6 1
p286 7 10 0
p287 9 8 1
p288 2 5 1
p289 9 2 1
p290 7 2 0
p291 9 1 0
p292 1 1 1
p293 5 5 0
p294 7 4 1
p295 0 7 1
p296 3 3 0
p297 4 4 1
p298 10 1 1
p299 8 6 0
p300 8 1 1
p301 6 2 1
p302 0 2 1
p303 5 7 1
p304 1 3 1
p305 4 9 1
p306 2 2 1
p307 6 7 1
p308 4 4 1
p309 7 10 1
p310 7 7 1
p311 1 4 1
p312 10 10 0
p313 1 8 0
p314 1 7 0
p315 6 9 0
p316 6 8 1
p317 7 5 1
p318 5 9 1
p319 6 7 0
p320 1 2 1
p321 8 6 0
p322 4 7 1
p323 8 10 1
p324 3 7 1
p325 7 4 1
p326 7 7 0
p327 4 2 0
p328 7 9 0
p329 10 2 1
p330 8 8 0
p331 10 8 1
p332 9 4 1
p333 4 1 1
p334 0 7 1
p335 9 2 0
p336 9 6 1
p337 4 10 0
p338 7 1 0
p339 1 3 0
p340 5 5 1
p341 1 1 0
p342 1 1 0
p343 4 6 0
p344 8 5 0
p345 5 4 1
p346 9 1 1
p347 5 3 0
p348 10 6 0
p349 5 7 0
p350 8 7 0
p351 7 7 0
p352 9 10 0
p353 7 6 0
p354 9 6 0
p355 6 2 1
p356 8 3 1
p357 7 7 0
p358 7 1 1
p359 4 8 1
p360 4 8 1
p361 7 2 1
p362 7 5 0
p363 6 1 1
p364 3 4 0
p365 3 9 0
p366 0 9 0
p367 7 1 1
p368 1 2 1
p369 10 8 0
p370 4 7 0
p371 6 9 1
p372 6 2 1
p373 3 7 0
p374 1 6 1
p375 8 9 1
p376 2 3 1
p377 7 1 1
p378 5 3 1
p379 4 8 0
p380 10 4 0
p381 7 7 1
p382 4 1 0
p383 7 9 0
p384 10 9 1
p385 0 3 1
p386 3 5 1
p387 6 9 0
p388 0 5 0
p389 7 2 0
p390 5 7 1
p391 1 1 0
p392 8 6 0
p393 3 6 1
p394 1 7 1
p395 7 8 1
p396 9 9 1
p397 7 1 1
p398 9 2 1
p399 3 7 0
p400 0 5 1
p401 9 2 1
p402 8 6 0
p403 10 2 1
p404 6 4 1
p405 9 9 1
p406 3 5 1
p407 10 5 1
p408 6 2 0
p409 5 8 0
p410 9 4 1
p411 6 4 0
p412 3 3 0
p413 4 7 1
p414 4 2 1
p415 10 8 1
p416 4 7 0
p417 5 5 0
p418 1 3 1
p419 9 2 1
p420 6 5 0
p421 8 10 1
p422 1 5 0
p423 3 9 0
p424 8 6 0
p425 3 2 1
p426 4 8 0
p427 10 10 0
p428 3 2 0
p429 3 4 1
p430 1 6 0
p431 8 2 1
p432 10 2 1
p433 4 8 1
p434 9 5 0
p435 1 4 0
p436 7 10 1
p437 9 10 0
p438 8 6 1
p439 5 1 0
p440 7 8 0
p441 2 5 1
p442 8 9 0
p443 4 4 1
p444 7 5 1
p445 6 6 0
p446 0 2 1
p447 2 5 0
p448 7 10 1
p449 4 9 0
p450 4 4 1
p451 8 1 1
p452 3 9 1
p453 10 5 0
p454 8 8 0
p455 9 9 1
p456 10 7 1
p457 4 7 1
p458 5 10 0
p459 10 9 0
p460 2 8 0
p461 2 3 0
p462 9 5 1
p463 8 7 1
p464 2 6 0
p465 0 8 0
p466 1 7 0
p467 1 8 1
p468 0 5 0
p469 2 5 0
p470 2 2 1
p471 2 1 1
p472 8 10 1
p473 5 8 1
p474 8 10 0
p475 2 9 0
p476 3 4 0
p477 10 3 1
p478 1 6 1
p479 5 8 0
p480 7 3 1
p481 7 4 1
p482 9 4 0
p483 9 4 1
p484 0 8 1
p485 1 3 1
p486 9 1 0
p487 10 10 1
p488 10 5 0
p489 8 7 1
p490 7 6 0
p491 3 8 1
p492 1 5 0
p493 9 2 0
p494 0 7 1
p495 10 4 1
p496 4 1 0
p497 7 4 1
p498 6 5 1
p499 2 6 0
p500 6 10 1