500
p1 0 2 1
p1 4 7 0
p2 4 2 1
p3 10 5 1
p4 0 4 0
p5 5 1 0
p6 9 10 0
p7 2 1 1
p8 0 4 1
p9 1 8 0
p10 5 9 1
p11 10 2 1
p12 10 1 0
p13 3 7 0
p14 2 8 0
p15 0 3 0
p16 8 8 1
p17 6 5 1
p18 9 3 1
p19 7 9 0
p20 2 3 0
p21 4 7 1
p22 1 2 1
p23 8 2 1
p24 0 1 0
p25 7 2 0
p26 3 3 1
p27 0 4 0
p28 7 8 0
p29 5 4 0
p30 4 9 0
p31 4 6 1
p32 9 3 0
p33 3 1 0
p34 5 6 0
p35 4 2 0
p36 1 9 0
p37 6 9 0
p38 7 2 1
p39 5 5 0
p40 10 3 1
p41 7 8 0
p42 5 9 0
p43 1 10 1
p44 8 9 0
p45 8 1 1
p46 9 2 1
p47 8 9 1
p48 10 6 1
p49 2 9 1
p50 8 5 1
p51 10 9 0
p52 1 6 1
p53 1 9 0
p54 4 1 0
p55 0 5 0
p56 7 1 0
p57 8 3 0
p58 8 8 0
p59 9 4 0
p60 3 4 0
p61 0 6 0
p62 7 5 1
p63 0 9 0
p64 0 8 0
p65 4 9 0
p66 4 2 0
p67 10 8 0
p68 6 5 1
p69 9 10 0
p70 7 3 0
p71 7 10 1
p72 6 8 1
p73 4 6 0
p74 8 5 1
p75 3 6 0
p76 8 5 1
p77 10 9 0
p78 4 5 0
p79 4 1 1
p80 4 5 0
p81 7 4 1
p82 8 6 0
p83 9 7 0
p84 10 2 0
p85 9 7 1
p86 0 2 1
p87 8 9 1
p88 6 2 1
p89 5 1 1
p90 9 1 0
p91 1 10 1
p92 3 1 0
p93 10 5 0
p94 7 5 1
p95 0 8 1
p96 9 6 0
p97 6 6 0
p98 2 1 0
p99 3 6 0
p100 3 8 0
p101 0 5 0
p102 10 1 0
p103 7 7 0
p104 4 10 0
p105 9 4 1
p106 1 6 0
p107 1 9 0
p108 6 5 0
p109 8 9 1
p110 9 1 0
p111 6 8 0
p112 10 9 0
p113 10 5 1
p114 2 5 0
p115 5 2 1
p116 6 1 0
p117 7 5 0
p118 2 1 1
p119 9 3 1
p120 0 1 1
p121 2 8 1
p122 0 5 1
p123 0 10 1
p124 5 3 1
p125 0 8 1
p126 4 3 1
p127 1 6 1
p128 1 3 1
p129 10 4 1
p130 2 8 0
p131 0 2 1
p132 3 3 0
p133 10 1 1
p134 8 3 0
p135 6 2 1
p136 6 10 1
p137 7 2 0
p138 7 1 0
p139 3 1 1
p140 10 1 0
p141 4 4 0
p142 2 6 0
p143 0 7 0
p144 6 4 1
p145 10 1 0
p146 6 10 1
p147 8 7 0
p148 3 4 1
p149 9 4 1
p150 6 5 1
p151 1 3 0
p152 5 4 1
p153 0 5 0
p154 1 5 1
p155 6 8 1
p156 4 2 1
p157 8 3 1
p158 7 3 0
p159 1 10 1
p160 0 2 0
p161 4 10 0
p162 4 7 1
p163 1 6 1
p164 6 9 1
p165 3 10 0
p166 9 10 1
p167 9 10 0
p168 4 2 0
p169 7 9 1
p170 6 7 0
p171 0 5 0
p172 4 10 0
p173 0 2 1
p174 6 6 1
p175 7 5 0
p176 10 10 0
p177 3 4 1
p178 2 4 0
p179 6 4 0
p180 8 9 0
p181 6 3 1
p182 5 10 0
p183 8 7 1
p184 2 4 0
p185 2 1 0
p186 9 3 0
p187 9 4 1
p188 8 5 0
p189 4 10 1
p190 5 1 0
p191 3 9 0
p192 8 6 1
p193 3 10 1
p194 2 4 1
p195 5 10 1
p196 2 7 1
p197 7 1 0
p198 1 7 0
p199 9 6 0
p200 7 6 0
p201 2 6 0
p202 0 9 0
p203 9 8 1
p204 5 4 0
p205 6 2 0
p206 4 6 0
p207 0 9 0
p208 8 3 0
p209 4 1 0
p210 6 1 1
p211 7 1 0
p212 6 3 0
p213 3 1 1
p214 7 8 0
p215 7 10 1
p216 6 1 0
p217 9 2 0
p218 6 8 0
p219 2 10 1
p220 3 2 1
p221 3 4 0
p222 1 3 0
p223 5 8 0
p224 9 8 1
p225 0 9 0
p226 3 1 1
p227 10 2 0
p228 5 9 1
p229 0 4 0
p230 10 10 1
p231 2 4 1
p232 10 3 1
p233 8 3 1
p234 6 5 0
p235 9 2 0
p236 1 1 1
p237 6 4 0
p238 4 1 0
p239 0 7 1
p240 7 2 0
p241 9 9 0
p242 2 9 0
p243 1 6 0
p244 10 4 0
p245 1 7 0
p246 5 8 0
p247 5 7 1
p248 7 8 1
p249 8 6 0
p250 8 3 1
p251 8 4 1
p252 1 7 0
p253 9 2 1
p254 6 2 0
p255 8 1 0
p256 7 4 0
p257 5 4 0
p258 10 4 1
p259 7 4 0
p260 6 3 1
p261 6 9 0
p262 6 1 0
p263 9 3 0
p264 6 8 1
p265 4 9 1
p266 3 2 0
p267 10 5 1
p268 10 1 0
p269 7 2 1
p270 10 8 0
p271 3 7 0
p272 6 7 1
p273 0 10 1
p274 3 10 0
p275 3 2 0
p276 3 5 1
p277 6 4 1
p278 8 1 1
p279 10 9 1
p280 4 6 0
p281 2 7 0
p282 5 3 0
p283 0 3 1
p284 7 9 0
p285 9 2 0
p286 5 5 0
p287 7 1 0
p288 2 4 0
p289 5 7 1
p290 3 6 0
p291 2 3 0
p292 6 9 0
p293 9 1 0
p294 10 9 0
p295 2 6 0
p296 10 1 0
p297 6 7 0
p298 6 9 1
p299 0 7 0
p300 5 1 1
p301 8 4 0
p302 3 8 0
p303 3 1 0
p304 10 4 1
p305 3 3 0
p306 4 6 0
p307 5 1 0
p308 5 1 1
p309 6 1 1
p310 0 4 1
p311 0 3 0
p312 5 6 0
p313 1 6 0
p314 4 5 1
p315 4 2 1
p316 4 9 0
p317 2 10 1
p318 4 10 1
p319 0 10 1
p320 3 9 0
p321 7 10 0
p322 1 9 1
p323 3 4 1
p324 5 6 1
p325 1 4 0
p326 9 5 0
p327 6 9 1
p328 10 6 1
p329 2 6 0
p330 6 3 0
p331 1 2 0
p332 8 3 0
p333 6 6 0
p334 10 1 1
p335 6 4 0
p336 6 7 0
p337 3 4 1
p338 3 8 0
p339 4 3 0
p340 6 7 0
p341 7 3 1
p342 6 7 1
p343 6 2 0
p344 0 5 1
p345 9 8 0
p346 6 10 0
p347 6 3 1
p348 10 2 0
p349 0 6 0
p350 8 6 0
p351 6 3 0
p352 7 5 0
p353 5 4 0
p354 6 5 0
p355 10 3 1
p356 5 6 0
p357 8 7 1
p358 3 5 0
p359 0 1 0
p360 10 10 1
p361 6 7 1
p362 9 1 0
p363 1 9 1
p364 3 6 0
p365 8 3 0
p366 1 5 1
p367 9 10 1
p368 4 8 1
p369 9 10 0
p370 3 7 1
p371 5 7 1
p372 7 9 1
p373 7 5 0
p374 5 4 1
p375 4 8 1
p376 2 2 0
p377 9 1 1
p378 4 10 0
p379 0 10 1
p380 1 8 0
p381 2 10 0
p382 9 9 0
p383 6 10 0
p384 6 2 1
p385 7 7 1
p386 6 10 0
p387 9 6 0
p388 2 4 0
p389 6 8 1
p390 2 9 1
p391 8 2 0
p392 9 7 0
p393 3 2 1
p394 9 3 0
p395 10 9 0
p396 0 1 1
p397 0 6 1
p398 1 7 0
p399 2 1 1
p400 1 7 0
p401 9 7 1
p402 0 3 1
p403 1 7 1
p404 4 4 1
p405 8 6 0
p406 1 1 0
p407 9 6 1
p408 5 8 1
p409 6 10 0
p410 8 4 0
p411 6 4 1
p412 8 1 1
p413 1 3 0
p414 3 3 1
p415 9 9 0
p416 10 7 0
p417 4 1 1
p418 9 6 1
p419 5 4 0
p420 6 3 1
p421 3 2 1
p422 7 6 1
p423 10 1 1
p424 7 8 1
p425 2 2 1
p426 5 10 0
p427 1 6 0
p428 5 5 0
p429 6 4 1
p430 4 9 1
p431 8 5 0
p432 9 9 1
p433 3 5 1
p434 5 1 0
p435 5 10 1
p436 9 7 0
p437 6 4 1
p438 5 7 0
p439 8 2 1
p440 1 4 0
p441 10 6 0
p442 10 10 0
p443 3 10 1
p444 6 9 1
p445 8 1 1
p446 5 3 1
p447 7 5 1
p448 7 10 1
p449 9 10 0
p450 9 10 0
p451 10 2 1
p452 4 1 0
p453 10 10 1
p454 4 1 1
p455 0 3 0
p456 1 6 0
p457 10 7 1
p458 5 6 0
p459 1 7 1
p460 6 4 0
p461 8 4 0
p462 8 7 0
p463 10 10 1
p464 5 10 0
p465 4 5 0
p466 5 8 1
p467 6 6 1
p468 5 9 1
p469 5 7 1
p470 4 3 0
p471 2 2 0
p472 7 9 0
p473 9 5 1
p474 10 9 0
p475 6 10 0
p476 0 9 1
p477 10 8 0
p478 10 5 0
p479 2 7 0
p480 10 5 1
p481 3 10 0
p482 4 2 0
p483 8 5 1
p484 1 1 1
p485 9 7 0
p486 9 3 0
p487 3 10 1
p488 10 8 1
p489 0 4 0
p490 0 5 0
p491 0 4 1
p492 9 6 1
p493 4 7 1
p494 10 10 1
p495 5 2 1
p496 9 3 1
p497 3 6 0
p498 7 1 1
p499 3 4 0
p500 7 6 0