500
p1 0 2 0
p1 8 1 1
p2 9 6 1
p3 7 5 1
p4 5 4 1
p5 2 1 0
p6 7 10 0
p7 3 10 1
p8 9 10 1
p9 3 2 0
p10 7 9 1
p11 10 9 1
p12 10 4 1
p13 2 7 1
p14 5 10 1
p15 0 6 1
p16 2 4 1
p17 8 2 0
p18 10 7 1
p19 3 10 1
p20 1 9 1
p21 0 4 1
p22 9 4 0
p23 1 4 0
p24 10 9 1
p25 2 3 0
p26 7 9 0
p27 7 2 1
p28 9 7 1
p29 8 8 1
p30 0 5 1
p31 5 7 0
p32 0 7 1
p33 3 1 0
p34 9 5 0
p35 0 10 0
p36 4 1 1
p37 1 6 0
p38 10 10 0
p39 1 8 0
p40 4 4 0
p41 9 8 1
p42 4 6 1
p43 2 5 1
p44 0 10 0
p45 5 6 1
p46 6 5 1
p47 1 8 1
p48 4 10 0
p49 7 4 1
p50 3 8 1
p51 2 2 0
p52 5 7 1
p53 8 10 1
p54 0 2 0
p55 1 6 0
p56 0 10 0
p57 4 6 0
p58 10 3 1
p59 1 5 0
p60 9 5 0
p61 9 10 1
p62 7 5 1
p63 10 2 1
p64 3 8 0
p65 9 2 1
p66 1 1 0
p67 10 10 1
p68 7 6 0
p69 7 7 0
p70 6 5 1
p71 3 4 0
p72 6 9 0
p73 10 9 1
p74 3 9 0
p75 7 8 1
p76 5 2 0
p77 2 7 1
p78 9 2 1
p79 8 7 1
p80 6 8 1
p81 3 1 0
p82 6 1 0
p83 3 6 0
p84 6 7 1
p85 0 3 0
p86 1 3 1
p87 2 7 0
p88 2 6 1
p89 6 10 1
p90 4 8 0
p91 5 9 0
p92 5 2 0
p93 9 1 0
p94 4 2 0
p95 7 10 0
p96 0 7 0
p97 8 4 0
p98 5 2 0
p99 2 6 1
p100 10 4 0
p101 8 4 0
p102 4 5 1
p103 6 9 1
p104 1 5 1
p105 0 4 0
p106 3 3 0
p107 0 7 1
p108 4 4 0
p109 4 6 1
p110 6 9 1
p111 3 3 0
p112 9 6 0
p113 6 3 0
p114 0 6 0
p115 3 5 1
p116 7 2 1
p117 0 2 0
p118 6 9 1
p119 1 9 0
p120 6 5 0
p121 2 2 1
p122 2 2 0
p123 9 4 0
p124 3 4 1
p125 6 3 1
p126 1 8 0
p127 10 9 0
p128 8 5 0
p129 7 4 0
p130 2 6 0
p131 0 7 0
p132 6 4 1
p133 5 9 0
p134 1 3 0
p135 4 6 0
p136 3 4 0
p137 1 1 0
p138 8 3 1
p139 4 3 0
p140 7 8 1
p141 7 9 1
p142 7 7 0
p143 7 1 0
p144 10 1 1
p145 2 4 0
p146 6 4 1
p147 10 4 1
p148 1 9 1
p149 4 3 0
p150 10 10 1
p151 1 4 1
p152 3 5 1
p153 3 8 1
p154 1 5 1
p155 8 2 0
p156 10 1 1
p157 4 3 0
p158 5 7 0
p159 3 8 1
p160 0 7 0
p161 3 5 1
p162 5 4 0
p163 6 1 1
p164 2 6 1
p165 1 1 0
p166 7 3 0
p167 1 9 0
p168 5 4 0
p169 2 6 1
p170 9 5 1
p171 0 8 1
p172 10 7 0
p173 4 6 0
p174 2 1 0
p175 8 8 0
p176 2 4 0
p177 2 10 0
p178 4 5 1
p179 0 5 1
p180 10 5 1
p181 4 8 0
p182 1 7 0
p183 4 5 0
p184 5 1 0
p185 5 1 1
p186 8 4 0
p187 7 3 0
p188 10 8 0
p189 2 10 0
p190 7 6 1
p191 2 9 0
p192 1 7 0
p193 9 2 1
p194 7 8 1
p195 9 7 1
p196 3 3 0
p197 9 9 0
p198 7 1 0
p199 9 9 1
p200 8 4 0
p201 1 2 0
p202 10 1 1
p203 1 6 0
p204 10 5 1
p205 3 10 0
p206 3 6 0
p207 8 1 0
p208 9 6 0
p209 10 6 1
p210 9 4 0
p211 4 1 0
p212 1 10 0
p213 7 2 1
p214 4 9 1
p215 8 3 0
p216 1 7 1
p217 3 3 0
p218 6 7 1
p219 9 8 0
p220 4 4 1
p221 9 2 1
p222 1 3 1
p223 6 1 0
p224 9 4 1
p225 6 6 1
p226 6 6 1
p227 10 8 1
p228 6 8 0
p229 1 10 1
p230 1 4 0
p231 1 2 1
p232 4 10 0
p233 7 4 0
p234 0 5 1
p235 10 5 0
p236 9 7 1
p237 0 6 0
p238 7 6 1
p239 10 9 1
p240 6 4 0
p241 4 5 1
p242 7 4 0
p243 4 7 1
p244 0 1 1
p245 3 4 1
p246 2 9 1
p247 6 9 0
p248 10 4 1
p249 2 8 1
p250 10 8 1
p251 8 1 1
p252 5 5 0
p253 9 7 1
p254 4 5 1
p255 1 5 1
p256 0 2 1
p257 9 2 1
p258 1 10 0
p259 4 8 1
p260 8 3 1
p261 1 10 1
p262 6 2 1
p263 2 8 1
p264 0 1 1
p265 7 7 0
p266 8 10 1
p267 2 10 0
p268 0 3 1
p269 5 3 1
p270 7 10 1
p271 2 3 1
p272 2 3 0
p273 3 7 0
p274 7 5 0
p275 5 4 1
p276 10 4 0
p277 0 9 0
p278 1 9 0
p279 4 1 0
p280 6 3 1
p281 6 2 1
p282 4 8 1
p283 1 1 0
p284 5 7 0
p285 9 9 1
p286 0 4 0
p287 2 5 0
p288 8 1 0
p289 9 7 0
p290 7 10 1
p291 1 5 0
p292 1 10 0
p293 2 8 0
p294 6 8 1
p295 0 3 1
p296 4 8 0
p297 2 2 0
p298 5 10 1
p299 4 2 1
p300 1 10 1
p301 2 8 1
p302 7 5 0
p303 6 7 0
p304 0 2 1
p305 6 2 1
p306 6 4 1
p307 8 1 0
p308 3 1 0
p309 9 2 1
p310 10 10 1
p311 9 3 0
p312 10 5 0
p313 9 4 0
p314 2 6 1
p315 7 3 1
p316 7 9 0
p317 3 6 0
p318 8 1 0
p319 5 7 0
p320 1 8 1
p321 4 1 0
p322 10 6 0
p323 2 4 1
p324 0 6 1
p325 1 8 1
p326 4 3 0
p327 1 1 1
p328 3 5 1
p329 8 4 1
p330 6 4 0
p331 7 1 0
p332 5 10 0
p333 7 1 1
p334 5 4 1
p335 2 1 0
p336 0 5 0
p337 6 7 0
p338 4 4 0
p339 6 1 1
p340 1 6 0
p341 7 6 0
p342 8 7 1
p343 7 3 1
p344 0 9 1
p345 8 2 1
p346 8 5 0
p347 5 5 0
p348 9 1 1
p349 10 1 1
p350 0 3 0
p351 0 7 0
p352 1 1 0
p353 4 6 0
p354 9 4 1
p355 4 1 0
p356 1 4 0
p357 5 7 1
p358 4 10 1
p359 9 9 1
p360 10 8 1
p361 7 10 1
p362 9 6 0
p363 10 5 1
p364 7 2 0
p365 2 10 0
p366 6 10 1
p367 8 9 1
p368 2 5 0
p369 2 1 0
p370 3 8 0
p371 6 5 1
p372 5 7 0
p373 8 2 0
p374 9 6 0
p375 8 7 1
p376 0 9 0
p377 6 5 1
p378 5 2 1
p379 6 10 1
p380 9 9 0
p381 0 6 1
p382 9 5 1
p383 6 7 0
p384 4 9 0
p385 2 6 0
p386 2 10 0
p387 2 10 0
p388 9 10 1
p389 3 5 0
p390 3 7 1
p391 8 5 0
p392 0 8 0
p393 0 9 1
p394 9 7 1
p395 9 2 0
p396 2 7 1
p397 0 9 1
p398 4 7 0
p399 3 7 0
p400 10 9 1
p401 5 3 1
p402 3 4 1
p403 2 8 1
p404 5 10 1
p405 7 5 1
p406 7 2 1
p407 5 7 1
p408 4 9 0
p409 10 5 0
p410 5 9 0
p411 10 10 0
p412 1 3 1
p413 10 3 0
p414 6 8 0
p415 6 6 0
p416 0 5 1
p417 1 3 1
p418 2 4 0
p419 9 3 0
p420 5 10 0
p421 4 3 1
p422 1 5 1
p423 5 6 0
p424 5 4 1
p425 8 8 1
p426 3 9 1
p427 1 6 1
p428 10 8 0
p429 4 10 0
p430 5 10 1
p431 10 9 1
p432 4 1 1
p433 8 8 0
p434 5 7 0
p435 7 9 1
p436 0 8 0
p437 3 9 1
p438 6 7 0
p439 6 3 1
p440 7 1 0
p441 5 9 1
p442 8 8 1
p443 4 10 0
p444 5 7 0
p445 1 9 0
p446 9 2 0
p447 6 2 0
p448 6 1 0
p449 7 4 0
p450 9 3 0
p451 7 1 0
p452 2 9 1
p453 5 7 0
p454 10 5 0
p455 9 1 0
p456 1 4 1
p457 6 2 0
p458 6 2 0
p459 0 1 1
p460 8 8 1
p461 4 6 0
p462 9 1 0
p463 10 7 0
p464 6 1 0
p465 4 10 0
p466 7 3 0
p467 8 8 1
p468 4 5 0
p469 3 2 0
p470 7 1 0
p471 5 4 1
p472 8 1 0
p473 4 1 0
p474 6 1 1
p475 8 10 0
p476 2 8 0
p477 1 7 1
p478 7 8 1
p479 9 2 0
p480 7 8 0
p481 9 3 1
p482 7 2 1
p483 6 5 1
p484 7 7 1
p485 3 4 1
p486 9 7 0
p487 4 10 0
p488 5 6 1
p489 9 4 1
p490 1 9 0
p491 0 6 0
p492 1 1 1
p493 9 7 1
p494 1 2 0
p495 5 8 1
p496 2 6 1
p497 10 10 0
p498 2 7 1
p499 5 3 0
p500 10 1 1