500
p1 0 6 1
p1 8 1 1
p2 8 10 1
p3 6 5 0
p4 8 3 1
p5 1 9 0
p6 9 1 0
p7 0 2 0
p8 8 2 0
p9 1 5 1
p10 6 1 1
p11 5 10 1
p12 3 10 0
p13 3 6 0
p14 8 1 0
p15 8 4 0
p16 4 8 0
p17 2 9 1
p18 7 2 1
p19 4 4 1
p20 1 2 1
p21 5 8 0
p22 5 7 1
p23 5 1 0
p24 10 10 0
p25 8 4 0
p26 2 4 1
p27 7 8 0
p28 5 7 1
p29 8 5 0
p30 10 2 1
p31 9 4 0
p32 0 1 0
p33 2 6 1
p34 10 4 0
p35 6 9 1
p36 2 6 0
p37 7 1 1
p38 9 4 0
p39 4 6 0
p40 4 5 1
p41 0 10 0
p42 3 1 0
p43 10 9 1
p44 2 10 1
p45 2 6 1
p46 1 9 0
p47 3 8 0
p48 0 5 0
p49 7 9 1
p50 9 7 0
p51 1 1 1
p52 3 9 1
p53 3 7 1
p54 8 9 1
p55 3 2 0
p56 7 5 0
p57 9 9 0
p58 6 1 0
p59 0 1 1
p60 8 5 1
p61 8 4 1
p62 7 3 1
p63 3 4 0
p64 10 3 0
p65 6 2 1
p66 5 5 1
p67 9 3 0
p68 4 10 0
p69 8 1 1
p70 0 10 1
p71 6 2 1
p72 4 10 1
p73 6 2 1
p74 9 10 1
p75 8 1 0
p76 0 6 0
p77 9 10 1
p78 5 1 0
p79 8 7 1
p80 2 6 0
p81 7 5 1
p82 1 3 0
p83 9 2 0
p84 7 10 1
p85 4 9 0
p86 1 10 1
p87 7 3 0
p88 6 9 1
p89 4 8 1
p90 0 4 1
p91 6 4 1
p92 3 8 1
p93 10 4 0
p94 8 5 1
p95 3 1 0
p96 0 10 1
p97 4 1 1
p98 2 3 0
p99 8 5 1
p100 8 9 1
p101 10 2 0
p102 9 1 1
p103 9 7 1
p104 0 6 1
p105 3 5 0
p106 6 4 1
p107 3 7 1
p108 8 8 1
p109 9 6 1
p110 7 9 1
p111 1 8 1
p112 10 1 1
p113 2 6 1
p114 3 3 1
p115 2 3 1
p116 9 8 1
p117 4 6 1
p118 3 1 0
p119 3 3 1
p120 2 2 1
p121 2 10 0
p122 1 2 1
p123 7 7 0
p124 1 10 0
p125 10 4 0
p126 2 4 1
p127 2 5 0
p128 8 1 1
p129 2 4 1
p130 1 8 0
p131 5 2 1
p132 8 9 0
p133 1 2 0
p134 2 6 1
p135 9 7 0
p136 4 5 1
p137 3 9 1
p138 7 1 1
p139 3 8 0
p140 10 3 0
p141 2 10 1
p142 0 4 0
p143 5 8 1
p144 6 5 0
p145 4 1 0
p146 3 8 0
p147 1 5 0
p148 7 2 1
p149 8 6 0
p150 1 5 0
p151 8 6 0
p152 2 4 1
p153 1 6 0
p154 0 2 0
p155 9 2 1
p156 7 1 0
p157 5 3 0
p158 3 2 1
p159 10 1 0
p160 5 7 0
p161 9 8 1
p162 6 5 0
p163 2 2 1
p164 1 10 1
p165 9 4 0
p166 8 2 0
p167 9 1 0
p168 5 8 0
p169 1 6 0
p170 0 4 0
p171 10 2 0
p172 0 3 0
p173 1 10 0
p174 9 2 1
p175 4 5 1
p176 1 4 0
p177 6 4 0
p178 5 7 1
p179 6 3 0
p180 2 1 1
p181 0 6 1
p182 1 3 1
p183 7 4 0
p184 9 4 0
p185 3 10 0
p186 10 10 1
p187 2 6 1
p188 8 1 1
p189 5 6 1
p190 5 4 1
p191 0 10 1
p192 10 6 1
p193 10 6 0
p194 1 3 1
p195 3 5 0
p196 4 10 1
p197 10 7 1
p198 7 1 1
p199 2 9 1
p200 1 7 0
p201 5 6 1
p202 1 5 0
p203 10 10 1
p204 0 8 1
p205 0 8 1
p206 5 8 0
p207 1 2 1
p208 7 2 1
p209 2 8 1
p210 4 2 1
p211 3 6 1
p212 6 7 1
p213 5 7 0
p214 5 1 0
p215 4 1 1
p216 1 9 1
p217 8 2 0
p218 2 1 1
p219 4 5 0
p220 4 6 0
p221 5 1 1
p222 7 1 0
p223 0 9 0
p224 0 2 1
p225 9 5 1
p226 8 2 1
p227 9 1 0
p228 9 1 0
p229 7 10 0
p230 2 7 1
p231 4 2 1
p232 0 7 1
p233 8 10 1
p234 5 1 1
p235 1 6 1
p236 0 4 0
p237 1 8 0
p238 4 5 0
p239 6 2 0
p240 9 2 0
p241 2 9 1
p242 10 10 0
p243 4 1 1
p244 0 1 1
p245 4 9 0
p246 5 9 1
p247 4 7 0
p248 5 8 1
p249 1 4 0
p250 4 8 1
p251 5 9 0
p252 9 8 1
p253 2 3 0
p254 3 7 0
p255 10 8 0
p256 3 6 0
p257 8 1 1
p258 1 9 0
p259 1 5 1
p260 4 3 0
p261 1 9 1
p262 6 5 0
p263 8 1 0
p264 3 6 0
p265 3 10 1
p266 1 8 1
p267 3 8 1
p268 3 6 1
p269 1 9 1
p270 4 6 1
p271 10 5 0
p272 7 2 0
p273 5 1 1
p274 10 9 0
p275 5 8 0
p276 7 9 1
p277 0 8 0
p278 4 5 1
p279 8 4 1
p280 7 10 1
p281 7 5 1
p282 10 7 1
p283 1 2 1
p284 5 5 1
p285 10 2 0
p286 7 1 0
p287 4 9 0
p288 2 7 0
p289 9 2 1
p290 4 2 0
p291 10 6 1
p292 4 6 1
p293 4 7 0
p294 7 8 0
p295 4 6 0
p296 6 2 0
p297 5 6 1
p298 1 2 1
p299 9 9 0
p300 8 2 1
p301 0 2 1
p302 5 4 0
p303 6 8 0
p304 0 10 0
p305 4 3 1
p306 0 8 1
p307 6 6 0
p308 8 2 1
p309 1 4 1
p310 4 3 1
p311 10 9 0
p312 3 1 1
p313 4 5 1
p314 10 4 0
p315 5 9 0
p316 8 6 1
p317 5 1 1
p318 7 10 0
p319 7 3 0
p320 0 5 0
p321 2 10 0
p322 6 2 1
p323 0 10 1
p324 3 1 0
p325 3 6 0
p326 4 9 1
p327 10 2 0
p328 3 6 1
p329 6 8 1
p330 5 8 1
p331 6 1 0
p332 9 9 1
p333 5 6 1
p334 0 10 1
p335 7 4 1
p336 4 6 1
p337 4 9 0
p338 8 8 1
p339 7 7 1
p340 0 10 0
p341 0 1 1
p342 6 7 1
p343 1 2 0
p344 6 3 1
p345 9 2 0
p346 7 1 1
p347 4 4 1
p348 8 3 0
p349 10 9 0
p350 8 3 1
p351 2 10 0
p352 2 1 0
p353 2 8 0
p354 2 4 0
p355 3 8 1
p356 6 6 1
p357 8 6 1
p358 2 2 1
p359 4 9 0
p360 7 4 0
p361 9 5 1
p362 0 5 1
p363 2 10 1
p364 8 9 0
p365 0 1 1
p366 1 9 1
p367 7 10 0
p368 6 2 1
p369 8 3 1
p370 6 5 0
p371 2 4 0
p372 3 1 0
p373 7 6 1
p374 1 10 1
p375 0 5 1
p376 6 6 1
p377 3 2 0
p378 1 9 0
p379 10 7 0
p380 5 2 0
p381 7 8 1
p382 3 2 1
p383 8 9 1
p384 9 3 0
p385 10 5 0
p386 6 7 1
p387 9 8 0
p388 10 1 0
p389 4 3 1
p390 0 5 0
p391 6 1 1
p392 7 3 0
p393 3 8 0
p394 5 7 0
p395 1 9 1
p396 10 6 1
p397 8 5 1
p398 4 9 1
p399 0 8 0
p400 4 8 0
p401 0 3 0
p402 9 5 0
p403 4 6 0
p404 10 5 0
p405 6 1 0
p406 3 10 1
p407 7 7 0
p408 7 6 0
p409 4 1 1
p410 7 6 1
p411 1 8 1
p412 0 8 1
p413 10 9 0
p414 5 8 0
p415 2 9 1
p416 2 10 0
p417 9 6 0
p418 9 9 1
p419 3 7 0
p420 5 4 1
p421 10 6 0
p422 3 3 0
p423 2 8 0
p424 8 1 1
p425 6 8 1
p426 5 1 0
p427 4 1 1
p428 0 8 1
p429 6 10 0
p430 0 2 1
p431 6 7 0
p432 3 3 0
p433 10 6 1
p434 6 6 1
p435 5 4 0
p436 9 7 0
p437 3 10 1
p438 1 6 0
p439 10 6 1
p440 2 5 1
p441 1 10 1
p442 10 7 0
p443 7 2 1
p444 0 9 0
p445 7 1 1
p446 4 6 1
p447 6 8 1
p448 8 10 0
p449 9 3 1
p450 1 4 0
p451 10 6 1
p452 2 8 1
p453 1 1 0
p454 7 6 0
p455 8 4 0
p456 6 10 1
p457 8 9 1
p458 4 1 0
p459 3 3 0
p460 4 9 1
p461 2 7 0
p462 2 7 1
p463 7 3 0
p464 3 9 1
p465 7 1 0
p466 0 4 1
p467 0 7 0
p468 0 9 0
p469 8 6 1
p470 5 4 1
p471 0 2 1
p472 7 7 0
p473 9 7 0
p474 7 5 0
p475 9 1 0
p476 0 1 0
p477 4 6 0
p478 6 3 1
p479 10 1 0
p480 2 6 1
p481 6 1 0
p482 8 5 0
p483 0 4 0
p484 5 1 0
p485 7 9 0
p486 3 5 0
p487 9 6 1
p488 0 6 1
p489 1 4 0
p490 4 5 1
p491 0 7 1
p492 2 6 1
p493 10 6 0
p494 9 4 0
p495 2 2 0
p496 7 1 0
p497 0 4 0
p498 4 10 1
p499 5 6 0
p500 2 1 0