500
p1 0 8 1
p1 1 10 1
p2 1 5 0
p3 2 6 0
p4 6 6 1
p5 5 7 1
p6 6 1 0
p7 6 3 1
p8 4 2 0
p9 5 6 0
p10 7 6 0
p11 10 10 1
p12 4 2 1
p13 4 10 0
p14 3 4 0
p15 3 1 0
p16 8 6 0
p17 4 7 1
p18 1 9 0
p19 5 7 0
p20 9 4 1
p21 10 7 1
p22 9 3 0
p23 9 8 1
p24 3 8 0
p25 1 10 0
p26 2 9 0
p27 7 3 0
p28 3 10 1
p29 1 5 1
p30 4 4 0
p31 1 6 1
p32 10 8 1
p33 0 8 0
p34 4 9 0
p35 8 9 1
p36 2 4 0
p37 1 5 0
p38 2 5 1
p39 6 9 1
p40 6 4 0
p41 9 6 1
p42 2 5 1
p43 0 2 0
p44 6 2 0
p45 10 5 1
p46 6 5 0
p47 8 6 0
p48 1 10 0
p49 6 1 0
p50 6 7 1
p51 6 4 0
p52 0 5 0
p53 1 6 1
p54 0 6 1
p55 7 9 1
p56 2 10 1
p57 8 9 1
p58 8 6 0
p59 7 4 1
p60 2 9 1
p61 10 3 0
p62 8 2 1
p63 6 4 0
p64 0 8 1
p65 9 3 0
p66 2 1 1
p67 4 5 0
p68 5 9 1
p69 7 1 1
p70 4 8 1
p71 0 8 1
p72 6 2 0
p73 10 9 1
p74 1 8 1
p75 9 1 1
p76 8 4 0
p77 0 5 0
p78 9 6 1
p79 10 10 1
p80 10 9 0
p81 2 10 1
p82 3 3 1
p83 2 9 1
p84 9 1 0
p85 1 9 1
p86 7 1 0
p87 2 9 0
p88 9 10 0
p89 9 3 1
p90 9 3 0
p91 0 5 1
p92 10 4 1
p93 7 1 1
p94 6 8 1
p95 4 4 0
p96 1 4 0
p97 6 7 0
p98 4 9 0
p99 9 2 0
p100 6 3 1
p101 7 4 1
p102 4 10 0
p103 10 8 0
p104 0 1 0
p105 8 2 1
p106 2 1 0
p107 6 2 1
p108 8 1 1
p109 10 3 1
p110 9 2 1
p111 3 5 0
p112 6 1 1
p113 6 6 0
p114 9 8 0
p115 10 7 0
p116 1 5 0
p117 8 1 1
p118 0 5 1
p119 8 6 1
p120 7 9 0
p121 5 9 0
p122 2 8 0
p123 6 1 1
p124 4 8 0
p125 9 2 1
p126 3 1 1
p127 9 2 1
p128 0 3 1
p129 10 1 0
p130 5 10 0
p131 2 6 0
p132 4 8 1
p133 6 1 1
p134 3 9 1
p135 8 8 0
p136 4 6 0
p137 3 7 1
p138 0 2 1
p139 1 1 1
p140 5 10 0
p141 10 7 1
p142 6 6 0
p143 8 4 1
p144 2 4 1
p145 5 6 0
p146 6 5 0
p147 6 9 0
p148 9 10 1
p149 6 8 0
p150 3 3 1
p151 5 5 1
p152 8 1 0
p153 1 8 0
p154 0 7 1
p155 9 5 0
p156 2 5 0
p157 5 9 0
p158 4 7 1
p159 8 4 0
p160 8 6 1
p161 7 9 1
p162 3 8 1
p163 3 7 0
p164 8 9 1
p165 0 4 1
p166 0 8 0
p167 6 10 0
p168 1 6 0
p169 9 8 1
p170 3 7 1
p171 4 6 1
p172 5 7 0
p173 3 9 0
p174 5 9 0
p175 10 8 0
p176 10 3 1
p177 1 8 1
p178 0 5 0
p179 2 3 1
p180 2 2 0
p181 4 3 1
p182 0 4 1
p183 9 5 0
p184 8 5 0
p185 1 2 0
p186 3 9 0
p187 5 3 0
p188 2 4 0
p189 5 2 1
p190 10 7 0
p191 7 9 0
p192 1 6 1
p193 5 8 0
p194 1 1 0
p195 6 6 0
p196 8 5 0
p197 7 9 0
p198 6 1 0
p199 6 5 1
p200 6 8 1
p201 5 10 1
p202 8 6 0
p203 6 4 0
p204 8 10 0
p205 4 7 1
p206 1 1 1
p207 3 4 1
p208 5 9 1
p209 1 9 1
p210 2 9 1
p211 6 2 0
p212 8 7 1
p213 7 1 1
p214 9 10 0
p215 10 7 0
p216 0 4 1
p217 4 1 0
p218 3 10 1
p219 10 10 1
p220 6 6 1
p221 1 4 0
p222 2 6 0
p223 0 1 1
p224 6 8 0
p225 1 5 0
p226 0 9 1
p227 10 6 1
p228 3 5 0
p229 8 7 1
p230 7 6 1
p231 5 1 0
p232 8 5 1
p233 0 3 0
p234 6 8 1
p235 6 2 0
p236 7 2 0
p237 3 1 0
p238 4 10 0
p239 4 3 0
p240 8 4 1
p241 0 9 1
p242 0 3 0
p243 5 7 0
p244 10 2 0
p245 2 9 1
p246 1 4 0
p247 3 2 0
p248 4 5 1
p249 5 4 1
p250 1 9 1
p251 1 7 1
p252 10 1 1
p253 3 5 1
p254 7 4 0
p255 7 3 0
p256 5 10 1
p257 8 4 0
p258 6 3 0
p259 0 9 0
p260 2 2 0
p261 1 3 1
p262 6 8 1
p263 1 10 1
p264 4 1 1
p265 3 2 1
p266 9 2 1
p267 0 4 0
p268 10 2 0
p269 8 4 0
p270 1 3 0
p271 4 3 0
p272 7 4 1
p273 6 9 1
p274 7 4 1
p275 7 3 1
p276 10 2 0
p277 1 9 0
p278 6 1 1
p279 7 7 0
p280 9 3 0
p281 3 5 0
p282 6 3 0
p283 1 10 0
p284 8 6 1
p285 1 2 1
p286 10 7 1
p287 5 3 1
p288 4 3 1
p289 7 3 1
p290 9 10 1
p291 8 7 0
p292 5 7 0
p293 5 10 1
p294 5 4 0
p295 0 5 1
p296 0 2 1
p297 7 7 1
p298 6 6 1
p299 8 10 0
p300 8 7 1
p301 7 5 0
p302 0 9 0
p303 3 5 1
p304 0 1 0
p305 8 1 0
p306 9 3 1
p307 6 3 1
p308 3 5 0
p309 8 1 0
p310 7 8 0
p311 5 6 0
p312 6 5 0
p313 5 3 0
p314 1 5 1
p315 0 3 1
p316 6 2 1
p317 0 9 0
p318 4 6 0
p319 5 4 0
p320 1 6 1
p321 1 5 1
p322 10 5 1
p323 4 2 1
p324 4 7 1
p325 4 3 1
p326 6 6 1
p327 5 9 1
p328 1 5 0
p329 0 5 1
p330 3 10 0
p331 0 5 1
p332 8 4 1
p333 4 10 0
p334 0 7 0
p335 9 4 1
p336 2 7 0
p337 1 6 0
p338 1 4 0
p339 2 7 1
p340 3 1 0
p341 7 8 0
p342 8 8 1
p343 5 3 1
p344 0 5 1
p345 4 3 0
p346 10 9 1
p347 9 3 0
p348 0 7 1
p349 9 6 0
p350 7 4 0
p351 3 6 1
p352 7 8 0
p353 9 4 0
p354 10 7 0
p355 3 3 1
p356 4 5 1
p357 3 4 1
p358 10 4 0
p359 0 2 1
p360 7 5 0
p361 1 2 1
p362 4 7 0
p363 9 5 0
p364 9 1 0
p365 3 5 0
p366 8 6 1
p367 5 8 0
p368 6 8 1
p369 2 8 0
p370 4 9 0
p371 2 9 1
p372 2 7 1
p373 4 2 0
p374 7 4 0
p375 4 9 0
p376 5 3 0
p377 2 4 1
p378 0 7 1
p379 9 3 0
p380 9 5 0
p381 1 4 0
p382 3 7 1
p383 5 3 0
p384 7 4 1
p385 8 8 0
p386 1 9 0
p387 9 2 0
p388 0 2 0
p389 5 2 0
p390 4 6 0
p391 1 6 0
p392 9 4 0
p393 10 10 0
p394 9 5 0
p395 7 3 1
p396 0 9 1
p397 0 5 1
p398 0 4 0
p399 4 3 1
p400 8 1 0
p401 7 6 0
p402 7 8 1
p403 10 2 0
p404 4 3 1
p405 0 3 1
p406 2 1 1
p407 10 3 1
p408 8 4 0
p409 3 8 0
p410 5 1 1
p411 1 7 0
p412 0 2 1
p413 7 10 1
p414 3 9 1
p415 7 7 1
p416 2 5 1
p417 4 7 1
p418 5 9 0
p419 7 8 0
p420 6 7 0
p421 3 6 0
p422 8 7 0
p423 3 9 1
p424 2 8 1
p425 8 6 0
p426 2 7 0
p427 6 1 0
p428 9 2 1
p429 0 6 0
p430 2 6 0
p431 1 1 1
p432 4 6 1
p433 6 1 0
p434 4 7 1
p435 4 8 1
p436 5 8 1
p437 7 9 0
p438 0 6 1
p439 0 9 0
p440 1 6 1
p441 6 1 1
p442 5 1 1
p443 9 7 1
p444 0 1 0
p445 3 10 1
p446 2 1 1
p447 10 10 1
p448 4 4 0
p449 2 1 0
p450 0 3 1
p451 0 3 0
p452 7 8 0
p453 6 7 1
p454 9 6 1
p455 8 5 0
p456 7 8 0
p457 0 3 1
p458 2 2 1
p459 2 9 1
p460 7 8 1
p461 8 4 1
p462 3 10 1
p463 7 1 1
p464 3 10 1
p465 2 10 1
p466 8 2 0
p467 2 5 1
p468 1 10 0
p469 2 3 0
p470 5 10 1
p471 7 7 1
p472 7 10 0
p473 6 6 1
p474 6 2 0
p475 2 4 1
p476 0 5 1
p477 2 9 1
p478 6 4 0
p479 5 4 0
p480 0 1 0
p481 0 8 0
p482 4 9 0
p483 10 10 1
p484 1 1 0
p485 6 5 1
p486 3 8 0
p487 5 8 0
p488 3 10 1
p489 10 5 0
p490 2 3 0
p491 1 4 0
p492 9 10 0
p493 10 2 1
p494 8 6 0
p495 6 7 0
p496 8 8 0
p497 10 8 1
p498 2 6 0
p499 9 8 1
p500 9 2 1