500
p1 0 4 1
p1 6 3 0
p2 3 9 1
p3 7 4 1
p4 5 1 1
p5 2 7 0
p6 9 3 1
p7 6 9 0
p8 7 8 0
p9 9 8 0
p10 10 4 1
p11 6 7 1
p12 5 4 1
p13 6 9 1
p14 8 1 1
p15 5 6 1
p16 10 6 1
p17 3 7 0
p18 7 4 1
p19 0 4 1
p20 0 8 0
p21 5 5 0
p22 2 4 0
p23 7 6 0
p24 7 5 0
p25 9 7 1
p26 10 4 0
p27 7 2 0
p28 8 10 0
p29 2 8 1
p30 2 3 1
p31 1 8 1
p32 8 8 1
p33 8 9 0
p34 2 8 1
p35 0 5 1
p36 4 10 0
p37 1 2 1
p38 6 10 0
p39 6 5 0
p40 4 6 0
p41 2 6 1
p42 2 3 0
p43 8 2 1
p44 4 1 0
p45 8 4 0
p46 1 5 1
p47 6 2 0
p48 2 3 1
p49 5 9 0
p50 5 10 1
p51 7 8 0
p52 0 3 1
p53 4 10 0
p54 6 5 1
p55 0 1 0
p56 7 10 0
p57 5 4 1
p58 8 6 0
p59 2 6 0
p60 7 4 1
p61 5 2 0
p62 7 2 0
p63 5 7 1
p64 9 8 1
p65 0 2 1
p66 5 6 1
p67 9 9 0
p68 4 1 1
p69 2 5 0
p70 10 4 1
p71 10 7 1
p72 2 10 0
p73 10 4 0
p74 7 2 0
p75 6 8 1
p76 4 6 0
p77 1 8 0
p78 5 10 1
p79 3 4 1
p80 2 8 0
p81 7 5 0
p82 0 2 1
p83 1 2 0
p84 9 5 0
p85 10 3 1
p86 0 3 0
p87 4 10 1
p88 3 10 1
p89 8 7 0
p90 6 8 0
p91 5 9 0
p92 0 1 0
p93 7 6 1
p94 7 1 1
p95 2 4 1
p96 8 6 0
p97 10 6 1
p98 7 2 0
p99 0 6 0
p100 0 10 0
p101 5 3 0
p102 1 3 1
p103 0 6 0
p104 0 1 0
p105 4 9 1
p106 9 7 0
p107 7 6 1
p108 8 8 0
p109 3 7 1
p110 1 4 1
p111 8 10 1
p112 0 8 1
p113 9 4 0
p114 3 7 1
p115 0 1 1
p116 10 10 1
p117 7 10 0
p118 8 9 1
p119 4 6 1
p120 9 10 1
p121 0 8 0
p122 2 3 1
p123 1 10 0
p124 6 8 0
p125 3 7 0
p126 0 10 1
p127 7 2 0
p128 10 2 0
p129 5 2 0
p130 1 5 1
p131 8 4 1
p132 6 4 1
p133 9 5 0
p134 2 7 1
p135 7 10 0
p136 4 10 1
p137 4 8 0
p138 1 6 1
p139 1 5 0
p140 9 2 1
p141 2 10 0
p142 9 8 1
p143 5 7 1
p144 10 8 0
p145 9 1 1
p146 8 4 1
p147 7 1 0
p148 2 8 1
p149 1 5 1
p150 4 9 1
p151 4 8 0
p152 8 2 0
p153 7 3 0
p154 1 10 0
p155 6 5 0
p156 3 2 0
p157 2 4 0
p158 8 1 1
p159 0 5 1
p160 2 7 1
p161 3 3 0
p162 9 6 1
p163 3 3 1
p164 5 5 1
p165 3 5 1
p166 2 8 1
p167 9 1 0
p168 4 9 0
p169 8 7 0
p170 3 2 1
p171 8 8 1
p172 5 10 0
p173 8 3 0
p174 0 8 0
p175 3 9 0
p176 2 4 0
p177 2 10 0
p178 1 7 0
p179 7 2 0
p180 3 10 1
p181 10 9 0
p182 0 9 0
p183 3 1 0
p184 6 6 1
p185 6 8 1
p186 2 9 0
p187 1 4 1
p188 8 9 0
p189 5 2 1
p190 7 10 0
p191 1 9 0
p192 3 1 1
p193 8 8 1
p194 9 7 0
p195 0 6 1
p196 2 10 1
p197 8 6 0
p198 7 8 0
p199 0 3 0
p200 5 8 1
p201 3 6 0
p202 4 7 0
p203 10 8 1
p204 7 5 1
p205 4 1 1
p206 4 8 0
p207 8 10 0
p208 6 7 1
p209 8 4 1
p210 0 4 0
p211 3 6 0
p212 8 10 0
p213 0 8 0
p214 3 8 0
p215 1 1 1
p216 1 8 0
p217 1 1 1
p218 5 5 1
p219 6 7 0
p220 8 9 1
p221 0 10 0
p222 2 2 0
p223 4 2 1
p224 6 1 0
p225 4 4 0
p226 4 10 0
p227 1 7 0
p228 3 3 0
p229 4 7 0
p230 4 1 0
p231 2 5 0
p232 3 3 1
p233 1 7 0
p234 7 2 0
p235 2 5 0
p236 5 7 1
p237 8 7 1
p238 6 7 0
p239 5 5 0
p240 0 1 0
p241 0 8 0
p242 9 6 0
p243 1 4 1
p244 7 1 0
p245 8 7 0
p246 6 9 0
p247 0 7 0
p248 10 5 1
p249 8 6 1
p250 9 8 1
p251 0 10 0
p252 1 4 0
p253 1 7 1
p254 8 6 0
p255 0 7 0
p256 5 7 0
p257 5 6 0
p258 0 10 0
p259 3 5 0
p260 8 6 1
p261 6 7 0
p262 8 3 1
p263 9 6 1
p264 6 3 0
p265 7 7 0
p266 2 2 0
p267 5 8 1
p268 4 8 1
p269 1 5 1
p270 4 9 0
p271 2 4 0
p272 2 5 1
p273 4 1 0
p274 9 10 0
p275 9 9 0
p276 4 8 0
p277 10 5 1
p278 3 4 0
p279 3 5 0
p280 6 1 0
p281 8 1 1
p282 7 6 1
p283 5 9 1
p284 1 10 0
p285 4 10 0
p286 0 1 1
p287 9 5 1
p288 1 10 0
p289 7 8 1
p290 8 1 1
p291 10 4 1
p292 8 9 0
p293 0 8 1
p294 3 6 0
p295 1 5 1
p296 1 5 0
p297 3 6 0
p298 10 9 1
p299 4 7 0
p300 7 10 0
p301 0 2 1
p302 9 10 1
p303 1 9 0
p304 1 9 0
p305 6 10 0
p306 5 4 0
p307 10 7 0
p308 0 3 0
p309 9 6 0
p310 5 4 1
p311 7 5 1
p312 6 2 0
p313 1 7 0
p314 3 5 0
p315 4 3 0
p316 6 4 1
p317 10 8 1
p318 1 9 1
p319 6 2 1
p320 5 10 0
p321 9 7 1
p322 6 4 0
p323 0 5 0
p324 4 7 0
p325 9 2 0
p326 2 2 1
p327 5 7 0
p328 10 7 1
p329 5 2 0
p330 0 7 1
p331 2 1 1
p332 1 9 1
p333 5 10 1
p334 0 2 1
p335 0 6 1
p336 0 2 0
p337 1 3 0
p338 8 7 1
p339 3 6 0
p340 0 9 0
p341 0 8 0
p342 1 10 0
p343 6 8 0
p344 5 8 1
p345 10 8 0
p346 4 6 1
p347 2 9 1
p348 3 5 1
p349 9 2 0
p350 10 3 0
p351 4 8 1
p352 9 2 0
p353 9 9 1
p354 3 7 0
p355 5 1 1
p356 2 4 0
p357 5 8 1
p358 4 2 1
p359 4 9 1
p360 2 8 1
p361 2 1 0
p362 4 2 1
p363 9 2 1
p364 9 10 0
p365 2 9 0
p366 10 6 0
p367 2 10 1
p368 9 5 0
p369 4 9 0
p370 4 8 1
p371 5 1 1
p372 6 5 0
p373 8 4 0
p374 2 1 1
p375 4 10 0
p376 4 6 1
p377 3 3 1
p378 4 5 1
p379 10 7 0
p380 6 7 1
p381 0 3 1
p382 0 2 1
p383 9 6 1
p384 8 1 1
p385 9 1 0
p386 7 1 1
p387 0 1 0
p388 5 8 0
p389 4 3 0
p390 7 6 1
p391 10 4 1
p392 9 9 0
p393 1 2 1
p394 5 8 0
p395 6 7 0
p396 6 10 0
p397 1 10 0
p398 5 2 1
p399 10 7 1
p400 4 4 0
p401 8 2 1
p402 7 1 1
p403 7 9 0
p404 1 7 1
p405 8 7 1
p406 4 10 0
p407 4 4 0
p408 0 8 1
p409 3 4 1
p410 10 3 0
p411 7 5 1
p412 1 5 1
p413 1 3 1
p414 10 4 1
p415 9 2 0
p416 0 5 1
p417 8 5 0
p418 0 4 1
p419 1 1 0
p420 4 6 1
p421 3 8 1
p422 6 8 1
p423 0 6 1
p424 9 2 1
p425 4 5 0
p426 4 2 0
p427 2 4 0
p428 10 7 0
p429 7 8 0
p430 8 1 1
p431 1 5 0
p432 7 7 0
p433 9 3 1
p434 10 10 0
p435 6 6 0
p436 10 5 0
p437 5 10 1
p438 3 2 1
p439 6 4 0
p440 4 5 1
p441 8 1 1
p442 9 9 1
p443 8 2 1
p444 10 2 0
p445 10 6 0
p446 9 1 0
p447 2 7 1
p448 2 6 0
p449 5 2 0
p450 3 7 0
p451 1 7 1
p452 1 9 1
p453 7 2 0
p454 10 1 1
p455 6 7 0
p456 1 7 1
p457 10 3 1
p458 10 10 0
p459 10 4 0
p460 10 3 0
p461 3 1 0
p462 0 8 0
p463 9 7 1
p464 4 9 0
p465 6 3 0
p466 10 8 0
p467 1 8 0
p468 4 2 1
p469 4 5 0
p470 6 9 1
p471 2 10 1
p472 0 8 1
p473 5 5 1
p474 5 8 1
p475 9 1 1
p476 4 10 0
p477 10 6 0
p478 5 5 1
p479 0 5 1
p480 9 9 0
p481 5 1 1
p482 9 1 1
p483 6 8 1
p484 6 4 1
p485 6 10 1
p486 10 2 0
p487 1 10 1
p488 6 6 1
p489 4 9 0
p490 3 6 0
p491 3 3 1
p492 5 7 1
p493 6 8 0
p494 8 4 1
p495 10 3 0
p496 10 1 1
p497 5 2 0
p498 3 7 1
p499 10 10 1
p500 7 6 1