500
p1 0 4 0
p1 9 7 0
p2 3 1 1
p3 10 10 1
p4 5 3 1
p5 0 2 0
p6 5 1 1
p7 0 10 0
p8 10 3 0
p9 2 10 1
p10 1 6 0
p11 3 1 0
p12 4 1 0
p13 8 3 0
p14 4 8 0
p15 8 2 1
p16 0 7 0
p17 5 9 1
p18 9 2 1
p19 5 9 0
p20 6 3 1
p21 8 5 1
p22 10 1 1
p23 1 9 1
p24 7 7 0
p25 10 7 0
p26 3 4 0
p27 5 7 0
p28 7 7 1
p29 7 8 1
p30 10 1 1
p31 8 7 1
p32 8 4 0
p33 4 3 0
p34 1 2 0
p35 3 7 1
p36 3 5 0
p37 2 4 0
p38 2 9 0
p39 7 8 0
p40 2 6 0
p41 7 2 0
p42 3 6 1
p43 6 10 1
p44 10 7 0
p45 10 4 0
p46 0 6 1
p47 0 5 0
p48 9 5 0
p49 9 5 1
p50 7 7 1
p51 0 5 0
p52 4 10 1
p53 6 7 0
p54 7 2 0
p55 3 3 0
p56 2 6 1
p57 8 8 1
p58 1 1 1
p59 10 7 0
p60 0 10 0
p61 2 4 0
p62 1 4 1
p63 5 5 1
p64 9 10 0
p65 8 4 1
p66 9 10 0
p67 0 5 1
p68 10 4 0
p69 1 9 0
p70 4 4 1
p71 1 6 0
p72 5 8 1
p73 10 10 0
p74 9 6 1
p75 1 8 0
p76 6 9 1
p77 1 2 1
p78 8 5 0
p79 2 2 1
p80 1 6 0
p81 4 9 0
p82 6 3 1
p83 2 2 0
p84 6 8 1
p85 1 9 1
p86 3 3 1
p87 1 1 0
p88 5 9 1
p89 1 8 0
p90 10 8 1
p91 3 5 0
p92 10 8 0
p93 10 9 1
p94 10 10 0
p95 4 7 1
p96 0 8 1
p97 9 4 0
p98 6 10 0
p99 0 3 1
p100 0 8 0
p101 1 2 0
p102 3 10 0
p103 0 10 0
p104 9 4 0
p105 7 7 0
p106 5 8 1
p107 9 5 0
p108 4 9 0
p109 0 8 0
p110 9 1 1
p111 5 8 1
p112 7 2 0
p113 5 1 1
p114 1 2 0
p115 2 10 1
p116 5 9 0
p117 4 6 0
p118 10 10 1
p119 5 3 0
p120 2 3 1
p121 9 5 0
p122 6 6 1
p123 5 5 1
p124 9 1 1
p125 1 4 0
p126 0 2 1
p127 7 10 0
p128 9 5 1
p129 0 6 1
p130 2 9 1
p131 10 2 0
p132 8 5 1
p133 6 1 0
p134 6 9 0
p135 3 3 1
p136 4 10 0
p137 4 7 0
p138 10 2 0
p139 3 3 0
p140 4 10 0
p141 4 4 1
p142 3 2 0
p143 8 9 0
p144 5 2 0
p145 4 6 0
p146 6 3 1
p147 4 6 1
p148 2 6 1
p149 6 1 1
p150 0 3 0
p151 6 7 1
p152 0 5 0
p153 5 7 0
p154 6 8 0
p155 1 8 1
p156 9 5 1
p157 8 8 1
p158 5 8 0
p159 9 8 0
p160 7 6 0
p161 1 10 1
p162 10 4 1
p163 0 2 1
p164 7 9 1
p165 5 2 0
p166 6 5 0
p167 5 8 1
p168 3 9 0
p169 9 10 1
p170 6 3 0
p171 3 9 0
p172 9 1 1
p173 10 2 1
p174 6 10 1
p175 2 8 0
p176 9 6 0
p177 2 3 0
p178 6 7 0
p179 9 3 1
p180 6 3 1
p181 8 9 0
p182 1 1 0
p183 5 2 1
p184 9 10 1
p185 0 6 0
p186 8 7 1
p187 7 7 1
p188 8 6 1
p189 1 9 1
p190 0 4 1
p191 5 8 0
p192 10 1 0
p193 3 4 1
p194 3 6 0
p195 9 1 1
p196 9 6 0
p197 0 6 0
p198 7 5 1
p199 0 1 1
p200 6 6 1
p201 9 8 0
p202 4 9 0
p203 4 3 0
p204 1 7 1
p205 10 10 0
p206 0 2 1
p207 1 7 0
p208 3 1 1
p209 10 9 1
p210 9 3 0
p211 5 8 1
p212 6 3 1
p213 1 10 0
p214 7 8 0
p215 9 2 0
p216 6 6 1
p217 4 10 1
p218 9 10 1
p219 7 1 0
p220 10 6 0
p221 5 5 1
p222 0 3 1
p223 0 7 0
p224 10 3 1
p225 2 8 0
p226 4 4 0
p227 0 5 1
p228 3 10 1
p229 5 3 1
p230 7 6 0
p231 2 4 1
p232 1 7 1
p233 2 1 1
p234 0 4 1
p235 7 3 0
p236 8 4 1
p237 2 2 1
p238 1 5 1
p239 7 3 1
p240 8 4 0
p241 8 4 1
p242 3 8 1
p243 10 2 0
p244 6 7 1
p245 9 10 1
p246 7 4 0
p247 1 4 1
p248 10 2 1
p249 5 6 1
p250 5 10 0
p251 0 7 0
p252 4 4 1
p253 4 7 0
p254 0 8 0
p255 2 7 0
p256 1 8 1
p257 10 4 1
p258 9 4 0
p259 6 5 1
p260 9 3 1
p261 0 4 1
p262 5 8 0
p263 3 5 0
p264 4 7 0
p265 0 5 0
p266 5 7 1
p267 9 2 0
p268 0 7 0
p269 2 4 0
p270 9 1 1
p271 10 9 0
p272 7 2 1
p273 8 9 1
p274 9 6 1
p275 3 5 0
p276 3 3 0
p277 10 2 1
p278 6 2 1
p279 7 8 1
p280 9 5 1
p281 5 10 1
p282 6 5 1
p283 3 1 1
p284 1 6 0
p285 6 2 0
p286 2 1 0
p287 10 4 1
p288 6 4 0
p289 9 4 1
p290 3 3 0
p291 8 10 1
p292 1 4 1
p293 9 8 0
p294 4 2 1
p295 8 10 0
p296 0 7 0
p297 8 1 0
p298 6 6 1
p299 3 4 1
p300 3 4 1
p301 1 7 0
p302 6 9 1
p303 1 3 1
p304 10 9 0
p305 3 4 1
p306 10 1 0
p307 7 6 0
p308 4 1 1
p309 5 7 0
p310 7 2 1
p311 7 3 1
p312 8 9 0
p313 7 4 0
p314 4 10 0
p315 2 4 1
p316 5 9 1
p317 3 5 1
p318 9 4 1
p319 5 7 1
p320 9 3 0
p321 4 8 0
p322 5 10 0
p323 4 5 0
p324 10 9 1
p325 0 5 0
p326 3 3 1
p327 1 9 1
p328 8 7 0
p329 8 10 1
p330 6 4 1
p331 3 1 1
p332 9 3 0
p333 6 6 0
p334 6 4 0
p335 1 7 0
p336 0 4 1
p337 3 10 1
p338 5 5 0
p339 8 1 1
p340 5 1 0
p341 7 10 0
p342 3 9 1
p343 2 6 0
p344 0 6 1
p345 10 8 0
p346 10 7 1
p347 4 5 0
p348 6 2 0
p349 2 8 0
p350 4 6 1
p351 1 2 0
p352 4 3 0
p353 9 8 1
p354 7 3 0
p355 0 10 0
p356 5 4 0
p357 2 6 1
p358 5 2 0
p359 9 6 1
p360 0 8 1
p361 7 4 0
p362 7 4 1
p363 0 2 0
p364 9 1 1
p365 8 8 0
p366 9 9 1
p367 10 7 1
p368 2 3 0
p369 1 5 0
p370 0 10 1
p371 7 1 0
p372 3 7 1
p373 3 6 0
p374 7 5 1
p375 5 9 0
p376 5 4 1
p377 4 8 1
p378 7 7 0
p379 5 5 0
p380 10 8 1
p381 6 4 0
p382 3 8 0
p383 2 2 1
p384 0 2 0
p385 6 3 0
p386 7 4 1
p387 3 1 1
p388 9 1 1
p389 7 6 1
p390 6 10 0
p391 5 4 1
p392 7 1 1
p393 3 6 0
p394 8 8 1
p395 1 8 1
p396 7 7 0
p397 2 3 1
p398 8 1 1
p399 3 6 0
p400 9 4 0
p401 6 6 1
p402 8 1 1
p403 7 9 1
p404 6 4 0
p405 1 1 1
p406 6 2 0
p407 7 6 0
p408 5 4 0
p409 7 3 0
p410 5 7 1
p411 10 6 0
p412 5 3 1
p413 2 6 1
p414 4 6 0
p415 0 6 0
p416 4 10 1
p417 2 8 0
p418 6 5 1
p419 3 1 1
p420 1 4 0
p421 4 3 1
p422 8 5 1
p423 6 9 1
p424 2 1 0
p425 2 2 1
p426 9 8 0
p427 4 10 1
p428 2 8 1
p429 9 3 0
p430 8 4 1
p431 8 3 0
p432 4 8 0
p433 10 8 0
p434 2 5 1
p435 6 10 0
p436 2 7 1
p437 4 5 0
p438 8 3 1
p439 8 5 0
p440 0 5 1
p441 2 2 1
p442 10 1 0
p443 5 4 1
p444 4 9 1
p445 6 1 0
p446 3 8 0
p447 8 5 0
p448 3 6 1
p449 10 3 1
p450 0 5 1
p451 7 1 1
p452 10 3 1
p453 6 6 0
p454 1 1 1
p455 6 1 1
p456 1 5 0
p457 6 4 0
p458 10 7 0
p459 4 1 0
p460 10 2 0
p461 0 10 1
p462 6 3 1
p463 8 7 0
p464 2 1 0
p465 5 2 0
p466 6 5 0
p467 0 1 1
p468 8 4 1
p469 6 5 0
p470 1 4 1
p471 2 3 0
p472 1 4 0
p473 4 9 1
p474 4 3 1
p475 7 3 0
p476 4 3 0
p477 9 6 1
p478 6 10 0
p479 2 2 0
p480 0 4 0
p481 1 5 0
p482 10 2 1
p483 4 1 0
p484 10 7 0
p485 9 1 0
p486 5 5 0
p487 9 4 0
p488 2 1 1
p489 8 1 1
p490 3 9 0
p491 2 4 0
p492 1 5 0
p493 9 8 0
p494 7 9 0
p495 2 8 0
p496 6 10 1
p497 5 8 0
p498 5 3 0
p499 7 8 0
p500 3 1 0