500
p1 0 2 0
p1 3 10 1
p2 5 10 0
p3 10 1 1
p4 1 7 0
p5 3 6 0
p6 7 9 0
p7 9 5 0
p8 2 4 1
p9 1 2 0
p10 4 1 1
p11 7 2 0
p12 2 8 0
p13 3 3 0
p14 10 6 0
p15 9 8 1
p16 3 10 1
p17 0 10 0
p18 0 1 1
p19 7 2 0
p20 7 6 0
p21 8 6 0
p22 0 2 1
p23 8 8 1
p24 0 3 0
p25 5 1 1
p26 3 9 0
p27 9 9 0
p28 2 9 0
p29 9 3 1
p30 7 10 1
p31 4 3 0
p32 9 2 1
p33 10 9 0
p34 8 2 1
p35 2 9 1
p36 7 8 0
p37 7 9 0
p38 9 3 1
p39 4 9 1
p40 5 5 0
p41 0 1 0
p42 0 2 1
p43 3 3 1
p44 1 2 0
p45 2 10 1
p46 4 8 0
p47 0 7 0
p48 6 5 1
p49 3 6 1
p50 9 8 1
p51 8 3 1
p52 7 10 0
p53 4 7 1
p54 9 9 0
p55 9 7 1
p56 10 7 1
p57 2 7 1
p58 5 4 1
p59 0 7 0
p60 4 2 1
p61 0 3 1
p62 7 6 1
p63 6 3 1
p64 10 4 1
p65 2 7 0
p66 8 3 0
p67 1 3 1
p68 10 4 0
p69 6 2 0
p70 7 3 1
p71 5 5 1
p72 9 9 1
p73 8 5 1
p74 3 10 0
p75 7 3 0
p76 9 5 0
p77 4 7 1
p78 9 5 0
p79 9 5 0
p80 7 4 0
p81 1 6 1
p82 1 7 1
p83 10 8 1
p84 10 4 0
p85 9 3 0
p86 7 5 0
p87 1 7 0
p88 4 6 1
p89 8 7 1
p90 1 8 0
p91 7 1 1
p92 5 10 0
p93 0 9 1
p94 0 2 0
p95 0 6 0
p96 6 2 0
p97 10 4 0
p98 7 8 1
p99 1 6 1
p100 2 10 1
p101 3 2 1
p102 9 4 0
p103 4 10 1
p104 8 8 0
p105 9 9 1
p106 7 1 0
p107 0 3 0
p108 10 1 1
p109 2 3 0
p110 5 10 1
p111 2 9 0
p112 7 4 1
p113 5 7 1
p114 6 3 0
p115 0 7 0
p116 4 6 0
p117 3 3 0
p118 10 6 1
p119 6 1 1
p120 4 6 0
p121 9 1 0
p122 2 6 0
p123 1 10 0
p124 3 4 1
p125 9 3 1
p126 8 10 0
p127 6 5 0
p128 0 4 0
p129 10 6 0
p130 0 6 1
p131 5 5 0
p132 7 2 1
p133 1 5 0
p134 0 3 0
p135 4 3 0
p136 7 8 1
p137 2 5 1
p138 2 10 0
p139 3 7 1
p140 7 6 0
p141 6 10 0
p142 5 4 0
p143 5 8 0
p144 4 6 1
p145 3 4 1
p146 4 7 0
p147 0 10 0
p148 3 10 0
p149 1 8 0
p150 9 9 1
p151 9 7 0
p152 8 5 1
p153 8 6 0
p154 10 4 0
p155 3 2 1
p156 3 5 1
p157 0 1 0
p158 9 6 0
p159 8 2 1
p160 5 6 1
p161 10 6 1
p162 5 4 1
p163 8 3 1
p164 7 10 0
p165 2 6 0
p166 6 5 0
p167 4 7 0
p168 8 6 1
p169 8 4 1
p170 5 9 0
p171 6 5 1
p172 6 3 0
p173 10 9 0
p174 9 2 1
p175 5 6 0
p176 2 6 1
p177 4 10 1
p178 2 7 0
p179 7 10 0
p180 10 7 0
p181 6 5 0
p182 6 2 0
p183 5 5 1
p184 2 9 0
p185 1 8 1
p186 7 8 0
p187 9 3 0
p188 9 3 0
p189 5 9 0
p190 2 10 0
p191 8 3 0
p192 5 5 1
p193 2 2 0
p194 8 3 0
p195 4 7 1
p196 4 4 1
p197 0 8 1
p198 9 4 1
p199 4 2 0
p200 1 4 1
p201 4 10 0
p202 10 4 0
p203 1 10 1
p204 8 10 1
p205 7 3 0
p206 0 6 1
p207 2 4 1
p208 4 9 0
p209 0 7 1
p210 3 3 0
p211 1 1 1
p212 10 7 0
p213 3 7 1
p214 6 4 0
p215 10 8 1
p216 2 6 0
p217 9 8 1
p218 8 6 0
p219 6 5 0
p220 8 2 1
p221 3 8 1
p222 1 1 0
p223 3 2 0
p224 1 4 1
p225 0 2 1
p226 4 10 0
p227 6 8 1
p228 3 10 0
p229 6 1 0
p230 6 4 1
p231 3 2 1
p232 10 4 1
p233 5 5 0
p234 0 5 1
p235 0 3 1
p236 2 9 0
p237 1 3 1
p238 1 4 1
p239 6 8 1
p240 3 6 0
p241 6 9 1
p242 4 7 1
p243 8 4 1
p244 8 2 1
p245 10 6 1
p246 3 5 1
p247 9 4 1
p248 3 5 1
p249 2 10 0
p250 1 7 1
p251 9 8 1
p252 4 2 1
p253 0 9 0
p254 7 2 0
p255 4 5 1
p256 1 10 0
p257 1 2 1
p258 10 6 1
p259 8 2 0
p260 0 2 1
p261 3 10 0
p262 7 1 0
p263 7 8 0
p264 3 3 0
p265 10 4 0
p266 6 4 1
p267 5 3 1
p268 6 2 0
p269 9 8 1
p270 0 8 0
p271 10 5 1
p272 10 1 0
p273 5 3 1
p274 1 5 1
p275 3 7 0
p276 9 10 1
p277 2 6 0
p278 10 1 1
p279 3 1 1
p280 2 2 0
p281 9 6 1
p282 2 1 1
p283 2 5 1
p284 10 2 1
p285 9 9 1
p286 7 6 1
p287 10 9 0
p288 3 4 0
p289 1 6 0
p290 2 7 0
p291 6 6 1
p292 0 7 1
p293 4 8 0
p294 0 10 1
p295 4 4 0
p296 9 6 1
p297 5 9 1
p298 4 9 1
p299 1 6 0
p300 6 10 0
p301 5 8 1
p302 8 8 0
p303 1 9 1
p304 1 3 1
p305 5 9 0
p306 8 3 1
p307 4 5 1
p308 5 2 1
p309 1 2 0
p310 2 9 1
p311 10 8 1
p312 2 1 0
p313 10 1 0
p314 1 5 0
p315 6 2 1
p316 1 6 1
p317 2 9 1
p318 0 5 0
p319 4 5 0
p320 6 6 0
p321 8 8 0
p322 3 1 0
p323 2 6 0
p324 5 10 0
p325 4 6 1
p326 9 5 0
p327 8 10 0
p328 6 4 1
p329 7 1 1
p330 9 5 0
p331 7 9 1
p332 7 7 1
p333 6 2 0
p334 1 10 0
p335 6 3 1
p336 5 5 1
p337 1 8 0
p338 0 5 1
p339 6 10 0
p340 8 5 0
p341 8 10 0
p342 7 2 1
p343 3 3 0
p344 10 5 1
p345 0 2 0
p346 0 9 0
p347 2 1 0
p348 8 7 0
p349 3 2 1
p350 2 10 1
p351 2 2 0
p352 8 2 1
p353 1 4 0
p354 5 2 0
p355 0 6 1
p356 2 1 0
p357 5 5 0
p358 7 4 0
p359 10 7 1
p360 1 1 0
p361 7 4 1
p362 3 6 1
p363 6 10 0
p364 9 1 1
p365 2 9 0
p366 5 9 0
p367 7 3 0
p368 8 4 0
p369 8 4 0
p370 2 6 0
p371 3 6 0
p372 10 1 1
p373 9 4 0
p374 1 10 0
p375 5 3 0
p376 8 7 0
p377 1 9 1
p378 7 5 0
p379 9 7 1
p380 9 8 0
p381 0 7 0
p382 7 7 0
p383 1 3 1
p384 6 4 1
p385 8 9 1
p386 3 9 1
p387 4 8 1
p388 7 1 1
p389 4 2 1
p390 8 7 0
p391 4 8 0
p392 5 2 0
p393 1 2 0
p394 4 9 0
p395 7 5 0
p396 8 9 0
p397 1 7 1
p398 4 7 1
p399 10 8 0
p400 7 9 0
p401 6 5 0
p402 8 2 1
p403 4 10 0
p404 0 4 1
p405 8 2 1
p406 0 2 1
p407 5 4 1
p408 1 2 1
p409 8 6 1
p410 7 8 1
p411 9 1 1
p412 4 3 1
p413 9 1 0
p414 8 9 1
p415 3 10 1
p416 5 2 0
p417 10 7 1
p418 10 4 0
p419 7 4 0
p420 9 6 1
p421 9 1 1
p422 1 8 1
p423 10 6 1
p424 4 9 0
p425 6 6 1
p426 5 3 0
p427 5 6 1
p428 1 5 0
p429 1 4 1
p430 6 3 0
p431 1 10 1
p432 2 3 0
p433 5 2 0
p434 1 6 0
p435 2 4 1
p436 6 2 1
p437 2 7 1
p438 5 1 1
p439 7 5 0
p440 1 6 1
p441 8 1 0
p442 10 2 0
p443 2 3 0
p444 3 5 1
p445 10 5 0
p446 1 4 0
p447 4 3 0
p448 9 4 0
p449 0 4 0
p450 7 2 1
p451 6 4 0
p452 4 3 1
p453 1 4 1
p454 7 8 1
p455 2 9 1
p456 2 4 0
p457 1 7 1
p458 4 4 0
p459 10 9 1
p460 1 7 0
p461 0 1 1
p462 10 10 1
p463 4 8 1
p464 0 7 0
p465 5 2 0
p466 4 10 0
p467 5 1 0
p468 0 3 1
p469 2 8 0
p470 9 2 0
p471 0 10 0
p472 1 1 0
p473 4 10 1
p474 4 9 1
p475 7 3 1
p476 1 6 0
p477 6 2 0
p478 4 7 0
p479 3 4 0
p480 4 7 1
p481 0 6 0
p482 1 8 1
p483 8 6 0
p484 2 5 0
p485 0 10 0
p486 1 10 0
p487 8 1 1
p488 7 1 0
p489 6 4 1
p490 3 9 1
p491 4 4 0
p492 2 9 0
p493 6 7 1
p494 5 5 0
p495 1 9 1
p496 6 10 0
p497 4 1 1
p498 9 1 1
p499 7 5 0
p500 9 7 0