500
p1 0 7 0
p1 10 8 1
p2 5 9 1
p3 7 3 0
p4 4 8 0
p5 5 6 0
p6 6 1 1
p7 6 6 1
p8 8 3 0
p9 1 1 0
p10 3 9 0
p11 2 9 1
p12 3 1 1
p13 7 7 0
p14 1 9 1
p15 10 3 1
p16 1 10 1
p17 6 3 1
p18 2 5 1
p19 2 8 0
p20 5 10 0
p21 9 8 0
p22 4 7 0
p23 7 8 0
p24 9 3 0
p25 7 6 1
p26 9 7 0
p27 4 2 0
p28 3 3 0
p29 10 2 1
p30 2 1 0
p31 8 10 1
p32 10 6 0
p33 6 9 1
p34 10 5 1
p35 6 8 0
p36 5 8 0
p37 6 7 0
p38 9 2 0
p39 4 4 1
p40 8 8 1
p41 2 2 0
p42 8 6 1
p43 8 9 1
p44 6 9 1
p45 1 3 0
p46 5 10 1
p47 6 3 0
p48 0 1 1
p49 7 8 0
p50 9 2 1
p51 0 2 0
p52 7 6 1
p53 1 4 0
p54 1 3 0
p55 4 5 0
p56 6 7 1
p57 1 8 1
p58 4 6 0
p59 7 7 1
p60 9 2 0
p61 10 5 1
p62 5 3 1
p63 5 3 0
p64 4 8 1
p65 2 8 1
p66 1 7 0
p67 10 2 1
p68 9 10 0
p69 6 2 0
p70 7 1 0
p71 5 8 0
p72 3 6 0
p73 6 8 0
p74 9 6 1
p75 6 4 1
p76 0 2 1
p77 4 3 0
p78 1 6 0
p79 4 2 1
p80 7 8 1
p81 9 9 0
p82 7 4 0
p83 8 4 1
p84 0 1 1
p85 8 2 0
p86 10 9 0
p87 3 4 0
p88 5 2 1
p89 2 9 1
p90 8 4 0
p91 0 5 0
p92 0 2 0
p93 2 5 1
p94 9 9 1
p95 2 1 1
p96 3 3 1
p97 3 9 1
p98 10 4 0
p99 8 6 0
p100 5 8 1
p101 6 9 1
p102 6 8 0
p103 5 2 1
p104 9 1 1
p105 5 7 1
p106 9 7 0
p107 10 6 0
p108 7 3 1
p109 5 9 1
p110 7 5 0
p111 7 6 0
p112 1 6 1
p113 9 8 0
p114 5 4 0
p115 7 7 0
p116 1 9 1
p117 0 10 0
p118 3 5 0
p119 8 8 0
p120 1 5 0
p121 4 10 0
p122 2 3 1
p123 6 10 1
p124 0 8 0
p125 0 5 0
p126 8 4 0
p127 4 7 1
p128 1 5 1
p129 0 2 0
p130 5 2 1
p131 10 4 0
p132 0 6 0
p133 10 5 1
p134 2 5 0
p135 7 6 1
p136 8 7 0
p137 10 5 1
p138 6 5 1
p139 7 3 0
p140 0 7 1
p141 0 4 0
p142 3 7 1
p143 8 6 1
p144 2 7 0
p145 10 7 1
p146 5 8 1
p147 10 2 1
p148 2 9 1
p149 8 3 1
p150 10 6 1
p151 0 8 1
p152 2 1 1
p153 5 10 0
p154 3 2 1
p155 10 5 1
p156 10 5 0
p157 2 6 1
p158 8 5 1
p159 9 10 0
p160 10 8 1
p161 5 4 1
p162 7 9 1
p163 10 2 0
p164 5 4 1
p165 5 2 0
p166 8 1 0
p167 6 9 1
p168 8 4 0
p169 2 6 1
p170 1 5 0
p171 3 5 1
p172 2 3 0
p173 6 4 1
p174 5 5 0
p175 7 6 1
p176 1 1 1
p177 3 9 1
p178 10 1 0
p179 7 6 1
p180 8 5 1
p181 3 9 1
p182 3 1 1
p183 0 7 0
p184 7 2 1
p185 7 2 0
p186 8 8 0
p187 7 8 1
p188 8 8 1
p189 4 4 0
p190 4 5 0
p191 9 7 0
p192 7 8 0
p193 0 3 1
p194 3 7 0
p195 1 3 1
p196 10 4 0
p197 4 8 1
p198 10 7 1
p199 2 4 0
p200 4 4 1
p201 4 3 1
p202 5 5 0
p203 9 3 0
p204 10 4 0
p205 10 1 0
p206 9 3 1
p207 4 9 0
p208 5 2 0
p209 5 10 1
p210 7 2 0
p211 5 10 0
p212 5 6 0
p213 8 1 1
p214 3 1 0
p215 4 9 0
p216 0 6 0
p217 8 3 0
p218 0 8 1
p219 4 1 0
p220 2 7 1
p221 0 10 0
p222 1 8 0
p223 3 8 0
p224 5 4 1
p225 10 2 1
p226 3 8 1
p227 8 1 1
p228 5 4 0
p229 4 3 1
p230 3 9 1
p231 8 7 1
p232 10 9 0
p233 0 8 0
p234 0 1 1
p235 6 1 1
p236 6 9 0
p237 6 7 1
p238 8 6 0
p239 10 7 1
p240 1 10 1
p241 10 4 0
p242 8 9 0
p243 2 6 1
p244 8 10 0
p245 5 2 0
p246 9 4 0
p247 0 1 0
p248 1 6 0
p249 1 7 0
p250 7 9 1
p251 6 4 0
p252 6 7 1
p253 8 6 0
p254 4 7 1
p255 9 9 1
p256 10 3 0
p257 8 7 1
p258 0 2 0
p259 3 5 0
p260 10 10 0
p261 9 4 1
p262 0 6 1
p263 8 2 0
p264 2 4 0
p265 6 2 1
p266 3 8 1
p267 4 10 1
p268 7 5 0
p269 7 1 0
p270 3 8 1
p271 7 1 0
p272 8 7 1
p273 0 4 1
p274 9 10 0
p275 6 3 0
p276 9 7 1
p277 5 7 1
p278 1 3 1
p279 0 4 1
p280 2 6 0
p281 2 7 1
p282 2 4 1
p283 10 1 1
p284 10 6 0
p285 8 5 0
p286 10 6 0
p287 4 3 0
p288 8 2 0
p289 0 4 0
p290 2 7 1
p291 3 2 1
p292 3 1 1
p293 0 1 1
p294 10 3 0
p295 5 3 0
p296 2 1 1
p297 0 6 0
p298 1 9 1
p299 5 4 0
p300 3 5 1
p301 1 7 0
p302 4 1 0
p303 1 7 0
p304 8 6 0
p305 3 9 0
p306 4 10 0
p307 2 5 0
p308 8 1 0
p309 8 3 1
p310 3 3 0
p311 7 8 0
p312 8 6 0
p313 8 2 1
p314 4 4 0
p315 10 1 1
p316 6 6 0
p317 6 6 1
p318 2 3 1
p319 10 6 1
p320 1 6 1
p321 5 7 0
p322 3 10 1
p323 1 1 0
p324 5 9 0
p325 3 9 0
p326 3 1 1
p327 3 10 0
p328 2 9 0
p329 0 8 0
p330 2 1 1
p331 0 5 0
p332 4 6 1
p333 9 7 0
p334 3 5 0
p335 6 5 0
p336 9 1 0
p337 3 9 0
p338 3 8 0
p339 2 8 0
p340 7 9 0
p341 10 7 0
p342 6 9 1
p343 10 10 1
p344 9 2 1
p345 8 10 0
p346 0 8 0
p347 6 9 0
p348 9 9 1
p349 7 3 0
p350 2 5 0
p351 1 4 0
p352 0 4 0
p353 2 9 1
p354 4 10 1
p355 2 7 0
p356 9 8 0
p357 3 7 0
p358 0 3 0
p359 9 3 0
p360 8 7 0
p361 10 5 0
p362 9 3 1
p363 0 1 1
p364 3 3 0
p365 7 4 0
p366 7 1 1
p367 0 2 1
p368 0 9 1
p369 10 7 1
p370 8 5 1
p371 1 3 1
p372 9 9 0
p373 4 9 0
p374 7 2 0
p375 5 5 1
p376 6 6 1
p377 8 3 0
p378 4 2 0
p379 5 8 0
p380 3 1 0
p381 2 6 0
p382 1 7 0
p383 0 7 0
p384 10 10 0
p385 1 3 0
p386 1 6 1
p387 4 4 1
p388 2 9 0
p389 4 2 0
p390 8 5 0
p391 9 5 1
p392 6 6 1
p393 8 6 1
p394 2 4 0
p395 1 2 0
p396 2 6 1
p397 6 8 0
p398 4 6 0
p399 7 2 0
p400 0 3 0
p401 2 5 0
p402 10 9 1
p403 2 5 0
p404 9 2 1
p405 7 1 1
p406 10 10 0
p407 2 4 1
p408 2 7 0
p409 9 3 0
p410 9 6 0
p411 2 2 0
p412 3 2 0
p413 0 6 1
p414 4 10 0
p415 1 3 1
p416 3 1 0
p417 0 7 0
p418 4 6 0
p419 10 8 0
p420 6 6 0
p421 0 4 1
p422 1 6 0
p423 0 10 1
p424 5 10 1
p425 9 3 1
p426 8 2 1
p427 4 3 1
p428 2 3 1
p429 6 10 0
p430 0 9 0
p431 8 9 1
p432 6 7 1
p433 5 1 0
p434 4 7 1
p435 3 7 1
p436 7 2 0
p437 3 1 0
p438 5 9 1
p439 4 7 0
p440 7 3 1
p441 0 8 1
p442 3 1 1
p443 7 7 1
p444 3 3 1
p445 0 5 1
p446 2 3 0
p447 9 4 1
p448 8 8 1
p449 4 8 1
p450 3 4 1
p451 5 4 0
p452 6 1 1
p453 5 2 1
p454 5 6 1
p455 6 4 0
p456 8 1 0
p457 2 4 1
p458 7 2 0
p459 10 3 1
p460 4 5 0
p461 1 9 1
p462 10 1 0
p463 9 3 1
p464 7 9 0
p465 1 5 1
p466 7 6 1
p467 10 3 1
p468 0 10 0
p469 5 1 1
p470 4 10 1
p471 8 6 1
p472 2 8 1
p473 9 8 0
p474 5 3 0
p475 1 5 0
p476 9 10 1
p477 7 2 0
p478 3 6 1
p479 5 6 1
p480 7 5 0
p481 8 3 1
p482 3 7 1
p483 6 4 0
p484 4 9 0
p485 9 8 0
p486 4 6 1
p487 8 4 1
p488 9 5 0
p489 6 3 1
p490 3 1 1
p491 8 5 0
p492 7 2 0
p493 1 8 1
p494 6 3 1
p495 9 10 0
p496 8 9 0
p497 9 10 1
p498 2 3 0
p499 7 9 0
p500 3 9 0