500
p1 0 3 0
p1 9 2 1
p2 7 2 1
p3 1 5 0
p4 1 4 1
p5 1 3 0
p6 10 6 0
p7 1 4 0
p8 6 7 1
p9 7 10 1
p10 6 2 0
p11 3 2 1
p12 6 8 0
p13 8 6 0
p14 2 10 0
p15 7 9 0
p16 9 6 1
p17 9 7 0
p18 5 1 0
p19 10 1 1
p20 9 8 1
p21 3 9 0
p22 8 5 1
p23 5 9 0
p24 8 5 1
p25 3 2 0
p26 6 7 1
p27 5 5 1
p28 7 6 1
p29 3 3 1
p30 2 1 0
p31 2 1 0
p32 8 8 1
p33 7 1 1
p34 7 7 1
p35 0 9 0
p36 6 9 0
p37 0 3 0
p38 5 5 0
p39 1 3 0
p40 6 7 0
p41 0 10 0
p42 1 4 1
p43 10 7 1
p44 5 6 0
p45 8 9 0
p46 2 6 1
p47 7 3 1
p48 10 7 1
p49 2 8 1
p50 5 7 0
p51 2 5 1
p52 9 1 0
p53 10 8 0
p54 8 6 0
p55 1 1 0
p56 3 2 0
p57 4 9 0
p58 1 7 0
p59 10 1 1
p60 3 7 0
p61 1 5 0
p62 8 3 0
p63 3 2 1
p64 8 3 0
p65 5 1 0
p66 5 10 1
p67 2 6 1
p68 7 5 0
p69 3 9 0
p70 10 5 1
p71 2 8 1
p72 0 3 0
p73 3 3 1
p74 1 5 1
p75 6 5 0
p76 8 3 1
p77 3 4 1
p78 0 2 1
p79 6 7 0
p80 3 3 0
p81 2 1 1
p82 5 5 0
p83 9 5 0
p84 4 2 0
p85 2 1 0
p86 6 4 0
p87 8 4 1
p88 9 7 1
p89 10 7 1
p90 9 9 1
p91 9 4 1
p92 1 8 1
p93 10 3 1
p94 0 1 0
p95 6 4 0
p96 6 4 1
p97 10 3 0
p98 2 5 0
p99 6 8 0
p100 6 10 0
p101 10 5 1
p102 9 4 1
p103 10 7 1
p104 5 8 1
p105 6 1 0
p106 6 2 1
p107 0 2 1
p108 2 7 1
p109 8 1 1
p110 8 8 0
p111 10 4 0
p112 9 1 0
p113 5 3 0
p114 10 4 0
p115 2 7 0
p116 7 4 0
p117 5 2 1
p118 6 2 1
p119 4 2 1
p120 1 1 0
p121 3 5 1
p122 10 10 1
p123 9 4 1
p124 10 7 0
p125 1 5 0
p126 10 5 1
p127 7 9 0
p128 4 5 1
p129 10 8 0
p130 7 6 1
p131 3 2 1
p132 8 8 0
p133 5 1 1
p134 4 6 1
p135 8 3 1
p136 5 2 1
p137 6 10 0
p138 4 2 0
p139 4 2 1
p140 8 6 0
p141 8 7 1
p142 4 2 0
p143 5 9 0
p144 1 6 1
p145 4 8 1
p146 3 9 1
p147 1 8 0
p148 6 4 1
p149 0 2 0
p150 9 10 0
p151 8 5 0
p152 2 9 1
p153 0 3 1
p154 8 2 1
p155 5 4 0
p156 10 1 0
p157 2 9 1
p158 10 10 1
p159 6 8 0
p160 6 10 1
p161 8 1 1
p162 4 6 1
p163 1 1 1
p164 3 8 0
p165 3 1 1
p166 7 2 1
p167 1 5 1
p168 10 1 0
p169 5 2 0
p170 10 7 1
p171 2 9 1
p172 9 10 0
p173 0 3 0
p174 2 10 0
p175 5 1 0
p176 2 1 1
p177 3 3 0
p178 1 10 0
p179 8 7 1
p180 8 3 1
p181 4 1 1
p182 7 5 1
p183 5 5 1
p184 0 1 0
p185 10 2 1
p186 3 5 1
p187 6 6 1
p188 3 4 0
p189 7 8 0
p190 2 9 1
p191 3 2 1
p192 9 3 1
p193 8 7 1
p194 1 3 0
p195 4 3 1
p196 8 5 1
p197 6 3 0
p198 10 3 1
p199 10 5 1
p200 5 4 1
p201 10 5 0
p202 0 7 1
p203 8 4 1
p204 3 6 1
p205 2 5 1
p206 2 3 1
p207 5 10 0
p208 3 8 0
p209 4 9 1
p210 7 8 0
p211 9 10 0
p212 2 5 0
p213 3 9 1
p214 3 7 1
p215 2 1 1
p216 10 10 0
p217 4 1 1
p218 4 2 1
p219 9 6 1
p220 3 4 0
p221 1 10 1
p222 4 3 1
p223 8 3 1
p224 1 8 0
p225 3 10 0
p226 7 3 0
p227 0 6 0
p228 6 2 1
p229 3 3 0
p230 0 7 1
p231 0 8 1
p232 0 9 1
p233 2 6 0
p234 1 7 1
p235 10 7 1
p236 9 1 1
p237 8 4 0
p238 4 5 0
p239 5 5 0
p240 8 8 1
p241 5 7 0
p242 4 9 0
p243 5 2 1
p244 1 5 0
p245 6 5 0
p246 4 4 0
p247 9 1 0
p248 5 10 0
p249 0 2 1
p250 9 5 0
p251 8 1 1
p252 0 2 1
p253 7 10 1
p254 7 1 1
p255 7 1 1
p256 10 10 1
p257 3 2 1
p258 3 5 1
p259 7 10 0
p260 4 2 0
p261 7 6 0
p262 0 5 1
p263 7 3 1
p264 3 1 1
p265 2 3 1
p266 2 10 0
p267 9 7 1
p268 9 4 0
p269 3 3 1
p270 9 10 0
p271 8 3 0
p272 5 1 0
p273 4 4 0
p274 8 5 1
p275 7 8 1
p276 7 9 0
p277 1 1 0
p278 8 7 1
p279 10 3 0
p280 7 6 1
p281 6 10 1
p282 3 4 1
p283 1 1 0
p284 1 2 0
p285 2 5 0
p286 9 4 0
p287 0 6 1
p288 7 8 1
p289 0 10 1
p290 8 6 1
p291 0 4 0
p292 7 4 1
p293 7 10 1
p294 6 6 0
p295 4 2 1
p296 7 5 0
p297 4 10 1
p298 3 6 1
p299 5 10 0
p300 9 1 1
p301 1 10 0
p302 0 9 1
p303 0 10 0
p304 2 7 0
p305 4 2 1
p306 9 8 1
p307 6 10 0
p308 8 3 0
p309 7 3 1
p310 2 2 1
p311 2 7 0
p312 0 7 1
p313 8 9 0
p314 5 10 0
p315 1 3 1
p316 0 4 0
p317 7 6 1
p318 1 8 1
p319 8 7 1
p320 7 3 1
p321 4 2 1
p322 10 9 1
p323 0 8 1
p324 2 2 0
p325 0 3 1
p326 9 8 0
p327 1 9 1
p328 2 5 1
p329 2 5 1
p330 6 8 1
p331 1 7 0
p332 10 8 1
p333 8 2 0
p334 9 10 1
p335 4 8 0
p336 3 9 1
p337 7 9 1
p338 9 1 0
p339 7 6 0
p340 6 10 0
p341 5 2 0
p342 8 10 1
p343 3 2 0
p344 7 8 1
p345 3 4 0
p346 2 3 0
p347 5 2 1
p348 6 4 1
p349 5 10 0
p350 10 5 1
p351 7 3 0
p352 8 10 0
p353 3 10 1
p354 1 7 0
p355 6 1 1
p356 7 5 1
p357 9 8 0
p358 5 8 0
p359 4 5 1
p360 8 10 1
p361 2 3 1
p362 8 4 1
p363 1 8 0
p364 0 6 0
p365 2 1 0
p366 0 6 0
p367 6 5 1
p368 3 6 1
p369 1 9 1
p370 8 1 0
p371 6 2 0
p372 0 5 1
p373 1 1 0
p374 6 10 1
p375 3 1 1
p376 2 8 0
p377 5 5 0
p378 6 10 1
p379 1 1 0
p380 3 3 0
p381 4 6 1
p382 7 10 1
p383 7 8 1
p384 7 8 0
p385 8 8 1
p386 3 9 0
p387 6 5 0
p388 6 2 1
p389 6 2 1
p390 0 7 1
p391 4 8 0
p392 9 5 0
p393 10 7 1
p394 10 7 0
p395 7 2 1
p396 3 4 0
p397 0 10 0
p398 10 2 1
p399 7 10 0
p400 8 2 0
p401 3 8 1
p402 3 1 1
p403 10 6 1
p404 3 4 1
p405 8 6 0
p406 5 2 1
p407 8 2 0
p408 6 8 1
p409 5 2 1
p410 6 6 0
p411 10 3 0
p412 1 6 0
p413 2 2 1
p414 0 2 0
p415 2 1 0
p416 3 3 1
p417 4 9 0
p418 0 3 1
p419 6 8 1
p420 7 3 0
p421 3 8 0
p422 6 10 1
p423 10 5 0
p424 7 7 0
p425 3 6 0
p426 7 3 0
p427 7 3 0
p428 7 3 0
p429 5 10 1
p430 3 5 1
p431 3 6 0
p432 6 5 1
p433 2 10 1
p434 1 9 1
p435 7 9 0
p436 3 2 0
p437 7 3 0
p438 1 1 0
p439 0 7 1
p440 0 2 1
p441 1 5 0
p442 8 4 0
p443 3 1 0
p444 1 6 0
p445 0 9 0
p446 2 6 0
p447 6 5 0
p448 7 10 0
p449 10 1 1
p450 1 7 0
p451 9 10 1
p452 0 9 0
p453 2 5 0
p454 6 10 1
p455 2 6 1
p456 8 4 0
p457 4 10 0
p458 0 6 1
p459 3 4 1
p460 2 5 1
p461 4 6 0
p462 9 2 0
p463 10 6 0
p464 9 10 1
p465 7 2 0
p466 7 5 1
p467 1 10 0
p468 9 7 1
p469 4 1 0
p470 10 7 1
p471 1 10 0
p472 4 6 1
p473 10 7 0
p474 2 6 1
p475 10 8 1
p476 1 4 1
p477 1 7 1
p478 1 4 1
p479 8 4 1
p480 1 8 0
p481 0 8 1
p482 1 8 1
p483 4 2 1
p484 0 3 0
p485 6 2 1
p486 10 3 1
p487 7 9 1
p488 2 6 0
p489 4 5 1
p490 2 10 1
p491 2 10 0
p492 6 10 1
p493 9 2 0
p494 2 3 1
p495 3 3 0
p496 6 2 0
p497 8 10 0
p498 8 6 0
p499 4 5 0
p500 8 3 1