500
p1 0 4 0
p1 10 9 0
p2 8 6 0
p3 8 9 0
p4 8 7 1
p5 8 5 0
p6 0 3 1
p7 2 10 1
p8 7 10 0
p9 6 10 1
p10 7 10 1
p11 1 2 1
p12 8 5 1
p13 1 2 1
p14 9 2 1
p15 2 2 0
p16 6 1 0
p17 3 5 1
p18 4 2 0
p19 5 2 1
p20 2 5 1
p21 0 10 0
p22 3 3 1
p23 9 1 0
p24 0 7 0
p25 10 8 1
p26 10 3 0
p27 0 2 0
p28 7 9 1
p29 8 5 0
p30 0 6 0
p31 8 10 1
p32 0 7 1
p33 1 2 0
p34 3 5 0
p35 7 2 0
p36 10 1 0
p37 0 5 1
p38 10 10 0
p39 3 9 0
p40 7 8 1
p41 5 2 0
p42 7 1 0
p43 9 10 1
p44 2 2 0
p45 2 2 1
p46 1 10 0
p47 3 5 0
p48 10 3 1
p49 4 7 1
p50 3 6 1
p51 3 4 0
p52 6 6 0
p53 5 3 0
p54 8 4 1
p55 2 1 1
p56 8 1 0
p57 2 5 0
p58 3 8 0
p59 9 8 1
p60 2 7 0
p61 7 8 1
p62 6 6 0
p63 9 1 0
p64 8 6 1
p65 4 4 0
p66 3 8 0
p67 10 2 0
p68 5 8 1
p69 0 9 0
p70 4 2 1
p71 5 7 0
p72 6 5 1
p73 3 8 0
p74 3 4 1
p75 10 10 0
p76 10 3 0
p77 5 10 1
p78 7 2 1
p79 4 2 1
p80 2 1 0
p81 1 2 1
p82 5 10 1
p83 7 1 0
p84 4 9 0
p85 9 8 1
p86 7 9 0
p87 10 10 1
p88 0 1 0
p89 1 7 1
p90 0 4 1
p91 7 4 0
p92 7 10 0
p93 6 2 0
p94 3 1 0
p95 6 4 1
p96 6 5 1
p97 7 2 0
p98 6 10 0
p99 8 6 1
p100 2 1 0
p101 10 6 0
p102 6 9 1
p103 3 7 0
p104 6 9 1
p105 6 8 0
p106 0 8 0
p107 7 8 1
p108 1 1 0
p109 3 7 1
p110 10 1 1
p111 0 2 1
p112 6 3 1
p113 0 5 1
p114 9 5 1
p115 5 5 0
p116 5 1 1
p117 9 3 0
p118 10 1 1
p119 1 7 1
p120 3 7 1
p121 3 9 0
p122 8 3 1
p123 1 2 1
p124 10 8 1
p125 6 5 1
p126 1 6 0
p127 7 7 0
p128 5 9 0
p129 10 4 0
p130 8 4 0
p131 0 3 0
p132 7 6 0
p133 10 1 0
p134 2 6 1
p135 0 2 0
p136 8 8 1
p137 3 8 0
p138 3 3 0
p139 7 10 1
p140 6 3 0
p141 0 8 1
p142 9 1 0
p143 8 5 0
p144 4 2 1
p145 6 8 0
p146 7 9 0
p147 1 7 1
p148 7 2 1
p149 0 2 1
p150 2 10 1
p151 7 6 0
p152 2 7 0
p153 7 5 0
p154 10 4 1
p155 10 1 0
p156 7 4 1
p157 8 5 1
p158 7 3 0
p159 4 6 1
p160 2 1 0
p161 5 8 0
p162 3 2 0
p163 1 6 0
p164 7 4 0
p165 3 2 0
p166 7 3 0
p167 7 3 0
p168 4 3 0
p169 0 3 0
p170 10 5 0
p171 0 1 1
p172 9 10 0
p173 6 5 1
p174 6 6 0
p175 3 7 0
p176 1 7 0
p177 8 5 0
p178 1 7 1
p179 10 5 1
p180 10 10 1
p181 4 6 0
p182 6 6 1
p183 7 9 1
p184 1 8 0
p185 9 1 1
p186 3 6 1
p187 5 2 1
p188 0 1 1
p189 3 5 1
p190 10 3 1
p191 8 7 0
p192 5 2 0
p193 2 3 0
p194 0 3 1
p195 7 10 1
p196 3 4 0
p197 3 3 1
p198 5 6 0
p199 2 10 0
p200 10 9 1
p201 8 5 1
p202 7 2 1
p203 4 1 1
p204 2 4 0
p205 7 7 1
p206 0 9 0
p207 2 6 0
p208 1 6 1
p209 6 2 0
p210 3 4 0
p211 5 8 1
p212 1 3 0
p213 7 6 0
p214 8 5 1
p215 4 9 1
p216 2 6 1
p217 8 6 0
p218 0 1 0
p219 4 8 1
p220 8 7 0
p221 2 10 0
p222 4 2 0
p223 7 1 0
p224 0 7 0
p225 0 4 1
p226 8 3 0
p227 7 1 1
p228 7 8 1
p229 6 10 0
p230 0 8 1
p231 2 3 0
p232 7 5 1
p233 0 1 1
p234 4 10 1
p235 1 6 0
p236 4 5 1
p237 2 4 1
p238 9 4 0
p239 4 3 1
p240 0 10 1
p241 2 8 1
p242 2 3 0
p243 10 1 0
p244 9 7 1
p245 8 8 0
p246 8 9 1
p247 4 1 0
p248 2 9 1
p249 10 4 0
p250 1 1 1
p251 6 2 0
p252 1 10 1
p253 4 4 1
p254 7 2 0
p255 9 2 1
p256 1 7 1
p257 8 10 0
p258 4 5 0
p259 9 7 1
p260 6 10 1
p261 2 10 0
p262 5 9 0
p263 4 7 1
p264 10 1 0
p265 4 6 0
p266 0 6 0
p267 10 7 1
p268 2 3 0
p269 8 10 0
p270 1 9 1
p271 8 1 0
p272 4 4 0
p273 6 4 0
p274 5 10 0
p275 6 7 0
p276 7 6 1
p277 5 4 0
p278 3 2 0
p279 2 2 1
p280 2 7 1
p281 0 7 1
p282 2 6 1
p283 7 3 0
p284 10 5 1
p285 3 2 0
p286 8 8 1
p287 0 9 0
p288 8 3 1
p289 2 7 0
p290 2 9 0
p291 1 6 0
p292 1 1 0
p293 6 2 0
p294 9 4 1
p295 4 3 0
p296 1 9 1
p297 5 5 1
p298 4 3 1
p299 9 1 1
p300 6 4 1
p301 7 2 0
p302 8 8 0
p303 1 4 0
p304 1 3 1
p305 3 8 1
p306 2 4 0
p307 2 8 0
p308 7 1 1
p309 0 6 1
p310 1 6 1
p311 3 1 0
p312 2 4 1
p313 2 5 1
p314 5 4 1
p315 10 1 0
p316 0 1 0
p317 0 9 1
p318 3 1 1
p319 1 6 0
p320 0 6 0
p321 6 6 0
p322 2 5 1
p323 0 4 1
p324 1 5 0
p325 3 3 0
p326 3 1 1
p327 8 9 1
p328 0 2 1
p329 7 5 0
p330 3 10 0
p331 4 10 1
p332 7 9 1
p333 9 5 0
p334 9 2 0
p335 6 2 1
p336 5 7 1
p337 5 10 0
p338 6 8 1
p339 8 4 1
p340 3 10 1
p341 9 6 0
p342 3 4 0
p343 10 3 0
p344 10 1 1
p345 2 9 1
p346 9 2 1
p347 9 10 1
p348 6 2 0
p349 10 9 1
p350 5 6 0
p351 3 2 1
p352 1 9 0
p353 9 3 0
p354 5 10 0
p355 10 2 1
p356 5 2 0
p357 4 2 0
p358 1 10 1
p359 5 9 1
p360 3 4 0
p361 5 9 1
p362 6 1 1
p363 2 2 0
p364 0 7 1
p365 7 9 0
p366 5 9 0
p367 1 4 1
p368 8 6 1
p369 7 2 1
p370 8 6 0
p371 1 7 1
p372 8 5 1
p373 6 7 0
p374 7 2 0
p375 1 8 1
p376 7 4 1
p377 3 5 0
p378 9 10 1
p379 6 4 0
p380 6 7 0
p381 10 3 0
p382 0 6 0
p383 10 2 0
p384 5 9 0
p385 10 5 1
p386 4 1 0
p387 1 2 1
p388 7 6 0
p389 8 7 0
p390 8 3 0
p391 9 10 0
p392 4 6 1
p393 10 2 1
p394 5 10 1
p395 1 6 1
p396 3 4 1
p397 6 8 0
p398 8 7 1
p399 6 2 1
p400 8 2 0
p401 0 8 1
p402 4 10 1
p403 4 4 0
p404 7 5 1
p405 8 5 0
p406 6 3 1
p407 8 3 1
p408 6 10 1
p409 5 3 0
p410 2 3 0
p411 2 1 1
p412 2 3 1
p413 10 3 0
p414 3 6 0
p415 6 8 1
p416 6 9 1
p417 6 8 1
p418 7 3 0
p419 3 5 0
p420 5 9 0
p421 7 9 0
p422 5 7 1
p423 4 7 1
p424 5 10 1
p425 8 7 0
p426 7 5 1
p427 3 5 0
p428 2 9 0
p429 10 3 0
p430 10 9 1
p431 9 1 1
p432 7 4 1
p433 9 5 0
p434 4 10 1
p435 9 9 1
p436 1 6 0
p437 3 1 0
p438 4 10 0
p439 4 10 0
p440 10 9 0
p441 1 5 0
p442 3 1 0
p443 4 10 0
p444 1 4 1
p445 8 10 1
p446 10 6 0
p447 10 3 1
p448 2 8 0
p449 2 5 1
p450 6 6 0
p451 6 5 0
p452 7 1 0
p453 2 8 1
p454 7 4 0
p455 3 2 1
p456 7 6 0
p457 6 4 0
p458 0 10 1
p459 5 3 1
p460 7 6 1
p461 6 9 1
p462 9 3 1
p463 3 3 0
p464 2 3 1
p465 4 4 1
p466 2 7 0
p467 10 4 0
p468 7 10 1
p469 10 6 1
p470 8 9 0
p471 0 1 1
p472 9 6 1
p473 7 8 0
p474 2 4 0
p475 0 1 0
p476 3 6 0
p477 5 9 1
p478 7 10 0
p479 4 9 1
p480 5 2 1
p481 7 1 1
p482 5 6 1
p483 2 5 0
p484 8 7 1
p485 8 7 0
p486 2 5 1
p487 10 10 1
p488 10 5 0
p489 6 2 1
p490 10 2 0
p491 10 2 0
p492 0 4 1
p493 0 9 0
p494 0 10 0
p495 7 3 0
p496 7 1 1
p497 3 10 0
p498 5 7 1
p499 7 9 0
p500 0 3 1