500
p1 0 6 0
p1 3 6 0
p2 5 3 1
p3 2 10 0
p4 4 7 0
p5 0 1 1
p6 6 9 1
p7 8 2 1
p8 8 9 0
p9 1 3 1
p10 5 9 1
p11 8 7 0
p12 7 2 0
p13 7 9 0
p14 10 10 0
p15 0 2 1
p16 7 9 1
p17 7 10 1
p18 7 5 1
p19 2 2 1
p20 5 6 1
p21 5 1 0
p22 3 3 1
p23 7 5 1
p24 7 8 0
p25 0 10 1
p26 2 7 0
p27 4 5 1
p28 8 1 0
p29 8 10 1
p30 5 9 0
p31 7 9 0
p32 4 1 1
p33 3 6 1
p34 5 6 0
p35 9 7 1
p36 8 5 1
p37 3 7 0
p38 2 3 0
p39 3 7 1
p40 5 6 0
p41 3 2 0
p42 2 3 1
p43 0 10 0
p44 6 5 1
p45 3 7 0
p46 3 4 0
p47 2 9 0
p48 2 1 1
p49 0 8 1
p50 9 9 0
p51 9 3 1
p52 7 10 1
p53 1 7 1
p54 1 4 1
p55 1 5 1
p56 9 5 0
p57 9 5 0
p58 9 7 1
p59 10 5 0
p60 5 1 0
p61 10 2 1
p62 0 8 0
p63 9 9 0
p64 9 4 1
p65 5 7 1
p66 1 5 0
p67 9 4 0
p68 6 2 1
p69 5 2 1
p70 2 2 1
p71 8 5 1
p72 3 6 0
p73 10 9 1
p74 7 6 0
p75 0 1 0
p76 1 10 1
p77 4 9 0
p78 7 6 1
p79 2 5 1
p80 7 3 0
p81 4 8 0
p82 6 6 0
p83 9 6 0
p84 2 5 1
p85 8 5 0
p86 5 4 1
p87 0 6 1
p88 2 4 0
p89 10 9 0
p90 10 5 1
p91 7 5 0
p92 1 10 0
p93 0 8 1
p94 3 6 1
p95 8 3 1
p96 8 1 1
p97 4 3 0
p98 1 10 1
p99 6 1 1
p100 1 6 1
p101 10 2 0
p102 4 10 1
p103 9 8 0
p104 0 4 0
p105 6 7 0
p106 1 5 0
p107 8 9 1
p108 0 9 0
p109 2 7 0
p110 3 9 0
p111 2 1 1
p112 9 1 0
p113 6 3 1
p114 6 4 0
p115 4 1 0
p116 10 8 0
p117 7 7 1
p118 3 7 1
p119 0 7 1
p120 6 3 1
p121 10 4 1
p122 5 1 1
p123 3 1 1
p124 0 4 1
p125 10 5 1
p126 8 1 0
p127 4 7 1
p128 6 2 1
p129 9 1 1
p130 4 1 1
p131 5 3 0
p132 9 4 0
p133 5 9 1
p134 8 1 0
p135 0 1 1
p136 0 10 1
p137 7 9 1
p138 6 9 0
p139 0 8 0
p140 7 4 1
p141 3 7 1
p142 4 8 1
p143 3 7 1
p144 1 7 0
p145 2 2 0
p146 2 6 1
p147 9 5 1
p148 4 9 1
p149 5 4 0
p150 7 9 1
p151 8 1 0
p152 3 1 1
p153 7 6 1
p154 3 6 1
p155 10 9 0
p156 1 10 0
p157 1 7 0
p158 6 2 1
p159 4 2 0
p160 0 4 0
p161 0 3 0
p162 8 7 1
p163 0 9 0
p164 10 8 0
p165 4 7 0
p166 2 6 1
p167 1 7 1
p168 10 8 1
p169 1 6 0
p170 5 10 1
p171 6 4 1
p172 9 6 1
p173 2 4 1
p174 10 3 0
p175 0 1 0
p176 7 8 0
p177 3 5 0
p178 1 3 1
p179 0 5 0
p180 10 4 0
p181 9 10 1
p182 1 4 1
p183 10 7 0
p184 9 4 0
p185 5 2 0
p186 2 1 0
p187 3 2 0
p188 9 1 0
p189 10 10 1
p190 10 2 0
p191 8 8 1
p192 4 6 0
p193 7 9 0
p194 2 1 0
p195 1 6 1
p196 5 4 1
p197 6 3 1
p198 3 7 1
p199 6 9 0
p200 4 3 1
p201 0 7 1
p202 2 6 0
p203 6 9 0
p204 3 5 0
p205 0 2 0
p206 7 7 1
p207 9 10 1
p208 10 7 0
p209 0 9 0
p210 9 4 0
p211 4 6 0
p212 5 3 1
p213 0 2 1
p214 10 6 0
p215 3 2 1
p216 1 1 1
p217 7 4 0
p218 0 3 0
p219 5 2 1
p220 2 7 0
p221 5 3 1
p222 7 9 1
p223 4 8 1
p224 0 4 0
p225 10 6 0
p226 9 10 0
p227 4 1 1
p228 1 1 0
p229 2 10 1
p230 8 4 1
p231 3 9 1
p232 9 7 1
p233 2 7 1
p234 10 7 0
p235 5 2 1
p236 4 3 0
p237 3 6 0
p238 0 4 0
p239 4 10 1
p240 3 5 1
p241 8 4 1
p242 8 3 1
p243 10 8 0
p244 2 7 0
p245 2 1 1
p246 4 9 1
p247 5 6 1
p248 10 4 0
p249 10 8 1
p250 10 9 1
p251 9 5 0
p252 2 10 1
p253 5 3 0
p254 3 3 0
p255 7 5 1
p256 0 4 1
p257 7 1 0
p258 6 6 1
p259 0 2 0
p260 0 9 0
p261 3 9 0
p262 2 2 0
p263 1 8 0
p264 7 1 1
p265 2 9 1
p266 5 5 1
p267 7 3 1
p268 10 7 1
p269 1 6 0
p270 4 3 0
p271 2 6 0
p272 8 9 1
p273 3 5 0
p274 8 3 0
p275 7 1 1
p276 4 9 1
p277 0 10 1
p278 0 7 0
p279 2 4 1
p280 4 2 1
p281 7 4 0
p282 3 10 0
p283 9 3 0
p284 6 10 0
p285 10 2 1
p286 1 1 1
p287 5 4 0
p288 3 8 0
p289 2 1 0
p290 1 6 1
p291 0 1 0
p292 0 6 1
p293 3 10 1
p294 1 2 0
p295 4 5 1
p296 9 5 0
p297 4 9 1
p298 9 6 0
p299 0 5 0
p300 10 3 1
p301 7 10 1
p302 6 4 0
p303 0 5 1
p304 9 8 0
p305 2 5 1
p306 8 10 1
p307 6 9 1
p308 8 7 0
p309 3 5 0
p310 2 9 0
p311 9 2 0
p312 7 9 1
p313 10 9 1
p314 5 7 0
p315 7 10 1
p316 5 4 0
p317 7 10 0
p318 8 9 0
p319 0 2 0
p320 7 7 0
p321 6 5 1
p322 7 4 1
p323 8 1 0
p324 5 7 0
p325 2 1 1
p326 9 3 0
p327 9 6 1
p328 9 2 1
p329 2 5 0
p330 3 1 0
p331 9 5 0
p332 3 3 1
p333 2 2 1
p334 6 9 1
p335 2 1 0
p336 0 3 0
p337 8 8 1
p338 8 5 0
p339 8 10 1
p340 9 6 1
p341 2 5 1
p342 5 7 1
p343 3 4 0
p344 6 4 1
p345 8 6 1
p346 2 7 1
p347 5 5 0
p348 0 1 0
p349 6 10 0
p350 0 5 1
p351 2 5 1
p352 5 6 1
p353 5 8 1
p354 7 3 0
p355 6 10 1
p356 3 9 1
p357 9 10 0
p358 0 4 0
p359 3 1 1
p360 0 4 1
p361 3 7 0
p362 0 2 1
p363 1 5 0
p364 0 6 0
p365 9 8 0
p366 10 9 0
p367 1 3 0
p368 2 2 1
p369 10 10 1
p370 9 5 1
p371 2 4 1
p372 6 3 0
p373 9 7 0
p374 10 2 1
p375 6 3 0
p376 2 3 0
p377 0 4 1
p378 2 2 0
p379 6 5 1
p380 0 4 0
p381 1 4 1
p382 3 10 1
p383 0 7 1
p384 6 6 0
p385 6 5 0
p386 4 9 0
p387 5 7 0
p388 3 7 1
p389 0 6 1
p390 7 5 0
p391 2 5 1
p392 8 6 0
p393 2 6 0
p394 7 2 1
p395 10 1 0
p396 9 9 0
p397 10 6 0
p398 3 3 0
p399 1 7 1
p400 2 3 0
p401 1 8 0
p402 2 7 0
p403 9 2 1
p404 9 8 0
p405 10 10 0
p406 7 7 1
p407 4 7 0
p408 8 10 0
p409 10 1 1
p410 8 5 1
p411 6 5 0
p412 9 3 1
p413 8 2 0
p414 1 7 1
p415 7 1 0
p416 7 4 1
p417 6 4 1
p418 6 7 0
p419 10 1 0
p420 8 5 0
p421 5 3 1
p422 4 4 1
p423 8 8 0
p424 7 6 0
p425 10 9 1
p426 1 9 0
p427 3 4 1
p428 2 9 1
p429 0 3 0
p430 8 7 0
p431 6 1 1
p432 5 9 0
p433 3 10 1
p434 4 5 0
p435 9 5 1
p436 10 7 1
p437 1 3 1
p438 9 5 1
p439 8 4 1
p440 8 6 0
p441 6 4 0
p442 5 3 0
p443 4 7 1
p444 9 8 1
p445 1 6 1
p446 8 6 1
p447 0 7 1
p448 8 1 0
p449 10 6 1
p450 6 2 0
p451 6 6 1
p452 9 1 1
p453 1 8 0
p454 6 10 1
p455 0 1 0
p456 0 3 0
p457 8 3 0
p458 6 5 0
p459 3 1 1
p460 10 1 0
p461 1 4 1
p462 2 2 1
p463 5 3 0
p464 2 6 0
p465 10 7 0
p466 0 10 1
p467 8 4 1
p468 0 1 1
p469 7 7 0
p470 5 4 0
p471 10 1 1
p472 8 10 0
p473 9 7 1
p474 10 5 0
p475 4 7 0
p476 5 6 1
p477 7 10 0
p478 8 5 1
p479 10 3 1
p480 3 3 0
p481 0 4 0
p482 1 4 0
p483 6 1 0
p484 6 5 0
p485 4 7 1
p486 0 10 0
p487 5 5 1
p488 3 8 1
p489 2 4 0
p490 3 4 0
p491 1 10 1
p492 2 5 0
p493 1 1 1
p494 6 2 1
p495 6 3 0
p496 1 1 1
p497 9 4 1
p498 10 1 0
p499 10 10 1
p500 7 9 0