500
p1 0 8 0
p1 5 1 1
p2 2 6 1
p3 3 1 0
p4 10 1 1
p5 7 4 0
p6 10 3 0
p7 4 5 0
p8 6 3 0
p9 7 6 1
p10 8 5 0
p11 4 5 0
p12 2 6 1
p13 2 2 0
p14 1 4 0
p15 8 1 1
p16 0 8 1
p17 2 9 1
p18 8 9 1
p19 9 1 0
p20 5 2 0
p21 7 5 0
p22 6 3 1
p23 7 7 0
p24 1 4 1
p25 5 5 0
p26 5 6 1
p27 6 5 1
p28 4 10 1
p29 8 5 1
p30 4 10 0
p31 5 7 0
p32 3 6 1
p33 2 5 1
p34 5 2 0
p35 7 1 1
p36 9 5 0
p37 3 10 1
p38 8 8 0
p39 6 5 1
p40 0 10 0
p41 2 3 0
p42 3 5 1
p43 7 8 0
p44 1 7 1
p45 0 6 0
p46 0 7 0
p47 8 7 0
p48 7 8 1
p49 3 6 0
p50 6 4 1
p51 5 4 0
p52 9 10 0
p53 9 8 1
p54 0 2 1
p55 7 9 1
p56 8 5 1
p57 10 6 0
p58 7 3 1
p59 1 1 1
p60 10 4 0
p61 5 1 1
p62 1 2 0
p63 1 3 1
p64 5 7 1
p65 8 1 1
p66 5 3 0
p67 1 10 1
p68 0 2 1
p69 1 8 0
p70 3 2 1
p71 9 8 0
p72 10 7 1
p73 7 5 1
p74 9 7 0
p75 3 3 0
p76 2 10 1
p77 1 5 0
p78 1 3 1
p79 4 5 1
p80 5 4 0
p81 8 7 1
p82 4 3 0
p83 4 8 0
p84 1 4 0
p85 8 7 1
p86 10 7 0
p87 3 10 0
p88 7 1 1
p89 7 4 1
p90 1 1 1
p91 10 8 1
p92 5 4 0
p93 7 4 1
p94 8 4 0
p95 8 7 0
p96 7 7 0
p97 8 8 1
p98 10 7 0
p99 3 10 1
p100 8 1 0
p101 5 7 1
p102 3 7 0
p103 9 4 0
p104 9 6 1
p105 1 8 1
p106 8 5 0
p107 10 8 1
p108 8 10 0
p109 2 5 1
p110 7 10 1
p111 5 5 0
p112 4 2 0
p113 9 3 1
p114 10 3 0
p115 9 9 1
p116 1 7 1
p117 10 4 1
p118 4 10 0
p119 0 4 1
p120 2 3 0
p121 2 9 0
p122 9 7 0
p123 4 10 0
p124 8 7 1
p125 2 9 1
p126 7 3 0
p127 8 6 1
p128 0 7 0
p129 6 2 1
p130 6 4 1
p131 5 10 1
p132 10 1 0
p133 10 3 1
p134 3 2 0
p135 8 3 0
p136 9 4 0
p137 4 3 0
p138 3 4 0
p139 1 10 0
p140 9 7 1
p141 0 2 0
p142 9 2 1
p143 9 9 1
p144 7 9 0
p145 1 10 0
p146 7 9 0
p147 8 9 0
p148 0 7 1
p149 9 2 1
p150 5 7 1
p151 10 9 1
p152 1 4 0
p153 9 4 0
p154 9 5 1
p155 1 8 0
p156 1 1 0
p157 4 7 1
p158 4 1 1
p159 1 6 0
p160 4 8 0
p161 4 6 0
p162 7 9 0
p163 9 6 1
p164 2 3 1
p165 10 9 0
p166 4 2 0
p167 7 1 1
p168 8 4 1
p169 3 3 0
p170 3 10 0
p171 3 1 1
p172 3 9 1
p173 2 9 1
p174 6 2 1
p175 0 3 1
p176 7 5 1
p177 10 6 1
p178 3 9 1
p179 8 8 1
p180 0 7 0
p181 8 2 1
p182 5 2 1
p183 0 2 0
p184 6 9 1
p185 8 5 1
p186 4 9 0
p187 9 4 1
p188 10 5 1
p189 3 4 0
p190 0 10 0
p191 2 5 0
p192 3 2 1
p193 10 7 1
p194 7 6 1
p195 9 5 0
p196 3 1 0
p197 3 8 1
p198 4 6 0
p199 1 2 1
p200 1 6 0
p201 3 1 1
p202 10 7 0
p203 1 5 0
p204 1 4 0
p205 1 5 0
p206 4 3 0
p207 4 1 1
p208 8 4 0
p209 10 6 1
p210 5 1 1
p211 3 7 1
p212 3 6 0
p213 6 1 0
p214 0 3 1
p215 4 3 1
p216 4 2 1
p217 4 6 1
p218 9 6 0
p219 10 9 0
p220 9 8 0
p221 6 4 0
p222 3 2 0
p223 2 5 0
p224 3 9 1
p225 9 2 1
p226 9 2 0
p227 4 3 0
p228 8 10 1
p229 10 5 1
p230 0 9 1
p231 5 9 0
p232 10 10 1
p233 5 7 0
p234 2 8 0
p235 10 4 1
p236 5 6 0
p237 2 2 1
p238 6 5 0
p239 1 8 0
p240 7 10 0
p241 8 8 0
p242 6 10 1
p243 4 7 1
p244 7 10 0
p245 2 10 0
p246 5 9 1
p247 10 2 0
p248 6 8 0
p249 4 10 0
p250 10 8 1
p251 1 1 0
p252 4 6 1
p253 9 1 1
p254 9 1 0
p255 3 10 1
p256 10 6 1
p257 6 2 1
p258 6 2 0
p259 3 7 1
p260 7 3 1
p261 9 7 1
p262 8 5 1
p263 4 3 1
p264 3 3 1
p265 5 1 0
p266 7 7 1
p267 5 2 1
p268 9 4 0
p269 2 7 0
p270 9 7 0
p271 1 7 0
p272 6 2 1
p273 0 3 1
p274 8 10 1
p275 0 9 1
p276 4 3 1
p277 1 7 1
p278 10 8 0
p279 4 1 0
p280 8 8 1
p281 9 5 1
p282 8 6 0
p283 4 6 1
p284 10 7 0
p285 9 10 0
p286 4 5 0
p287 3 9 1
p288 0 5 0
p289 10 2 1
p290 5 2 0
p291 2 9 0
p292 9 6 0
p293 8 10 1
p294 6 3 0
p295 4 2 1
p296 5 3 1
p297 6 7 1
p298 9 6 1
p299 1 5 1
p300 7 9 0
p301 10 6 0
p302 10 4 1
p303 5 3 0
p304 0 6 1
p305 8 4 0
p306 3 5 0
p307 9 5 0
p308 8 8 1
p309 7 4 0
p310 10 4 0
p311 3 5 0
p312 5 6 1
p313 2 9 1
p314 5 1 1
p315 6 10 0
p316 1 7 0
p317 4 10 1
p318 3 4 0
p319 9 5 1
p320 8 10 1
p321 9 7 1
p322 7 8 0
p323 4 7 0
p324 4 3 0
p325 7 9 1
p326 1 8 0
p327 6 4 1
p328 5 4 0
p329 5 1 0
p330 8 7 1
p331 10 3 1
p332 6 3 1
p333 10 6 1
p334 10 7 1
p335 0 1 0
p336 3 5 1
p337 4 6 0
p338 8 3 1
p339 3 1 0
p340 8 9 0
p341 6 3 0
p342 4 9 0
p343 2 2 1
p344 0 10 0
p345 9 4 0
p346 8 3 1
p347 0 9 0
p348 0 7 0
p349 5 6 1
p350 6 5 1
p351 9 9 1
p352 8 1 1
p353 1 4 1
p354 4 3 0
p355 5 1 1
p356 0 5 1
p357 4 4 1
p358 8 4 0
p359 7 6 1
p360 7 1 1
p361 2 9 1
p362 0 2 0
p363 0 2 1
p364 7 3 1
p365 1 6 1
p366 4 1 1
p367 2 4 1
p368 3 8 0
p369 1 1 1
p370 2 3 0
p371 8 2 0
p372 7 3 1
p373 9 3 0
p374 7 4 0
p375 7 7 1
p376 2 5 0
p377 5 2 1
p378 7 5 0
p379 8 4 1
p380 1 4 1
p381 1 9 1
p382 8 10 1
p383 5 8 1
p384 7 6 0
p385 3 2 0
p386 9 5 0
p387 1 9 1
p388 7 1 0
p389 10 1 1
p390 5 8 1
p391 10 4 1
p392 2 9 0
p393 1 4 0
p394 9 2 1
p395 7 4 0
p396 7 9 0
p397 0 7 1
p398 0 9 1
p399 9 8 1
p400 6 2 0
p401 1 8 1
p402 4 6 0
p403 4 10 1
p404 5 2 0
p405 10 7 1
p406 3 1 0
p407 10 2 0
p408 9 8 0
p409 6 6 0
p410 2 1 1
p411 1 8 0
p412 10 4 0
p413 10 10 1
p414 8 5 0
p415 9 5 0
p416 5 3 1
p417 3 6 0
p418 4 2 1
p419 7 1 0
p420 6 5 0
p421 6 2 1
p422 8 8 0
p423 7 10 0
p424 9 5 0
p425 8 3 0
p426 0 1 0
p427 2 6 0
p428 2 6 1
p429 9 2 0
p430 1 10 0
p431 2 5 1
p432 2 7 0
p433 3 1 1
p434 0 8 0
p435 7 4 0
p436 3 2 0
p437 1 5 0
p438 10 6 1
p439 4 10 0
p440 1 4 1
p441 10 2 1
p442 0 10 0
p443 3 3 0
p444 3 1 0
p445 8 8 1
p446 7 8 0
p447 0 7 0
p448 1 10 1
p449 3 1 0
p450 2 5 1
p451 2 4 0
p452 1 5 0
p453 2 8 0
p454 1 10 0
p455 8 3 1
p456 9 4 1
p457 2 9 1
p458 2 3 1
p459 9 3 1
p460 10 4 1
p461 4 1 1
p462 5 4 1
p463 3 9 0
p464 9 7 1
p465 5 10 1
p466 7 1 0
p467 8 9 1
p468 5 2 1
p469 2 3 1
p470 10 5 0
p471 0 7 1
p472 1 4 0
p473 1 7 1
p474 3 8 1
p475 8 10 0
p476 4 7 0
p477 5 1 1
p478 2 8 0
p479 7 3 0
p480 0 2 0
p481 4 5 1
p482 10 3 0
p483 8 2 1
p484 6 9 0
p485 8 6 1
p486 9 4 1
p487 5 6 1
p488 10 4 1
p489 5 8 1
p490 6 6 0
p491 5 9 1
p492 5 8 1
p493 7 8 1
p494 6 7 1
p495 9 3 0
p496 9 6 1
p497 4 9 1
p498 5 7 0
p499 1 5 1
p500 1 5 1