500
p1 0 7 1
p1 3 5 0
p2 8 9 1
p3 10 7 0
p4 10 10 0
p5 0 10 0
p6 8 10 0
p7 2 9 1
p8 7 6 0
p9 9 10 0
p10 5 9 1
p11 5 7 1
p12 6 10 1
p13 4 4 0
p14 1 8 1
p15 9 3 0
p16 8 10 1
p17 3 10 1
p18 4 5 1
p19 7 7 0
p20 1 9 1
p21 6 3 1
p22 8 10 0
p23 10 8 1
p24 1 6 0
p25 4 9 0
p26 2 2 1
p27 0 5 1
p28 8 1 1
p29 2 5 0
p30 9 10 0
p31 2 3 0
p32 6 10 1
p33 2 10 0
p34 4 10 0
p35 5 1 0
p36 9 3 0
p37 7 7 0
p38 5 8 1
p39 8 4 1
p40 2 6 0
p41 2 2 1
p42 2 1 0
p43 10 10 1
p44 6 7 0
p45 4 7 0
p46 0 5 1
p47 10 8 1
p48 6 9 0
p49 4 5 1
p50 5 1 0
p51 4 7 1
p52 3 7 1
p53 1 1 1
p54 6 10 1
p55 10 4 1
p56 7 7 1
p57 5 8 1
p58 9 4 1
p59 1 6 1
p60 7 10 1
p61 10 7 1
p62 3 8 1
p63 1 2 0
p64 8 2 1
p65 0 5 0
p66 7 2 1
p67 5 2 0
p68 9 5 1
p69 5 2 1
p70 8 8 0
p71 7 8 0
p72 4 4 0
p73 10 8 1
p74 1 10 0
p75 5 8 0
p76 3 10 1
p77 5 9 0
p78 6 5 0
p79 7 8 1
p80 7 2 0
p81 0 7 0
p82 1 3 1
p83 3 2 0
p84 2 10 0
p85 6 6 1
p86 5 3 0
p87 2 1 0
p88 4 8 0
p89 7 10 1
p90 10 1 0
p91 9 6 0
p92 3 10 0
p93 6 2 0
p94 5 3 1
p95 1 9 0
p96 10 9 1
p97 0 8 1
p98 7 8 0
p99 5 5 1
p100 10 9 1
p101 6 9 1
p102 2 4 0
p103 7 8 0
p104 2 6 0
p105 8 1 0
p106 7 9 0
p107 1 9 0
p108 6 4 1
p109 6 8 1
p110 4 9 1
p111 0 6 0
p112 2 8 1
p113 9 1 0
p114 3 1 1
p115 6 5 1
p116 1 5 1
p117 4 8 0
p118 7 6 1
p119 1 5 0
p120 6 8 0
p121 6 6 0
p122 3 1 1
p123 9 8 1
p124 8 8 0
p125 4 4 0
p126 10 4 0
p127 10 7 1
p128 9 2 0
p129 6 9 1
p130 8 3 0
p131 3 10 1
p132 6 2 1
p133 10 4 0
p134 6 1 1
p135 0 1 0
p136 9 4 0
p137 5 9 0
p138 0 6 0
p139 1 1 0
p140 2 10 0
p141 4 3 1
p142 0 5 0
p143 8 6 0
p144 6 4 0
p145 6 3 0
p146 1 7 1
p147 3 10 0
p148 3 1 1
p149 7 9 1
p150 8 6 0
p151 8 1 1
p152 4 1 1
p153 10 6 0
p154 1 6 1
p155 6 9 1
p156 9 8 0
p157 5 10 1
p158 3 10 1
p159 3 10 0
p160 8 2 1
p161 2 6 0
p162 0 5 0
p163 9 1 0
p164 0 5 1
p165 5 3 1
p166 2 1 0
p167 10 9 1
p168 0 4 0
p169 5 5 1
p170 5 4 0
p171 0 9 1
p172 2 5 0
p173 2 8 0
p174 5 3 1
p175 8 7 1
p176 4 1 0
p177 6 5 0
p178 3 8 1
p179 0 1 0
p180 2 5 1
p181 6 5 1
p182 3 1 1
p183 1 4 0
p184 6 2 0
p185 9 8 0
p186 1 4 1
p187 3 9 1
p188 9 2 1
p189 10 3 1
p190 8 1 1
p191 10 10 0
p192 7 5 0
p193 1 1 1
p194 8 2 1
p195 6 4 0
p196 0 10 1
p197 2 9 0
p198 0 3 1
p199 0 8 1
p200 10 9 1
p201 7 1 1
p202 7 2 1
p203 8 8 1
p204 0 10 1
p205 1 8 0
p206 8 2 1
p207 0 2 0
p208 4 5 0
p209 2 7 1
p210 3 2 1
p211 0 4 1
p212 7 1 0
p213 9 10 1
p214 2 10 0
p215 4 10 1
p216 2 9 0
p217 8 10 1
p218 0 5 1
p219 1 1 1
p220 4 4 0
p221 8 7 0
p222 10 6 0
p223 6 9 1
p224 4 7 0
p225 3 2 1
p226 7 9 0
p227 5 8 1
p228 10 9 0
p229 7 6 0
p230 0 6 0
p231 4 9 0
p232 6 7 1
p233 2 7 1
p234 0 4 1
p235 8 3 0
p236 4 5 1
p237 9 2 0
p238 1 8 1
p239 1 5 0
p240 0 4 0
p241 4 6 0
p242 9 3 1
p243 3 1 1
p244 1 5 1
p245 7 6 1
p246 1 9 0
p247 9 7 1
p248 4 5 0
p249 9 7 0
p250 10 4 0
p251 1 10 1
p252 3 7 1
p253 1 7 1
p254 8 8 0
p255 0 1 1
p256 9 5 1
p257 10 5 0
p258 7 6 0
p259 8 4 1
p260 9 5 0
p261 0 9 1
p262 3 2 1
p263 3 4 1
p264 1 2 1
p265 8 8 1
p266 8 10 1
p267 4 8 0
p268 5 9 1
p269 10 8 1
p270 8 4 1
p271 0 1 1
p272 10 4 1
p273 5 10 0
p274 4 5 1
p275 1 7 1
p276 10 4 0
p277 9 2 0
p278 9 1 0
p279 10 4 0
p280 7 10 1
p281 2 4 1
p282 5 3 0
p283 7 8 1
p284 9 3 0
p285 5 6 0
p286 10 3 1
p287 7 4 0
p288 7 6 0
p289 2 6 1
p290 3 7 0
p291 6 5 1
p292 10 1 0
p293 8 3 1
p294 3 8 1
p295 6 9 1
p296 0 4 1
p297 6 4 0
p298 4 4 0
p299 10 9 1
p300 10 3 0
p301 10 3 0
p302 10 8 0
p303 9 3 1
p304 1 10 0
p305 9 9 0
p306 3 4 0
p307 4 4 1
p308 7 3 1
p309 1 2 1
p310 7 2 1
p311 3 5 1
p312 8 8 0
p313 1 10 1
p314 10 4 0
p315 2 2 1
p316 6 8 0
p317 3 10 0
p318 2 1 0
p319 0 3 1
p320 4 5 0
p321 0 3 1
p322 7 4 0
p323 8 7 1
p324 10 5 1
p325 1 7 0
p326 10 4 1
p327 2 9 1
p328 8 8 1
p329 5 5 1
p330 7 2 0
p331 7 6 0
p332 7 7 1
p333 4 9 1
p334 6 8 1
p335 2 4 0
p336 0 4 1
p337 1 9 0
p338 8 6 1
p339 6 3 1
p340 8 1 0
p341 7 10 1
p342 4 7 0
p343 9 7 0
p344 8 2 0
p345 2 8 1
p346 3 2 0
p347 2 5 1
p348 5 2 0
p349 1 7 1
p350 0 6 1
p351 5 5 0
p352 5 7 1
p353 4 2 1
p354 3 10 0
p355 7 2 1
p356 6 8 0
p357 0 10 0
p358 8 7 1
p359 5 2 0
p360 10 6 1
p361 2 4 0
p362 2 2 0
p363 6 6 1
p364 5 7 0
p365 5 9 0
p366 8 9 1
p367 3 1 0
p368 10 4 1
p369 5 3 0
p370 7 6 1
p371 0 2 0
p372 10 4 0
p373 9 6 1
p374 4 8 1
p375 3 1 0
p376 7 4 0
p377 8 8 0
p378 7 8 1
p379 9 7 1
p380 4 5 0
p381 1 4 1
p382 4 5 1
p383 4 2 0
p384 7 8 1
p385 5 2 1
p386 4 7 1
p387 7 1 0
p388 7 3 1
p389 4 5 1
p390 9 4 1
p391 4 9 0
p392 4 2 0
p393 0 1 1
p394 7 7 0
p395 9 9 0
p396 8 7 0
p397 5 9 0
p398 8 7 0
p399 5 4 0
p400 4 5 0
p401 9 4 0
p402 7 4 1
p403 8 10 1
p404 10 7 1
p405 0 4 0
p406 7 3 0
p407 1 6 1
p408 1 2 1
p409 4 6 1
p410 9 10 1
p411 5 6 0
p412 4 8 1
p413 8 2 0
p414 10 2 1
p415 7 3 0
p416 1 7 0
p417 9 2 0
p418 2 6 1
p419 9 7 0
p420 9 9 0
p421 3 4 1
p422 2 2 0
p423 1 4 1
p424 0 2 1
p425 7 1 1
p426 7 10 1
p427 1 7 0
p428 9 10 0
p429 9 8 0
p430 4 3 0
p431 10 1 0
p432 10 3 1
p433 0 6 0
p434 2 8 1
p435 10 7 1
p436 3 1 0
p437 8 7 1
p438 8 9 0
p439 8 4 1
p440 3 1 1
p441 4 3 1
p442 9 1 1
p443 3 8 0
p444 1 6 0
p445 2 7 0
p446 2 3 0
p447 9 4 0
p448 2 2 0
p449 2 4 1
p450 7 7 0
p451 2 2 0
p452 1 5 0
p453 4 5 1
p454 1 1 0
p455 2 3 0
p456 3 3 0
p457 10 9 0
p458 2 10 1
p459 8 3 1
p460 4 9 1
p461 6 8 0
p462 1 4 0
p463 8 9 0
p464 9 6 0
p465 0 10 1
p466 2 6 1
p467 9 4 1
p468 3 1 0
p469 5 9 0
p470 7 8 0
p471 4 1 1
p472 7 2 0
p473 3 9 0
p474 4 4 1
p475 9 2 0
p476 1 8 1
p477 2 6 1
p478 6 1 1
p479 8 7 1
p480 6 6 0
p481 7 8 0
p482 0 4 1
p483 6 8 0
p484 9 4 1
p485 5 8 0
p486 8 10 1
p487 8 4 1
p488 3 10 1
p489 6 5 1
p490 10 7 0
p491 10 8 1
p492 10 1 0
p493 2 9 1
p494 5 2 0
p495 2 6 1
p496 1 8 0
p497 10 8 0
p498 9 9 1
p499 6 4 1
p500 9 2 1