500
p1 0 9 0
p1 1 9 0
p2 4 9 1
p3 10 4 1
p4 2 10 1
p5 3 5 0
p6 6 4 1
p7 6 9 0
p8 3 6 0
p9 9 1 1
p10 1 1 0
p11 8 2 0
p12 4 5 0
p13 6 3 1
p14 6 10 0
p15 6 7 1
p16 9 5 0
p17 10 4 1
p18 8 8 0
p19 3 2 0
p20 9 2 0
p21 0 4 1
p22 4 1 1
p23 6 9 1
p24 1 8 0
p25 8 4 1
p26 8 7 1
p27 10 9 0
p28 7 9 1
p29 8 6 0
p30 10 8 1
p31 4 6 1
p32 2 10 1
p33 6 8 1
p34 6 5 0
p35 0 2 1
p36 3 5 1
p37 9 8 1
p38 0 8 0
p39 5 4 1
p40 5 6 0
p41 7 2 1
p42 1 7 0
p43 7 6 1
p44 5 3 1
p45 10 4 0
p46 6 10 0
p47 2 5 1
p48 8 2 0
p49 8 3 1
p50 3 7 0
p51 2 6 1
p52 5 4 0
p53 3 3 1
p54 2 1 1
p55 10 7 0
p56 7 2 1
p57 9 7 1
p58 4 2 1
p59 8 4 1
p60 9 10 1
p61 2 7 0
p62 0 4 1
p63 6 4 1
p64 4 10 1
p65 9 4 1
p66 10 3 1
p67 8 1 1
p68 10 4 0
p69 7 5 0
p70 0 4 1
p71 6 10 1
p72 8 3 0
p73 7 2 0
p74 8 4 1
p75 3 2 0
p76 2 7 1
p77 8 3 1
p78 3 10 0
p79 2 5 0
p80 5 7 0
p81 10 6 1
p82 1 6 1
p83 3 4 0
p84 7 9 1
p85 5 3 1
p86 7 5 1
p87 4 4 1
p88 7 9 0
p89 7 4 0
p90 2 3 0
p91 9 7 0
p92 9 2 1
p93 0 2 0
p94 8 4 0
p95 6 7 1
p96 2 7 1
p97 4 7 1
p98 9 7 1
p99 6 2 0
p100 8 10 0
p101 6 2 0
p102 7 1 1
p103 2 9 1
p104 4 9 0
p105 4 7 1
p106 7 3 1
p107 6 7 1
p108 4 1 1
p109 5 2 1
p110 0 10 0
p111 5 8 0
p112 4 4 0
p113 0 5 1
p114 2 3 1
p115 10 6 1
p116 2 1 0
p117 10 10 0
p118 3 8 0
p119 10 3 0
p120 4 2 1
p121 7 9 0
p122 0 8 1
p123 8 3 1
p124 6 4 0
p125 6 10 1
p126 1 7 1
p127 3 5 1
p128 6 7 0
p129 8 4 1
p130 5 8 0
p131 10 8 1
p132 0 9 0
p133 0 10 0
p134 2 10 0
p135 7 7 1
p136 7 2 0
p137 9 7 0
p138 5 8 0
p139 1 8 1
p140 8 9 0
p141 4 2 0
p142 6 4 0
p143 7 2 1
p144 2 9 0
p145 8 8 0
p146 9 8 0
p147 6 5 0
p148 9 4 0
p149 1 1 1
p150 8 9 1
p151 1 9 0
p152 1 5 0
p153 3 9 1
p154 4 9 1
p155 10 6 0
p156 1 4 1
p157 5 8 1
p158 8 6 0
p159 4 3 0
p160 4 2 0
p161 9 3 1
p162 0 4 1
p163 7 1 1
p164 9 7 1
p165 8 9 0
p166 0 5 1
p167 3 10 0
p168 4 9 0
p169 8 10 0
p170 1 2 1
p171 2 5 1
p172 5 3 0
p173 4 7 0
p174 2 4 0
p175 5 10 0
p176 6 6 1
p177 3 9 0
p178 2 6 0
p179 0 9 1
p180 7 8 0
p181 9 8 0
p182 5 3 1
p183 7 1 1
p184 7 10 1
p185 7 1 0
p186 4 10 0
p187 10 8 0
p188 10 7 1
p189 6 4 1
p190 4 8 1
p191 6 5 0
p192 9 7 1
p193 5 8 1
p194 8 2 1
p195 6 2 1
p196 5 10 0
p197 6 10 1
p198 10 9 0
p199 3 1 1
p200 7 1 0
p201 3 4 0
p202 4 5 1
p203 3 7 0
p204 0 10 1
p205 0 7 0
p206 4 8 0
p207 7 7 1
p208 2 6 1
p209 10 1 1
p210 7 10 0
p211 4 9 1
p212 4 1 1
p213 3 4 1
p214 8 3 0
p215 10 6 0
p216 9 9 1
p217 6 5 1
p218 1 7 1
p219 0 1 1
p220 4 1 0
p221 8 5 1
p222 1 9 1
p223 10 1 1
p224 9 9 1
p225 2 2 0
p226 6 4 0
p227 4 4 1
p228 0 3 1
p229 3 10 0
p230 3 6 0
p231 7 2 0
p232 8 3 0
p233 6 1 0
p234 7 6 0
p235 9 7 0
p236 4 1 1
p237 2 5 1
p238 1 8 1
p239 3 4 0
p240 2 9 1
p241 10 1 0
p242 5 2 0
p243 2 1 0
p244 6 2 1
p245 1 1 0
p246 8 4 0
p247 5 9 0
p248 6 4 1
p249 10 4 0
p250 10 10 1
p251 4 2 1
p252 2 8 1
p253 3 6 1
p254 6 9 0
p255 7 5 0
p256 8 4 1
p257 4 3 0
p258 7 9 1
p259 8 3 0
p260 6 5 1
p261 6 4 0
p262 2 2 1
p263 1 9 0
p264 10 10 1
p265 1 8 1
p266 7 9 0
p267 6 6 1
p268 2 3 1
p269 3 6 1
p270 1 4 1
p271 9 10 1
p272 4 2 0
p273 7 7 0
p274 1 9 1
p275 0 8 1
p276 4 9 1
p277 10 5 0
p278 9 6 0
p279 0 3 0
p280 10 5 1
p281 7 5 0
p282 5 10 0
p283 4 5 0
p284 5 9 1
p285 5 10 0
p286 7 4 0
p287 8 3 0
p288 1 10 1
p289 1 5 0
p290 4 4 0
p291 6 8 0
p292 0 3 1
p293 2 2 0
p294 7 4 0
p295 6 10 0
p296 8 6 1
p297 9 2 1
p298 9 5 1
p299 5 7 1
p300 6 9 0
p301 3 10 1
p302 1 4 1
p303 10 1 1
p304 8 9 0
p305 0 6 1
p306 7 3 1
p307 0 6 0
p308 8 2 0
p309 7 5 1
p310 10 10 1
p311 2 3 1
p312 10 8 0
p313 10 7 0
p314 0 4 1
p315 0 10 0
p316 1 5 1
p317 8 6 0
p318 0 1 1
p319 6 2 1
p320 4 7 0
p321 9 7 0
p322 6 10 0
p323 4 10 0
p324 4 10 0
p325 3 6 1
p326 5 3 1
p327 6 2 1
p328 6 2 1
p329 9 9 0
p330 2 9 1
p331 9 3 1
p332 2 1 0
p333 10 6 1
p334 1 1 0
p335 4 7 1
p336 8 9 0
p337 1 1 1
p338 0 9 0
p339 5 2 1
p340 8 7 1
p341 2 5 1
p342 7 9 0
p343 9 7 1
p344 8 9 1
p345 3 8 1
p346 5 5 1
p347 10 8 1
p348 9 10 1
p349 9 5 1
p350 6 5 1
p351 2 7 1
p352 3 5 1
p353 10 2 1
p354 10 5 0
p355 0 5 1
p356 3 8 1
p357 10 7 1
p358 6 5 0
p359 8 5 1
p360 0 9 1
p361 6 4 1
p362 6 4 1
p363 7 1 1
p364 1 4 1
p365 6 1 1
p366 7 8 0
p367 8 9 0
p368 2 10 0
p369 9 2 1
p370 0 5 1
p371 4 1 0
p372 10 1 1
p373 7 7 1
p374 10 6 1
p375 7 5 1
p376 1 5 0
p377 4 10 1
p378 6 1 0
p379 3 8 1
p380 8 8 1
p381 1 5 1
p382 6 5 0
p383 3 7 0
p384 3 2 1
p385 3 5 1
p386 7 9 1
p387 2 7 0
p388 10 6 0
p389 5 10 1
p390 2 6 0
p391 3 2 0
p392 10 3 1
p393 10 4 1
p394 10 5 1
p395 9 8 1
p396 0 7 1
p397 1 8 1
p398 8 4 1
p399 2 10 0
p400 3 1 1
p401 9 3 0
p402 0 4 1
p403 7 8 0
p404 4 9 0
p405 9 6 0
p406 7 1 0
p407 8 10 1
p408 6 1 0
p409 4 6 1
p410 4 7 1
p411 3 7 1
p412 0 5 0
p413 2 6 1
p414 10 4 0
p415 5 8 1
p416 9 8 1
p417 8 4 0
p418 2 3 0
p419 1 3 0
p420 8 3 0
p421 5 8 0
p422 4 2 0
p423 2 9 1
p424 2 3 1
p425 2 9 0
p426 8 3 1
p427 7 5 0
p428 4 2 0
p429 10 5 0
p430 0 9 0
p431 8 10 0
p432 7 4 1
p433 10 2 0
p434 7 4 0
p435 4 10 0
p436 10 3 0
p437 9 10 0
p438 6 5 1
p439 0 10 1
p440 2 4 1
p441 3 2 0
p442 5 4 1
p443 8 3 0
p444 2 4 0
p445 8 3 1
p446 9 1 0
p447 3 2 1
p448 3 9 1
p449 4 7 0
p450 1 8 1
p451 6 7 0
p452 9 8 0
p453 1 6 0
p454 9 1 1
p455 10 3 0
p456 4 4 0
p457 2 6 1
p458 9 7 1
p459 3 2 0
p460 8 3 1
p461 1 6 1
p462 1 2 0
p463 1 2 1
p464 0 3 1
p465 5 6 0
p466 8 5 1
p467 9 3 0
p468 4 9 0
p469 10 5 0
p470 4 4 0
p471 1 1 1
p472 0 6 0
p473 8 3 0
p474 8 8 0
p475 10 3 0
p476 4 4 0
p477 10 1 0
p478 4 7 0
p479 1 7 1
p480 5 10 0
p481 6 7 0
p482 0 10 1
p483 2 2 1
p484 6 7 1
p485 8 5 1
p486 4 2 1
p487 10 1 1
p488 6 1 0
p489 1 8 0
p490 8 2 1
p491 9 1 1
p492 0 1 1
p493 7 1 0
p494 0 6 0
p495 0 9 0
p496 10 4 1
p497 6 9 0
p498 8 6 0
p499 8 6 1
p500 4 9 1