500
p1 0 6 0
p1 2 3 1
p2 8 6 1
p3 8 2 1
p4 5 1 0
p5 7 3 1
p6 3 9 0
p7 4 4 0
p8 6 3 1
p9 0 8 1
p10 6 7 1
p11 2 1 1
p12 5 6 0
p13 2 2 0
p14 3 10 0
p15 8 6 0
p16 6 6 0
p17 10 2 1
p18 4 5 0
p19 2 9 1
p20 2 8 1
p21 9 3 1
p22 7 2 0
p23 6 5 1
p24 7 7 0
p25 2 1 0
p26 10 9 1
p27 7 3 1
p28 1 5 1
p29 4 10 1
p30 4 8 0
p31 0 6 1
p32 1 10 0
p33 8 1 0
p34 1 6 0
p35 0 6 1
p36 9 2 1
p37 9 2 1
p38 3 2 1
p39 6 4 0
p40 8 8 1
p41 4 7 0
p42 2 5 0
p43 0 10 0
p44 7 3 0
p45 6 2 1
p46 1 3 0
p47 2 5 1
p48 4 1 1
p49 0 4 0
p50 3 4 1
p51 3 1 1
p52 4 7 0
p53 8 8 1
p54 4 7 1
p55 0 2 0
p56 8 5 0
p57 1 6 1
p58 8 7 1
p59 2 4 0
p60 3 10 1
p61 5 9 0
p62 10 8 0
p63 3 10 1
p64 5 4 1
p65 6 8 1
p66 2 9 1
p67 2 8 0
p68 1 6 0
p69 3 8 0
p70 10 8 1
p71 1 1 1
p72 10 8 0
p73 8 3 1
p74 1 8 0
p75 0 4 1
p76 6 4 1
p77 10 9 0
p78 3 7 0
p79 0 10 1
p80 2 3 0
p81 9 8 0
p82 2 8 0
p83 7 3 0
p84 8 8 1
p85 9 2 0
p86 10 7 0
p87 4 9 0
p88 5 1 1
p89 7 4 0
p90 0 3 1
p91 9 7 0
p92 6 2 1
p93 7 10 0
p94 8 7 1
p95 0 8 0
p96 2 5 0
p97 4 4 0
p98 8 3 0
p99 3 2 0
p100 1 6 0
p101 0 6 1
p102 0 10 0
p103 2 9 1
p104 0 6 1
p105 6 2 1
p106 7 9 1
p107 9 2 0
p108 7 2 0
p109 7 4 1
p110 6 1 0
p111 4 3 1
p112 0 3 1
p113 5 7 1
p114 5 8 0
p115 6 5 1
p116 5 3 0
p117 3 6 1
p118 2 4 0
p119 5 1 0
p120 10 8 0
p121 2 4 1
p122 3 2 1
p123 5 5 1
p124 5 2 1
p125 9 2 1
p126 4 1 1
p127 8 5 0
p128 8 8 0
p129 2 2 0
p130 4 9 0
p131 2 8 1
p132 4 1 0
p133 10 9 1
p134 9 2 0
p135 0 5 1
p136 1 10 1
p137 4 6 1
p138 9 6 1
p139 2 3 0
p140 8 1 0
p141 3 8 1
p142 9 2 0
p143 5 4 0
p144 4 1 0
p145 3 9 0
p146 6 6 1
p147 3 4 1
p148 1 9 0
p149 8 6 0
p150 9 10 1
p151 1 3 0
p152 9 6 0
p153 2 7 1
p154 5 1 1
p155 2 3 1
p156 0 2 0
p157 2 10 1
p158 5 3 0
p159 4 10 1
p160 0 8 0
p161 10 3 1
p162 10 9 0
p163 7 7 0
p164 4 5 0
p165 3 10 0
p166 0 1 1
p167 7 9 0
p168 2 3 0
p169 10 7 1
p170 5 3 1
p171 7 7 1
p172 10 5 1
p173 6 1 1
p174 2 8 1
p175 9 8 0
p176 1 9 0
p177 0 4 1
p178 0 2 1
p179 10 7 1
p180 4 1 1
p181 2 9 1
p182 3 9 1
p183 7 6 1
p184 8 6 0
p185 7 3 1
p186 10 1 1
p187 8 9 0
p188 6 8 0
p189 2 9 0
p190 4 5 0
p191 8 5 0
p192 2 9 0
p193 5 9 0
p194 4 9 1
p195 10 7 1
p196 4 2 1
p197 6 3 0
p198 1 9 1
p199 1 8 1
p200 6 10 1
p201 4 3 1
p202 8 2 0
p203 0 5 0
p204 0 3 0
p205 7 3 1
p206 6 5 0
p207 4 5 0
p208 5 1 0
p209 8 1 1
p210 3 5 0
p211 1 3 0
p212 6 5 0
p213 9 10 0
p214 5 5 0
p215 0 5 0
p216 4 5 1
p217 10 6 1
p218 8 7 1
p219 9 5 1
p220 8 2 1
p221 5 10 1
p222 9 8 1
p223 8 2 1
p224 8 10 1
p225 2 1 0
p226 7 2 0
p227 6 4 1
p228 3 7 1
p229 8 7 1
p230 4 3 0
p231 2 2 1
p232 6 1 1
p233 5 8 0
p234 5 5 0
p235 6 6 0
p236 1 5 1
p237 9 10 0
p238 10 3 1
p239 7 6 1
p240 8 9 1
p241 1 8 0
p242 10 3 0
p243 7 10 1
p244 10 2 1
p245 1 2 0
p246 2 3 1
p247 3 3 0
p248 6 7 0
p249 4 9 1
p250 8 5 0
p251 5 8 1
p252 8 6 1
p253 4 9 1
p254 10 8 0
p255 3 4 1
p256 3 7 0
p257 10 8 0
p258 4 2 0
p259 0 4 0
p260 5 4 1
p261 10 5 0
p262 6 6 1
p263 0 8 1
p264 5 2 0
p265 4 9 1
p266 3 4 0
p267 0 5 1
p268 5 3 0
p269 6 8 0
p270 1 7 1
p271 4 9 1
p272 6 5 0
p273 4 2 0
p274 7 6 1
p275 3 4 1
p276 4 2 0
p277 0 2 0
p278 5 8 1
p279 1 5 0
p280 2 4 0
p281 6 10 1
p282 7 10 1
p283 0 9 0
p284 10 9 1
p285 3 3 0
p286 2 9 0
p287 9 3 1
p288 2 5 1
p289 5 5 1
p290 0 9 0
p291 7 10 1
p292 9 4 0
p293 10 8 0
p294 6 9 0
p295 6 10 0
p296 0 7 1
p297 1 8 1
p298 3 3 1
p299 5 10 1
p300 9 5 1
p301 3 6 0
p302 2 1 1
p303 10 6 1
p304 5 4 1
p305 9 8 0
p306 0 5 0
p307 3 8 1
p308 9 9 0
p309 8 6 1
p310 1 3 1
p311 1 5 0
p312 10 5 0
p313 4 8 0
p314 4 6 1
p315 8 7 0
p316 8 5 1
p317 6 8 0
p318 9 3 0
p319 8 3 0
p320 8 6 0
p321 7 7 0
p322 4 1 0
p323 3 8 0
p324 3 10 1
p325 1 5 1
p326 2 2 0
p327 5 10 1
p328 0 4 1
p329 10 1 1
p330 10 2 1
p331 4 9 1
p332 10 9 1
p333 8 6 0
p334 3 2 1
p335 3 6 1
p336 4 2 1
p337 3 9 0
p338 5 6 1
p339 3 2 0
p340 7 4 1
p341 6 4 1
p342 10 1 0
p343 7 4 1
p344 10 7 0
p345 3 1 1
p346 10 6 0
p347 8 6 0
p348 1 9 0
p349 8 1 1
p350 0 3 1
p351 0 4 0
p352 1 1 0
p353 6 3 1
p354 8 3 1
p355 10 7 1
p356 0 5 1
p357 2 3 0
p358 1 4 0
p359 5 3 0
p360 0 9 1
p361 8 7 0
p362 0 4 0
p363 5 9 0
p364 9 9 1
p365 2 7 1
p366 9 9 1
p367 9 4 0
p368 8 3 1
p369 0 10 1
p370 6 6 0
p371 1 8 0
p372 2 10 1
p373 5 8 1
p374 6 10 1
p375 3 4 1
p376 8 9 0
p377 2 1 1
p378 10 7 1
p379 0 7 0
p380 4 1 1
p381 8 3 0
p382 2 9 1
p383 5 7 1
p384 1 2 0
p385 9 4 1
p386 6 4 1
p387 0 5 1
p388 4 10 1
p389 10 2 1
p390 6 8 0
p391 4 4 0
p392 0 10 0
p393 7 7 0
p394 7 9 0
p395 7 2 1
p396 0 7 0
p397 0 1 0
p398 9 9 1
p399 9 3 1
p400 2 2 0
p401 0 6 0
p402 7 10 1
p403 10 8 0
p404 1 3 0
p405 9 9 0
p406 2 10 0
p407 9 2 0
p408 1 10 0
p409 4 8 1
p410 9 5 0
p411 7 10 1
p412 9 7 0
p413 0 8 0
p414 10 9 0
p415 3 3 0
p416 9 2 1
p417 2 5 1
p418 2 5 0
p419 2 3 1
p420 0 1 1
p421 1 8 0
p422 7 7 0
p423 9 10 1
p424 0 4 0
p425 2 9 0
p426 4 6 1
p427 10 3 1
p428 8 3 0
p429 3 3 0
p430 8 6 0
p431 10 5 0
p432 9 5 0
p433 10 9 1
p434 3 4 1
p435 6 3 1
p436 5 4 1
p437 4 1 1
p438 8 1 1
p439 8 10 1
p440 6 10 0
p441 8 9 0
p442 0 7 0
p443 2 10 1
p444 1 8 0
p445 8 10 0
p446 2 8 1
p447 2 7 0
p448 3 9 0
p449 9 2 1
p450 6 8 0
p451 8 7 1
p452 7 10 1
p453 6 2 0
p454 5 3 1
p455 4 1 0
p456 3 10 1
p457 3 3 1
p458 6 5 0
p459 5 6 1
p460 3 3 0
p461 6 7 1
p462 4 9 0
p463 2 3 1
p464 0 1 1
p465 10 4 1
p466 3 8 1
p467 6 5 1
p468 10 8 1
p469 3 7 0
p470 2 2 1
p471 3 6 1
p472 9 8 1
p473 2 4 1
p474 2 5 1
p475 10 1 1
p476 1 9 0
p477 5 9 0
p478 7 5 1
p479 6 8 1
p480 9 1 1
p481 3 10 0
p482 5 4 1
p483 9 4 1
p484 9 10 1
p485 9 8 1
p486 6 3 1
p487 10 1 0
p488 2 4 0
p489 10 6 1
p490 5 2 1
p491 9 8 0
p492 7 8 1
p493 3 4 1
p494 9 7 0
p495 5 7 1
p496 8 1 1
p497 0 6 1
p498 6 2 0
p499 2 10 1
p500 9 2 1