500
p1 0 3 1
p1 6 3 1
p2 10 2 0
p3 6 2 0
p4 2 7 0
p5 4 3 1
p6 3 1 0
p7 9 10 1
p8 3 4 1
p9 3 2 0
p10 4 3 0
p11 5 1 0
p12 1 10 1
p13 6 3 0
p14 0 8 1
p15 10 7 1
p16 0 9 0
p17 10 1 1
p18 5 7 0
p19 2 10 1
p20 7 5 1
p21 10 3 1
p22 9 4 0
p23 1 5 1
p24 3 4 0
p25 10 5 1
p26 10 3 1
p27 9 4 1
p28 9 8 0
p29 0 1 1
p30 2 2 1
p31 3 9 1
p32 7 4 0
p33 0 8 0
p34 0 6 1
p35 7 6 1
p36 0 1 1
p37 4 8 0
p38 4 2 1
p39 4 4 1
p40 4 7 0
p41 6 5 0
p42 6 8 1
p43 1 7 0
p44 8 4 0
p45 5 1 1
p46 0 3 1
p47 4 10 0
p48 3 7 1
p49 4 6 0
p50 5 2 0
p51 0 7 0
p52 1 5 1
p53 0 3 1
p54 2 1 0
p55 9 6 0
p56 6 10 0
p57 7 10 0
p58 4 10 0
p59 8 5 0
p60 8 6 1
p61 2 10 0
p62 6 2 0
p63 1 5 1
p64 9 9 1
p65 8 9 1
p66 3 6 0
p67 5 4 1
p68 8 6 0
p69 3 3 1
p70 2 10 0
p71 2 5 1
p72 4 10 0
p73 3 8 1
p74 1 4 1
p75 2 2 0
p76 3 10 1
p77 9 5 1
p78 6 8 0
p79 4 4 1
p80 5 9 0
p81 5 8 1
p82 10 7 0
p83 1 1 0
p84 8 5 1
p85 4 1 0
p86 4 6 1
p87 7 10 0
p88 2 3 1
p89 8 6 0
p90 10 3 1
p91 3 2 0
p92 1 2 1
p93 4 5 1
p94 5 5 1
p95 9 1 0
p96 2 6 1
p97 8 1 0
p98 0 5 0
p99 4 6 0
p100 3 3 0
p101 7 1 1
p102 5 4 0
p103 4 4 1
p104 3 7 1
p105 2 8 1
p106 2 10 1
p107 6 2 1
p108 3 2 0
p109 6 6 1
p110 8 10 1
p111 5 3 0
p112 7 2 1
p113 7 7 0
p114 10 6 1
p115 2 5 0
p116 2 10 1
p117 0 5 1
p118 1 6 0
p119 6 1 1
p120 5 5 0
p121 5 2 0
p122 10 5 0
p123 8 6 0
p124 1 10 1
p125 4 1 0
p126 5 4 1
p127 2 10 1
p128 6 6 0
p129 4 5 1
p130 8 6 1
p131 1 8 0
p132 6 4 0
p133 8 9 1
p134 2 7 0
p135 8 2 1
p136 5 5 0
p137 6 4 0
p138 4 1 1
p139 2 1 1
p140 4 7 0
p141 9 1 1
p142 8 3 0
p143 7 2 1
p144 4 6 1
p145 3 8 1
p146 8 2 1
p147 8 6 0
p148 4 9 1
p149 7 2 1
p150 8 1 1
p151 5 10 1
p152 3 10 0
p153 10 9 1
p154 9 3 0
p155 3 1 0
p156 4 5 1
p157 4 1 0
p158 6 1 0
p159 7 8 0
p160 5 8 0
p161 2 9 1
p162 4 8 1
p163 9 7 1
p164 2 5 1
p165 5 10 1
p166 5 5 1
p167 3 3 1
p168 6 9 1
p169 5 7 0
p170 1 6 0
p171 1 4 0
p172 1 4 1
p173 6 6 1
p174 7 3 1
p175 2 3 1
p176 6 4 1
p177 4 7 1
p178 2 9 1
p179 4 1 1
p180 6 3 0
p181 4 7 0
p182 1 4 1
p183 2 5 1
p184 2 8 1
p185 10 5 1
p186 4 9 1
p187 0 2 1
p188 0 7 1
p189 10 8 1
p190 6 7 1
p191 9 4 1
p192 3 9 1
p193 10 2 1
p194 9 5 0
p195 9 7 0
p196 6 8 0
p197 6 10 0
p198 8 1 0
p199 9 7 1
p200 1 9 1
p201 7 2 0
p202 6 10 1
p203 6 10 0
p204 6 7 0
p205 10 4 0
p206 10 2 1
p207 8 7 0
p208 0 5 0
p209 6 5 1
p210 10 9 1
p211 5 10 0
p212 6 6 0
p213 4 2 1
p214 10 2 0
p215 2 9 1
p216 1 5 0
p217 0 9 0
p218 6 3 0
p219 8 5 1
p220 8 5 1
p221 6 7 0
p222 4 3 1
p223 2 6 0
p224 1 3 0
p225 5 7 0
p226 3 10 0
p227 1 2 0
p228 1 2 0
p229 1 1 1
p230 7 7 1
p231 1 7 1
p232 8 3 1
p233 3 9 0
p234 5 10 1
p235 4 2 1
p236 1 2 0
p237 6 5 1
p238 3 9 1
p239 5 8 1
p240 2 6 0
p241 6 5 0
p242 0 4 0
p243 8 1 0
p244 5 8 1
p245 5 9 0
p246 1 10 0
p247 7 8 0
p248 6 1 0
p249 8 2 0
p250 4 6 1
p251 3 1 0
p252 1 10 1
p253 9 9 1
p254 0 2 0
p255 2 2 0
p256 4 7 0
p257 4 9 1
p258 6 7 1
p259 5 3 0
p260 7 9 1
p261 2 3 0
p262 5 3 1
p263 7 1 1
p264 6 7 0
p265 10 1 1
p266 5 5 0
p267 2 9 0
p268 5 1 0
p269 8 9 1
p270 1 2 1
p271 1 10 0
p272 9 2 0
p273 5 9 1
p274 8 10 1
p275 10 4 1
p276 5 10 1
p277 4 10 1
p278 5 1 1
p279 1 6 0
p280 10 6 1
p281 3 9 0
p282 4 4 1
p283 3 2 1
p284 4 6 1
p285 9 3 0
p286 9 9 1
p287 6 9 0
p288 6 3 0
p289 9 8 0
p290 2 4 1
p291 1 4 1
p292 10 7 0
p293 6 1 1
p294 8 6 1
p295 1 3 1
p296 3 9 1
p297 8 10 1
p298 5 5 1
p299 10 8 1
p300 8 2 0
p301 0 4 1
p302 5 1 0
p303 1 6 0
p304 5 10 0
p305 9 3 0
p306 2 8 0
p307 9 6 1
p308 3 6 0
p309 5 2 1
p310 10 9 0
p311 0 10 1
p312 3 5 0
p313 10 7 1
p314 2 1 0
p315 2 2 0
p316 9 4 1
p317 8 5 0
p318 9 7 1
p319 2 3 0
p320 9 1 0
p321 0 8 0
p322 8 3 0
p323 8 7 0
p324 8 8 1
p325 3 5 0
p326 5 2 0
p327 2 5 0
p328 2 6 1
p329 8 10 1
p330 9 6 1
p331 10 2 1
p332 0 5 1
p333 4 5 1
p334 4 7 1
p335 0 6 1
p336 1 10 1
p337 8 8 1
p338 6 7 0
p339 6 2 0
p340 5 7 1
p341 7 6 0
p342 6 4 0
p343 1 3 0
p344 3 1 1
p345 0 8 0
p346 7 10 1
p347 8 7 0
p348 2 5 1
p349 4 6 0
p350 7 10 0
p351 7 10 1
p352 4 2 0
p353 1 4 1
p354 9 7 1
p355 3 3 1
p356 6 8 0
p357 4 3 0
p358 3 5 1
p359 0 7 0
p360 10 2 0
p361 7 5 1
p362 2 7 0
p363 5 3 1
p364 7 1 1
p365 1 9 1
p366 8 10 1
p367 4 7 1
p368 10 7 1
p369 5 5 1
p370 8 8 0
p371 10 10 1
p372 6 8 1
p373 6 9 1
p374 7 2 1
p375 10 1 1
p376 8 5 1
p377 3 1 1
p378 4 8 1
p379 4 1 0
p380 1 7 1
p381 8 3 0
p382 5 2 0
p383 10 6 0
p384 7 7 1
p385 9 3 0
p386 4 7 0
p387 10 8 1
p388 7 8 0
p389 0 3 0
p390 6 10 1
p391 5 1 1
p392 0 5 1
p393 5 2 0
p394 3 10 0
p395 0 9 0
p396 9 6 1
p397 1 2 0
p398 3 6 0
p399 1 1 0
p400 1 4 1
p401 6 6 1
p402 6 6 1
p403 4 3 0
p404 8 7 1
p405 10 9 0
p406 8 3 1
p407 9 4 1
p408 1 3 0
p409 2 9 0
p410 3 5 1
p411 4 6 0
p412 2 8 1
p413 0 4 1
p414 8 1 0
p415 9 7 0
p416 3 3 1
p417 3 10 0
p418 7 5 0
p419 1 5 0
p420 5 3 0
p421 3 8 1
p422 7 5 1
p423 6 6 0
p424 5 1 0
p425 6 5 0
p426 5 6 0
p427 3 10 1
p428 10 9 0
p429 6 2 0
p430 2 5 0
p431 8 3 1
p432 4 3 0
p433 2 2 1
p434 0 1 1
p435 9 10 1
p436 1 8 0
p437 10 8 1
p438 8 5 1
p439 5 10 0
p440 5 3 0
p441 0 9 0
p442 6 5 0
p443 7 9 0
p444 8 8 0
p445 2 9 0
p446 9 4 1
p447 8 2 0
p448 0 4 0
p449 3 7 1
p450 5 3 0
p451 2 4 0
p452 4 1 0
p453 9 8 1
p454 2 10 0
p455 6 9 0
p456 6 2 1
p457 7 1 1
p458 0 9 0
p459 5 5 0
p460 8 10 0
p461 1 7 0
p462 6 8 0
p463 2 10 0
p464 4 4 1
p465 6 9 0
p466 2 5 1
p467 4 3 1
p468 10 9 1
p469 8 9 0
p470 0 3 1
p471 3 5 1
p472 8 4 0
p473 6 5 0
p474 5 7 1
p475 9 9 1
p476 5 7 0
p477 7 8 0
p478 1 3 0
p479 8 7 0
p480 10 8 1
p481 7 6 1
p482 10 5 0
p483 3 1 0
p484 5 9 0
p485 7 1 0
p486 1 6 0
p487 6 7 0
p488 5 2 0
p489 7 5 0
p490 7 10 0
p491 1 6 1
p492 6 9 1
p493 3 1 0
p494 6 8 0
p495 3 7 0
p496 7 10 0
p497 9 8 0
p498 10 1 1
p499 1 3 0
p500 6 6 1