500
p1 0 5 0
p1 3 2 1
p2 8 1 0
p3 1 8 0
p4 6 2 0
p5 0 2 0
p6 1 5 1
p7 7 10 1
p8 0 8 1
p9 0 1 0
p10 3 3 0
p11 0 4 0
p12 4 10 0
p13 6 4 1
p14 1 7 1
p15 3 3 0
p16 6 8 0
p17 8 5 0
p18 1 2 1
p19 2 9 0
p20 10 5 0
p21 5 8 1
p22 10 7 1
p23 9 5 0
p24 4 8 0
p25 5 1 0
p26 5 8 1
p27 6 7 1
p28 1 3 0
p29 8 10 0
p30 5 2 0
p31 10 1 1
p32 6 9 0
p33 0 2 0
p34 1 5 1
p35 4 8 1
p36 7 6 1
p37 2 3 1
p38 3 3 1
p39 8 3 0
p40 6 5 0
p41 0 2 0
p42 1 6 0
p43 8 1 0
p44 7 10 0
p45 8 1 1
p46 1 6 1
p47 3 4 1
p48 7 3 1
p49 5 4 0
p50 9 5 0
p51 4 4 1
p52 9 7 0
p53 10 2 0
p54 6 8 1
p55 10 9 1
p56 2 7 0
p57 1 3 1
p58 8 1 1
p59 4 7 0
p60 7 3 0
p61 9 9 0
p62 6 7 0
p63 8 7 0
p64 0 2 1
p65 3 6 1
p66 10 8 1
p67 2 1 1
p68 5 9 0
p69 0 9 0
p70 0 2 0
p71 2 6 0
p72 5 2 0
p73 6 6 0
p74 5 10 1
p75 7 2 1
p76 9 4 0
p77 0 10 1
p78 4 5 1
p79 8 4 1
p80 4 10 1
p81 10 6 0
p82 10 10 1
p83 2 8 0
p84 6 1 0
p85 5 6 1
p86 9 5 0
p87 7 1 1
p88 1 8 0
p89 4 10 1
p90 2 9 0
p91 10 5 1
p92 0 10 0
p93 4 6 0
p94 2 8 0
p95 0 7 1
p96 6 6 1
p97 7 9 1
p98 7 9 1
p99 1 4 0
p100 7 7 0
p101 3 5 0
p102 2 8 0
p103 7 8 1
p104 1 10 0
p105 10 7 0
p106 8 1 1
p107 6 7 1
p108 0 5 1
p109 7 1 1
p110 0 3 1
p111 8 7 0
p112 5 2 1
p113 1 6 0
p114 9 10 1
p115 0 4 1
p116 0 6 1
p117 6 7 0
p118 1 3 0
p119 8 3 1
p120 9 6 1
p121 6 10 1
p122 8 3 0
p123 1 3 0
p124 2 5 1
p125 0 8 1
p126 6 8 0
p127 2 4 0
p128 6 3 0
p129 3 5 0
p130 2 9 0
p131 9 6 1
p132 7 3 1
p133 5 3 0
p134 2 1 0
p135 6 6 1
p136 2 9 1
p137 10 2 0
p138 3 6 0
p139 10 1 0
p140 5 7 0
p141 7 8 1
p142 6 10 1
p143 3 5 1
p144 9 1 1
p145 10 9 1
p146 6 2 1
p147 9 7 0
p148 10 2 0
p149 1 10 0
p150 0 4 1
p151 4 10 0
p152 10 9 0
p153 0 4 0
p154 10 7 0
p155 3 2 1
p156 5 9 0
p157 9 6 1
p158 5 6 0
p159 10 1 1
p160 3 9 0
p161 7 8 1
p162 7 4 0
p163 7 7 1
p164 3 4 0
p165 7 3 1
p166 9 10 1
p167 0 9 1
p168 2 7 0
p169 7 4 0
p170 9 10 1
p171 4 3 0
p172 6 1 1
p173 1 6 1
p174 1 10 1
p175 1 4 1
p176 9 1 0
p177 2 10 1
p178 4 5 1
p179 10 2 0
p180 4 4 0
p181 2 7 0
p182 6 8 0
p183 4 6 0
p184 6 6 1
p185 10 6 0
p186 7 6 0
p187 4 7 1
p188 7 5 1
p189 1 7 0
p190 6 3 0
p191 2 5 0
p192 5 10 1
p193 2 5 1
p194 1 3 0
p195 2 10 0
p196 1 10 1
p197 7 4 1
p198 5 10 1
p199 3 4 1
p200 2 3 1
p201 4 4 1
p202 9 10 1
p203 4 6 1
p204 10 4 1
p205 6 3 0
p206 3 2 1
p207 9 9 0
p208 6 5 1
p209 3 5 1
p210 3 2 1
p211 6 10 1
p212 5 5 0
p213 7 6 1
p214 2 7 0
p215 9 5 0
p216 5 9 1
p217 4 2 1
p218 1 2 1
p219 5 5 0
p220 3 3 1
p221 10 5 0
p222 7 2 1
p223 6 8 0
p224 2 7 0
p225 3 9 1
p226 7 7 1
p227 6 10 1
p228 5 5 0
p229 10 8 1
p230 10 8 1
p231 8 8 1
p232 6 10 0
p233 7 7 1
p234 9 2 1
p235 10 2 1
p236 6 7 1
p237 7 2 0
p238 1 3 1
p239 5 8 0
p240 6 1 0
p241 7 5 1
p242 5 10 0
p243 1 1 0
p244 2 5 0
p245 8 7 1
p246 6 4 1
p247 10 8 0
p248 2 10 1
p249 4 4 0
p250 6 3 1
p251 5 3 1
p252 5 9 0
p253 3 6 1
p254 4 8 1
p255 10 3 1
p256 2 4 0
p257 8 3 1
p258 2 4 0
p259 0 10 1
p260 1 10 1
p261 8 3 0
p262 0 8 0
p263 1 2 1
p264 8 5 0
p265 5 7 1
p266 4 9 0
p267 7 10 0
p268 3 3 1
p269 2 10 0
p270 7 1 0
p271 4 7 0
p272 8 4 1
p273 2 2 1
p274 0 3 1
p275 0 5 1
p276 1 10 1
p277 0 9 0
p278 2 4 1
p279 9 9 0
p280 3 3 0
p281 10 3 0
p282 4 1 1
p283 0 8 1
p284 7 8 1
p285 10 8 0
p286 6 6 1
p287 8 4 0
p288 0 4 1
p289 8 10 1
p290 8 3 1
p291 1 9 0
p292 8 4 0
p293 2 6 1
p294 5 9 0
p295 5 5 0
p296 6 4 1
p297 8 3 0
p298 10 7 1
p299 1 5 1
p300 5 8 1
p301 5 6 1
p302 4 7 0
p303 10 3 1
p304 0 6 1
p305 7 10 1
p306 6 3 1
p307 1 3 1
p308 8 1 1
p309 9 8 0
p310 1 6 1
p311 9 7 0
p312 9 7 0
p313 4 3 0
p314 7 4 1
p315 8 8 1
p316 10 4 1
p317 3 9 1
p318 8 6 1
p319 1 3 0
p320 9 6 1
p321 10 3 1
p322 3 9 1
p323 9 1 1
p324 2 7 1
p325 2 3 0
p326 0 6 0
p327 1 8 0
p328 2 5 0
p329 2 4 0
p330 0 9 1
p331 1 1 1
p332 6 4 1
p333 10 5 0
p334 8 8 0
p335 6 1 0
p336 5 3 1
p337 3 8 0
p338 10 8 1
p339 0 7 0
p340 2 10 1
p341 9 4 1
p342 5 10 0
p343 10 9 0
p344 5 7 0
p345 8 9 0
p346 3 1 1
p347 2 1 0
p348 4 3 0
p349 7 10 0
p350 8 10 0
p351 6 4 1
p352 2 10 0
p353 5 1 0
p354 4 6 1
p355 2 5 1
p356 8 1 1
p357 3 1 1
p358 4 1 1
p359 1 10 0
p360 9 9 0
p361 3 2 1
p362 6 8 0
p363 3 10 0
p364 2 3 1
p365 10 8 0
p366 1 4 0
p367 0 4 0
p368 8 7 0
p369 4 10 1
p370 8 2 0
p371 10 1 1
p372 8 2 0
p373 7 6 1
p374 4 8 0
p375 4 1 1
p376 1 9 0
p377 9 8 0
p378 10 6 0
p379 4 7 0
p380 0 3 1
p381 3 7 1
p382 9 9 1
p383 7 3 0
p384 2 7 1
p385 8 9 1
p386 3 3 1
p387 7 6 0
p388 10 3 1
p389 3 10 1
p390 10 3 0
p391 4 6 0
p392 8 8 0
p393 9 10 0
p394 6 4 1
p395 3 9 1
p396 6 10 0
p397 7 6 1
p398 4 5 1
p399 5 3 0
p400 2 1 1
p401 2 4 0
p402 2 1 0
p403 3 6 1
p404 6 4 0
p405 8 4 1
p406 7 6 0
p407 3 8 1
p408 4 9 0
p409 0 4 0
p410 4 1 1
p411 4 4 0
p412 3 10 0
p413 9 10 0
p414 5 4 1
p415 6 2 0
p416 6 1 1
p417 10 6 1
p418 10 2 1
p419 8 3 0
p420 3 10 1
p421 4 5 0
p422 8 6 1
p423 7 9 0
p424 10 3 0
p425 3 6 1
p426 8 4 1
p427 10 9 0
p428 7 5 1
p429 10 9 1
p430 5 3 0
p431 2 1 0
p432 10 7 1
p433 0 1 1
p434 6 10 0
p435 1 9 1
p436 6 3 1
p437 0 5 1
p438 8 5 1
p439 1 3 1
p440 1 3 1
p441 9 8 1
p442 6 1 1
p443 8 4 0
p444 7 6 1
p445 1 9 1
p446 3 6 0
p447 7 9 0
p448 2 1 0
p449 7 3 0
p450 8 9 0
p451 4 1 1
p452 1 3 0
p453 7 1 1
p454 3 3 0
p455 10 4 1
p456 10 1 0
p457 6 7 0
p458 0 4 0
p459 8 4 1
p460 9 9 1
p461 4 10 1
p462 8 2 1
p463 4 5 0
p464 3 7 0
p465 9 3 1
p466 4 7 0
p467 2 1 0
p468 3 7 0
p469 6 2 1
p470 9 9 0
p471 5 8 1
p472 8 1 0
p473 6 6 0
p474 2 1 0
p475 5 8 1
p476 4 6 1
p477 8 4 0
p478 4 6 0
p479 2 7 1
p480 2 7 1
p481 3 8 1
p482 3 10 1
p483 1 8 1
p484 2 9 1
p485 9 9 0
p486 0 2 1
p487 1 7 0
p488 10 4 1
p489 5 6 0
p490 0 7 0
p491 10 6 0
p492 1 4 1
p493 3 4 0
p494 10 10 1
p495 10 9 1
p496 3 7 0
p497 2 3 0
p498 9 4 1
p499 4 2 0
p500 3 8 0