500
p1 0 10 0
p1 7 1 0
p2 9 8 0
p3 3 7 0
p4 4 10 0
p5 4 4 0
p6 5 5 1
p7 9 5 0
p8 6 1 1
p9 5 1 1
p10 5 7 0
p11 5 1 1
p12 7 1 0
p13 8 3 0
p14 2 5 1
p15 5 2 1
p16 5 10 1
p17 3 2 1
p18 10 4 0
p19 5 5 0
p20 5 6 0
p21 8 2 0
p22 10 9 0
p23 3 7 1
p24 6 4 1
p25 5 4 0
p26 7 4 0
p27 6 2 1
p28 10 2 0
p29 3 5 0
p30 10 1 1
p31 0 2 0
p32 1 8 1
p33 2 2 1
p34 1 6 0
p35 4 6 0
p36 4 2 1
p37 5 2 0
p38 6 10 1
p39 0 9 1
p40 3 7 0
p41 9 5 1
p42 10 1 1
p43 1 10 0
p44 0 4 0
p45 9 6 1
p46 8 2 0
p47 2 10 0
p48 4 1 1
p49 2 10 1
p50 10 1 1
p51 0 1 1
p52 9 4 0
p53 4 8 1
p54 8 9 1
p55 2 3 0
p56 6 10 1
p57 9 9 0
p58 7 1 0
p59 0 8 1
p60 9 6 1
p61 2 5 1
p62 10 5 1
p63 1 8 0
p64 10 3 1
p65 0 9 1
p66 9 1 0
p67 8 2 1
p68 9 5 1
p69 7 1 0
p70 9 9 1
p71 0 4 1
p72 7 4 1
p73 10 9 0
p74 8 1 1
p75 2 2 1
p76 9 1 1
p77 6 9 1
p78 7 9 1
p79 1 9 0
p80 5 8 0
p81 4 8 1
p82 8 7 0
p83 4 4 0
p84 5 3 0
p85 6 7 1
p86 0 6 1
p87 3 1 1
p88 10 4 1
p89 8 3 1
p90 5 1 0
p91 8 2 1
p92 10 10 0
p93 9 10 1
p94 3 3 1
p95 4 10 1
p96 10 9 0
p97 10 3 0
p98 8 2 1
p99 2 4 0
p100 10 9 0
p101 6 7 1
p102 10 3 0
p103 9 1 0
p104 9 7 0
p105 9 6 1
p106 7 5 1
p107 3 5 1
p108 2 8 0
p109 10 3 0
p110 8 6 0
p111 8 5 0
p112 1 5 0
p113 9 8 0
p114 9 5 1
p115 5 8 0
p116 3 7 0
p117 3 5 0
p118 8 7 0
p119 4 2 0
p120 9 6 1
p121 5 1 1
p122 2 8 0
p123 10 7 1
p124 1 6 1
p125 2 3 0
p126 6 5 1
p127 0 1 1
p128 5 3 1
p129 6 5 0
p130 10 7 1
p131 0 1 0
p132 9 5 1
p133 3 10 1
p134 0 2 0
p135 1 4 0
p136 10 7 0
p137 1 1 1
p138 10 3 1
p139 6 3 1
p140 2 3 1
p141 10 1 1
p142 9 7 1
p143 0 10 1
p144 10 7 0
p145 6 1 1
p146 2 3 0
p147 9 1 0
p148 9 7 0
p149 0 3 0
p150 4 5 0
p151 8 10 1
p152 6 2 1
p153 0 8 0
p154 10 4 0
p155 4 5 0
p156 5 7 1
p157 5 1 1
p158 9 10 1
p159 7 8 1
p160 3 9 1
p161 9 9 1
p162 0 4 0
p163 9 4 1
p164 5 6 0
p165 7 7 1
p166 7 4 1
p167 1 3 1
p168 2 6 0
p169 7 5 1
p170 2 2 1
p171 7 4 1
p172 10 8 0
p173 0 4 1
p174 7 2 0
p175 9 6 1
p176 1 3 0
p177 5 3 1
p178 10 8 0
p179 3 9 1
p180 2 3 0
p181 9 8 1
p182 1 5 1
p183 2 1 0
p184 2 1 1
p185 10 6 0
p186 6 1 1
p187 8 4 1
p188 5 5 1
p189 6 7 1
p190 4 5 1
p191 6 9 0
p192 3 9 0
p193 8 10 1
p194 1 4 1
p195 3 10 0
p196 0 4 1
p197 9 10 0
p198 9 1 0
p199 1 2 0
p200 3 9 1
p201 4 2 1
p202 1 8 1
p203 1 4 0
p204 2 3 1
p205 2 8 1
p206 7 3 0
p207 5 5 1
p208 1 2 1
p209 8 9 0
p210 2 8 0
p211 9 9 1
p212 3 4 1
p213 8 1 0
p214 1 4 0
p215 6 10 1
p216 10 6 1
p217 9 8 1
p218 7 5 1
p219 9 7 1
p220 8 8 0
p221 10 3 0
p222 6 4 1
p223 10 8 0
p224 10 6 1
p225 6 10 0
p226 7 3 1
p227 4 6 0
p228 4 8 1
p229 5 3 1
p230 8 1 0
p231 4 9 1
p232 5 8 0
p233 5 3 1
p234 0 1 0
p235 4 10 0
p236 8 5 0
p237 6 3 0
p238 5 4 1
p239 3 7 0
p240 8 6 0
p241 2 2 0
p242 2 3 1
p243 3 5 1
p244 9 7 0
p245 3 6 1
p246 8 9 1
p247 3 1 1
p248 7 4 1
p249 10 2 1
p250 2 2 0
p251 9 8 0
p252 8 7 0
p253 6 4 0
p254 8 6 0
p255 6 10 1
p256 4 9 1
p257 6 2 1
p258 5 5 1
p259 6 1 0
p260 0 2 1
p261 6 6 0
p262 3 5 0
p263 9 7 1
p264 5 2 0
p265 0 6 0
p266 9 3 0
p267 3 3 1
p268 2 7 1
p269 4 2 1
p270 3 4 0
p271 7 9 0
p272 3 7 0
p273 6 4 0
p274 6 2 1
p275 1 1 0
p276 2 6 0
p277 7 5 1
p278 8 9 1
p279 10 8 1
p280 1 9 0
p281 5 8 0
p282 6 10 1
p283 2 4 0
p284 10 5 1
p285 3 9 1
p286 0 5 1
p287 1 5 1
p288 1 6 1
p289 7 8 0
p290 9 8 0
p291 7 10 0
p292 7 8 1
p293 9 2 0
p294 5 4 0
p295 5 1 1
p296 4 7 1
p297 8 6 0
p298 10 9 1
p299 10 8 1
p300 10 2 0
p301 4 9 1
p302 7 2 0
p303 0 2 1
p304 2 2 0
p305 5 3 0
p306 7 10 1
p307 3 4 0
p308 4 1 0
p309 0 3 0
p310 9 5 1
p311 7 10 1
p312 3 2 0
p313 10 8 1
p314 6 5 0
p315 1 5 1
p316 9 4 0
p317 5 9 0
p318 1 5 0
p319 8 7 1
p320 8 6 1
p321 1 9 0
p322 5 7 0
p323 1 7 1
p324 0 10 1
p325 5 3 0
p326 1 9 1
p327 10 1 1
p328 8 8 0
p329 3 1 0
p330 4 6 0
p331 10 8 0
p332 4 2 1
p333 0 5 1
p334 0 7 1
p335 7 7 1
p336 8 1 1
p337 3 1 0
p338 4 9 1
p339 3 7 1
p340 9 9 0
p341 10 2 1
p342 0 5 1
p343 3 3 1
p344 5 9 1
p345 0 3 1
p346 2 1 1
p347 6 5 1
p348 6 8 1
p349 5 1 0
p350 9 4 0
p351 2 6 1
p352 8 2 1
p353 9 1 1
p354 1 1 0
p355 10 1 0
p356 6 4 1
p357 10 10 1
p358 10 1 0
p359 3 10 0
p360 9 3 1
p361 2 1 0
p362 3 5 1
p363 10 8 1
p364 5 4 0
p365 9 9 0
p366 1 2 1
p367 5 4 0
p368 7 3 0
p369 4 2 0
p370 6 5 0
p371 3 2 0
p372 0 6 1
p373 1 4 0
p374 7 5 0
p375 10 2 0
p376 1 7 1
p377 2 4 0
p378 9 5 1
p379 1 9 0
p380 7 6 1
p381 3 3 0
p382 3 3 0
p383 1 8 1
p384 4 10 1
p385 5 9 0
p386 3 5 0
p387 8 5 1
p388 1 9 0
p389 2 7 0
p390 10 10 1
p391 2 2 0
p392 4 1 0
p393 1 7 1
p394 8 8 0
p395 4 4 0
p396 9 9 1
p397 2 4 1
p398 8 3 1
p399 2 1 1
p400 9 7 0
p401 4 3 0
p402 0 7 0
p403 4 7 1
p404 10 8 0
p405 4 2 1
p406 0 4 0
p407 7 8 1
p408 10 8 1
p409 9 2 1
p410 4 6 1
p411 10 8 1
p412 8 1 1
p413 3 9 1
p414 2 9 0
p415 8 2 1
p416 8 6 0
p417 9 6 0
p418 3 8 1
p419 7 10 1
p420 3 10 0
p421 2 1 1
p422 1 1 0
p423 4 6 0
p424 3 2 0
p425 2 6 0
p426 3 4 1
p427 6 3 0
p428 10 10 1
p429 10 7 1
p430 9 4 0
p431 5 10 0
p432 1 7 1
p433 8 2 0
p434 6 3 0
p435 6 4 1
p436 0 2 0
p437 0 9 1
p438 9 2 0
p439 8 1 0
p440 5 4 1
p441 2 10 0
p442 0 8 1
p443 4 3 0
p444 4 1 0
p445 1 7 1
p446 5 7 1
p447 8 4 1
p448 10 3 1
p449 3 6 1
p450 2 8 0
p451 0 3 0
p452 8 2 1
p453 6 6 1
p454 3 2 1
p455 8 3 1
p456 6 7 1
p457 0 5 0
p458 5 5 1
p459 8 6 0
p460 7 4 0
p461 9 4 0
p462 9 6 1
p463 10 7 0
p464 6 8 1
p465 0 4 1
p466 0 8 1
p467 4 2 0
p468 10 8 0
p469 6 5 1
p470 7 7 1
p471 10 6 0
p472 4 6 1
p473 9 10 1
p474 7 5 0
p475 10 1 0
p476 9 5 1
p477 7 7 0
p478 0 7 0
p479 1 2 0
p480 0 5 1
p481 9 7 0
p482 8 10 1
p483 1 1 0
p484 7 9 0
p485 6 1 1
p486 5 1 1
p487 5 2 1
p488 10 5 1
p489 9 10 0
p490 1 4 1
p491 10 6 1
p492 2 5 0
p493 10 10 0
p494 7 7 1
p495 1 9 1
p496 10 5 1
p497 1 8 0
p498 1 10 0
p499 5 7 1
p500 8 3 1