500
p1 0 5 1
p1 4 4 1
p2 5 9 1
p3 4 9 0
p4 0 8 1
p5 5 2 0
p6 10 1 0
p7 3 2 1
p8 3 7 1
p9 10 7 1
p10 5 6 0
p11 8 10 1
p12 9 8 1
p13 9 3 0
p14 10 10 1
p15 4 1 0
p16 6 2 1
p17 6 4 0
p18 3 3 0
p19 5 10 0
p20 7 9 1
p21 9 9 0
p22 0 6 1
p23 2 7 0
p24 1 8 1
p25 2 10 1
p26 4 3 0
p27 9 1 1
p28 4 6 1
p29 5 6 0
p30 5 1 0
p31 4 5 0
p32 3 3 0
p33 4 5 0
p34 4 3 1
p35 1 2 0
p36 2 8 1
p37 0 8 1
p38 3 9 0
p39 9 7 1
p40 10 10 1
p41 7 1 1
p42 8 1 0
p43 10 3 0
p44 8 4 1
p45 3 9 0
p46 10 6 1
p47 10 8 1
p48 9 9 1
p49 10 9 1
p50 5 2 0
p51 0 6 1
p52 5 10 1
p53 7 10 1
p54 8 4 1
p55 8 1 1
p56 7 10 0
p57 2 9 1
p58 6 6 1
p59 6 6 0
p60 3 8 1
p61 4 4 0
p62 8 6 1
p63 9 1 0
p64 0 5 1
p65 4 8 1
p66 1 8 1
p67 4 5 1
p68 2 5 0
p69 5 2 1
p70 4 8 1
p71 3 1 0
p72 1 1 1
p73 2 1 0
p74 5 4 0
p75 5 4 0
p76 3 9 1
p77 2 8 1
p78 8 7 1
p79 9 10 0
p80 1 2 1
p81 0 8 0
p82 8 5 0
p83 1 9 0
p84 10 1 1
p85 1 3 0
p86 8 1 0
p87 8 9 0
p88 1 3 0
p89 4 3 1
p90 10 10 1
p91 0 1 0
p92 10 10 0
p93 2 2 0
p94 6 3 1
p95 2 6 1
p96 3 1 1
p97 6 3 0
p98 7 2 0
p99 2 8 0
p100 2 6 1
p101 2 5 1
p102 0 5 0
p103 4 5 0
p104 5 1 0
p105 8 3 1
p106 5 6 1
p107 9 7 1
p108 0 6 0
p109 6 9 1
p110 7 8 0
p111 10 4 0
p112 5 5 0
p113 0 8 0
p114 4 7 1
p115 6 8 1
p116 5 2 0
p117 9 9 0
p118 2 9 1
p119 7 8 0
p120 4 4 1
p121 5 1 1
p122 8 5 1
p123 10 10 0
p124 2 7 0
p125 10 10 1
p126 7 4 0
p127 0 3 1
p128 8 7 1
p129 5 1 0
p130 2 10 1
p131 1 1 1
p132 3 1 0
p133 7 1 1
p134 4 9 0
p135 1 5 1
p136 4 10 1
p137 7 3 1
p138 4 9 0
p139 6 5 0
p140 9 8 0
p141 8 7 0
p142 0 3 0
p143 0 6 0
p144 8 1 1
p145 3 7 1
p146 0 2 0
p147 3 7 0
p148 10 2 1
p149 0 3 1
p150 2 1 0
p151 8 1 1
p152 10 10 1
p153 7 9 1
p154 5 5 1
p155 8 6 1
p156 4 6 0
p157 0 7 1
p158 2 5 0
p159 8 6 0
p160 2 1 1
p161 4 2 1
p162 5 7 0
p163 6 1 0
p164 0 2 0
p165 6 9 1
p166 10 8 0
p167 5 8 0
p168 0 5 1
p169 6 7 0
p170 10 2 0
p171 5 8 1
p172 4 10 1
p173 1 4 0
p174 9 5 1
p175 1 6 1
p176 4 2 0
p177 10 8 0
p178 6 4 0
p179 8 9 1
p180 6 7 0
p181 4 10 1
p182 8 10 1
p183 2 6 0
p184 9 8 1
p185 6 1 0
p186 6 1 1
p187 1 5 0
p188 9 10 1
p189 3 10 0
p190 8 4 0
p191 2 4 0
p192 0 7 1
p193 6 8 1
p194 2 2 0
p195 0 4 0
p196 2 3 0
p197 9 8 1
p198 3 8 0
p199 3 8 0
p200 6 5 1
p201 9 10 1
p202 5 7 1
p203 5 1 0
p204 2 8 0
p205 3 3 1
p206 8 1 1
p207 10 5 0
p208 5 4 1
p209 1 1 0
p210 3 5 0
p211 4 6 0
p212 0 1 0
p213 4 10 1
p214 2 1 0
p215 7 3 0
p216 6 8 0
p217 5 7 1
p218 1 5 0
p219 7 3 0
p220 9 2 1
p221 8 6 0
p222 10 1 1
p223 8 3 0
p224 5 2 0
p225 3 7 1
p226 1 5 0
p227 2 6 0
p228 2 8 0
p229 4 1 0
p230 8 2 1
p231 2 2 0
p232 2 8 0
p233 1 1 1
p234 3 6 0
p235 8 2 1
p236 7 10 1
p237 8 4 1
p238 6 8 0
p239 6 8 0
p240 1 2 1
p241 9 10 1
p242 5 6 0
p243 7 9 0
p244 8 4 0
p245 10 1 1
p246 6 6 0
p247 2 4 1
p248 0 3 0
p249 3 9 1
p250 3 6 1
p251 10 3 0
p252 7 8 1
p253 4 7 1
p254 9 10 0
p255 2 3 0
p256 9 9 1
p257 7 10 1
p258 7 3 1
p259 4 5 1
p260 7 10 1
p261 4 10 1
p262 8 5 0
p263 8 6 0
p264 3 2 1
p265 5 4 1
p266 10 9 1
p267 4 2 1
p268 2 7 1
p269 1 10 1
p270 4 8 0
p271 2 8 1
p272 3 9 1
p273 1 4 1
p274 10 5 0
p275 0 7 0
p276 6 9 0
p277 5 8 0
p278 7 7 0
p279 0 10 1
p280 9 9 0
p281 8 7 1
p282 1 2 0
p283 10 9 1
p284 1 7 1
p285 7 6 1
p286 7 8 1
p287 8 4 1
p288 3 5 1
p289 0 3 0
p290 10 3 1
p291 9 7 1
p292 1 2 1
p293 4 7 1
p294 3 5 1
p295 1 10 0
p296 3 6 0
p297 2 1 1
p298 8 2 0
p299 6 3 0
p300 0 3 0
p301 0 4 0
p302 8 10 0
p303 6 4 0
p304 4 7 1
p305 9 5 0
p306 1 7 1
p307 5 1 0
p308 4 5 1
p309 6 7 0
p310 9 9 0
p311 8 10 1
p312 4 6 0
p313 2 2 1
p314 5 7 1
p315 9 5 0
p316 3 6 0
p317 4 5 0
p318 8 10 1
p319 3 6 1
p320 1 3 1
p321 10 9 0
p322 5 5 1
p323 9 5 0
p324 2 7 0
p325 0 7 1
p326 3 4 0
p327 10 5 1
p328 5 2 0
p329 0 7 1
p330 6 1 0
p331 10 10 0
p332 6 5 0
p333 6 10 0
p334 7 4 0
p335 5 6 0
p336 6 2 0
p337 3 7 0
p338 4 4 0
p339 1 8 0
p340 0 7 0
p341 7 1 0
p342 1 1 0
p343 2 10 1
p344 3 4 0
p345 8 9 0
p346 3 10 1
p347 2 4 1
p348 0 7 0
p349 0 10 1
p350 8 1 1
p351 8 1 1
p352 0 2 1
p353 9 4 1
p354 0 5 0
p355 7 10 0
p356 7 7 0
p357 3 9 1
p358 5 3 0
p359 3 9 1
p360 10 3 1
p361 8 9 0
p362 7 6 1
p363 2 8 0
p364 8 6 0
p365 8 2 1
p366 10 8 0
p367 5 1 0
p368 9 4 0
p369 1 8 0
p370 4 5 0
p371 9 9 0
p372 9 5 1
p373 6 3 1
p374 2 1 0
p375 0 4 1
p376 8 2 0
p377 7 3 0
p378 8 2 0
p379 0 5 1
p380 5 6 1
p381 7 6 1
p382 2 4 0
p383 0 3 0
p384 8 8 0
p385 4 4 0
p386 4 8 1
p387 4 9 1
p388 6 7 1
p389 3 10 1
p390 8 2 0
p391 9 3 1
p392 1 3 0
p393 3 1 0
p394 6 1 0
p395 4 4 1
p396 6 7 0
p397 6 3 1
p398 2 9 1
p399 9 1 0
p400 6 10 1
p401 9 8 0
p402 3 3 0
p403 8 5 0
p404 10 4 1
p405 4 6 0
p406 3 2 0
p407 6 5 0
p408 4 10 0
p409 6 7 0
p410 1 2 1
p411 3 4 0
p412 7 5 1
p413 2 10 1
p414 3 4 0
p415 0 4 0
p416 0 6 1
p417 7 8 0
p418 1 7 1
p419 10 1 1
p420 2 1 1
p421 9 9 0
p422 3 5 0
p423 8 6 1
p424 4 1 1
p425 8 3 0
p426 3 3 1
p427 4 1 0
p428 5 10 0
p429 7 6 0
p430 4 6 1
p431 5 3 1
p432 6 1 0
p433 10 10 1
p434 4 4 1
p435 4 1 1
p436 5 7 1
p437 10 1 1
p438 1 9 1
p439 4 2 0
p440 1 7 1
p441 6 2 1
p442 7 6 0
p443 1 7 1
p444 0 10 1
p445 7 6 1
p446 9 3 1
p447 4 3 0
p448 8 5 0
p449 3 10 0
p450 6 8 0
p451 6 8 1
p452 4 10 0
p453 9 2 1
p454 7 7 0
p455 3 7 0
p456 3 6 0
p457 9 6 0
p458 4 8 0
p459 2 2 0
p460 9 3 1
p461 5 10 0
p462 9 5 0
p463 2 8 1
p464 3 1 0
p465 9 8 0
p466 6 1 0
p467 2 5 1
p468 9 5 0
p469 0 9 0
p470 2 10 0
p471 7 6 1
p472 5 2 0
p473 4 1 1
p474 1 10 1
p475 10 10 1
p476 5 2 1
p477 1 4 1
p478 2 10 1
p479 5 5 1
p480 1 1 0
p481 6 7 0
p482 2 9 1
p483 7 7 1
p484 4 2 1
p485 10 4 0
p486 8 10 0
p487 8 4 1
p488 10 5 1
p489 3 1 1
p490 10 3 1
p491 8 5 1
p492 2 7 1
p493 1 4 1
p494 2 3 1
p495 3 8 0
p496 7 7 1
p497 10 10 0
p498 3 3 0
p499 3 2 1
p500 1 4 1