500
p1 0 8 0
p1 10 4 0
p2 5 9 1
p3 2 7 0
p4 4 1 0
p5 3 1 0
p6 4 5 0
p7 6 9 0
p8 2 5 0
p9 9 9 0
p10 1 6 0
p11 2 3 1
p12 3 2 1
p13 7 9 1
p14 3 6 1
p15 5 8 1
p16 7 6 1
p17 3 3 1
p18 4 8 0
p19 5 9 0
p20 7 10 1
p21 10 5 1
p22 1 4 0
p23 1 10 0
p24 5 1 1
p25 10 1 1
p26 8 10 0
p27 2 4 0
p28 6 5 0
p29 3 8 0
p30 9 5 1
p31 0 7 1
p32 1 3 0
p33 6 7 1
p34 0 9 0
p35 2 7 0
p36 3 6 1
p37 6 6 1
p38 4 4 1
p39 0 8 0
p40 10 8 0
p41 2 9 0
p42 9 5 1
p43 1 7 1
p44 8 6 1
p45 6 4 1
p46 3 3 0
p47 4 6 0
p48 0 9 1
p49 6 3 1
p50 5 4 0
p51 3 1 1
p52 5 10 1
p53 5 8 0
p54 0 9 1
p55 9 10 0
p56 6 7 0
p57 10 3 1
p58 9 3 1
p59 9 9 1
p60 5 4 1
p61 2 9 1
p62 10 10 0
p63 8 5 1
p64 1 6 1
p65 0 5 0
p66 7 10 0
p67 10 5 1
p68 6 6 1
p69 9 10 1
p70 5 8 0
p71 8 4 0
p72 3 3 0
p73 4 9 0
p74 7 10 1
p75 2 1 0
p76 0 9 1
p77 6 4 1
p78 1 1 0
p79 4 3 1
p80 10 10 0
p81 4 9 1
p82 5 8 1
p83 9 2 0
p84 10 6 1
p85 9 1 1
p86 10 4 1
p87 2 8 1
p88 0 1 1
p89 2 1 1
p90 8 5 0
p91 1 9 0
p92 3 9 0
p93 9 10 1
p94 8 6 0
p95 0 10 0
p96 5 2 0
p97 8 1 1
p98 7 1 0
p99 9 7 0
p100 8 1 0
p101 9 9 0
p102 2 6 1
p103 5 5 0
p104 2 4 1
p105 2 4 1
p106 1 6 0
p107 1 9 1
p108 8 5 1
p109 0 8 0
p110 10 10 0
p111 8 10 0
p112 3 9 1
p113 4 4 0
p114 5 9 1
p115 10 10 1
p116 1 5 0
p117 8 5 0
p118 3 2 0
p119 6 9 1
p120 3 8 0
p121 9 6 1
p122 10 9 0
p123 7 8 1
p124 10 4 1
p125 7 1 0
p126 4 3 1
p127 7 1 1
p128 9 1 0
p129 6 8 0
p130 7 7 1
p131 7 2 1
p132 0 7 1
p133 4 7 0
p134 7 8 1
p135 3 4 1
p136 3 1 1
p137 7 6 0
p138 6 5 0
p139 8 6 1
p140 0 6 1
p141 3 6 0
p142 4 5 0
p143 6 5 0
p144 10 10 1
p145 0 6 0
p146 8 9 0
p147 0 3 1
p148 6 2 1
p149 7 7 0
p150 5 6 1
p151 7 1 0
p152 7 6 1
p153 2 3 1
p154 0 6 0
p155 10 2 1
p156 4 10 0
p157 10 4 0
p158 2 7 0
p159 7 9 0
p160 0 7 0
p161 8 1 0
p162 5 8 1
p163 3 10 1
p164 1 2 0
p165 10 3 0
p166 7 9 1
p167 5 8 0
p168 9 8 1
p169 2 3 1
p170 1 1 1
p171 7 7 1
p172 10 9 1
p173 6 4 0
p174 7 6 1
p175 3 6 1
p176 2 7 0
p177 5 5 1
p178 8 9 0
p179 7 5 0
p180 6 5 1
p181 10 10 1
p182 8 6 1
p183 2 4 0
p184 6 6 1
p185 0 8 0
p186 10 2 0
p187 1 9 0
p188 10 3 0
p189 8 4 0
p190 1 10 1
p191 6 8 0
p192 10 7 1
p193 7 9 1
p194 0 1 0
p195 10 8 1
p196 3 2 0
p197 6 5 0
p198 2 2 1
p199 0 4 0
p200 0 4 0
p201 4 3 1
p202 7 7 1
p203 6 8 1
p204 6 1 1
p205 3 1 0
p206 9 3 1
p207 4 3 1
p208 10 2 1
p209 7 4 0
p210 5 8 1
p211 2 7 1
p212 8 10 1
p213 7 2 0
p214 10 4 0
p215 3 5 0
p216 6 6 0
p217 4 8 0
p218 1 1 0
p219 3 9 1
p220 0 8 0
p221 0 4 0
p222 7 10 1
p223 0 10 0
p224 6 4 1
p225 3 4 0
p226 8 7 1
p227 2 5 0
p228 1 2 1
p229 6 7 1
p230 5 7 0
p231 9 3 0
p232 9 3 1
p233 10 7 0
p234 3 4 1
p235 0 4 1
p236 10 7 1
p237 1 5 1
p238 8 5 0
p239 7 5 0
p240 3 2 1
p241 2 3 1
p242 4 6 1
p243 4 8 1
p244 10 2 1
p245 9 4 0
p246 2 6 0
p247 6 5 0
p248 5 1 0
p249 6 3 0
p250 2 1 1
p251 4 4 1
p252 1 4 0
p253 10 2 1
p254 8 10 1
p255 3 9 0
p256 5 4 0
p257 1 1 0
p258 3 6 0
p259 10 1 1
p260 6 10 1
p261 9 7 0
p262 2 8 0
p263 5 3 1
p264 6 8 0
p265 6 5 0
p266 5 9 1
p267 10 7 0
p268 2 5 1
p269 9 8 1
p270 2 8 0
p271 8 9 0
p272 5 3 0
p273 7 8 0
p274 6 7 1
p275 1 6 0
p276 8 6 0
p277 2 6 0
p278 4 3 0
p279 2 6 0
p280 7 8 1
p281 10 3 1
p282 4 3 1
p283 2 5 1
p284 10 8 1
p285 5 5 0
p286 9 3 0
p287 4 6 1
p288 2 5 1
p289 6 7 0
p290 1 2 1
p291 4 1 0
p292 0 1 0
p293 1 1 1
p294 2 8 0
p295 4 4 1
p296 6 8 1
p297 10 6 0
p298 4 10 0
p299 9 2 0
p300 3 1 1
p301 6 8 1
p302 6 3 0
p303 6 7 0
p304 1 10 1
p305 4 8 0
p306 8 6 1
p307 8 5 0
p308 6 7 1
p309 2 10 1
p310 2 6 1
p311 7 6 0
p312 4 3 0
p313 0 9 0
p314 4 2 1
p315 4 10 0
p316 5 8 0
p317 3 4 0
p318 2 9 0
p319 2 1 1
p320 10 6 1
p321 0 7 0
p322 0 3 0
p323 10 5 1
p324 5 7 0
p325 0 5 1
p326 10 6 1
p327 4 4 0
p328 5 6 0
p329 6 4 0
p330 2 9 0
p331 6 3 0
p332 5 4 0
p333 3 3 0
p334 5 6 0
p335 1 5 1
p336 5 7 0
p337 3 6 1
p338 3 10 0
p339 10 5 0
p340 1 2 0
p341 2 8 1
p342 7 6 0
p343 0 3 0
p344 8 4 1
p345 5 4 0
p346 3 4 0
p347 8 8 1
p348 1 5 0
p349 4 10 1
p350 0 3 0
p351 4 3 0
p352 6 4 1
p353 3 10 1
p354 7 5 1
p355 6 5 0
p356 7 8 1
p357 1 1 1
p358 8 3 1
p359 8 4 0
p360 9 8 0
p361 7 5 0
p362 0 1 0
p363 9 7 1
p364 8 7 1
p365 1 7 0
p366 9 2 1
p367 4 10 0
p368 1 7 0
p369 2 4 1
p370 2 9 1
p371 4 2 1
p372 10 3 0
p373 6 7 0
p374 9 9 1
p375 9 4 1
p376 8 6 0
p377 9 7 1
p378 8 9 1
p379 6 4 1
p380 7 1 1
p381 1 6 0
p382 10 2 0
p383 6 2 0
p384 5 7 1
p385 0 2 0
p386 9 2 1
p387 4 10 1
p388 8 2 1
p389 7 5 0
p390 0 9 0
p391 5 2 0
p392 3 2 1
p393 9 9 1
p394 5 2 1
p395 2 4 0
p396 8 3 0
p397 10 2 1
p398 1 9 1
p399 4 2 1
p400 6 3 1
p401 7 4 0
p402 1 4 1
p403 9 9 1
p404 10 4 0
p405 4 2 1
p406 8 6 1
p407 10 2 1
p408 10 8 1
p409 9 1 0
p410 7 6 1
p411 9 4 0
p412 3 4 1
p413 8 4 1
p414 10 4 0
p415 1 6 1
p416 5 1 1
p417 5 9 0
p418 5 3 1
p419 4 4 1
p420 6 6 1
p421 2 9 0
p422 8 4 0
p423 2 3 1
p424 5 7 0
p425 0 9 0
p426 7 9 0
p427 3 5 0
p428 9 5 1
p429 1 3 0
p430 7 8 0
p431 10 5 0
p432 4 1 0
p433 2 10 0
p434 9 8 0
p435 5 5 0
p436 0 2 1
p437 3 1 1
p438 9 9 1
p439 0 3 0
p440 1 2 1
p441 2 6 1
p442 4 6 1
p443 4 1 0
p444 6 10 0
p445 0 10 0
p446 6 10 1
p447 8 8 0
p448 6 5 0
p449 9 4 0
p450 9 10 1
p451 8 8 0
p452 2 3 0
p453 5 1 0
p454 10 10 1
p455 10 4 1
p456 1 7 0
p457 1 5 0
p458 3 4 0
p459 1 1 1
p460 7 9 1
p461 6 7 0
p462 6 2 0
p463 1 2 1
p464 1 9 0
p465 4 2 1
p466 7 6 0
p467 8 1 0
p468 5 10 0
p469 1 5 0
p470 1 7 0
p471 9 1 0
p472 3 1 1
p473 8 1 1
p474 8 7 1
p475 7 6 1
p476 6 1 0
p477 10 2 0
p478 3 5 1
p479 1 6 1
p480 2 8 0
p481 5 10 0
p482 4 4 0
p483 3 10 0
p484 4 8 0
p485 8 1 1
p486 2 2 1
p487 5 9 0
p488 0 9 0
p489 6 2 1
p490 5 6 1
p491 1 4 0
p492 1 8 1
p493 7 8 0
p494 9 5 1
p495 8 2 0
p496 6 7 1
p497 1 7 0
p498 10 2 0
p499 3 3 1
p500 5 5 0