500
p1 0 1 1
p1 2 3 1
p2 2 10 1
p3 8 9 0
p4 7 1 1
p5 2 5 0
p6 4 10 0
p7 6 8 1
p8 5 4 1
p9 10 8 1
p10 10 2 1
p11 9 1 0
p12 2 7 1
p13 5 6 0
p14 1 10 0
p15 7 4 0
p16 1 3 1
p17 8 1 1
p18 0 10 0
p19 10 5 1
p20 10 4 0
p21 8 8 0
p22 5 3 1
p23 4 6 0
p24 6 9 0
p25 7 3 1
p26 6 7 1
p27 9 7 1
p28 4 10 0
p29 4 9 1
p30 8 2 0
p31 10 8 1
p32 5 2 1
p33 1 5 0
p34 6 5 0
p35 4 10 0
p36 6 10 0
p37 7 3 0
p38 8 9 0
p39 4 1 0
p40 3 7 1
p41 6 4 0
p42 9 7 1
p43 2 9 0
p44 0 3 0
p45 8 8 1
p46 7 1 0
p47 7 10 0
p48 9 2 0
p49 9 4 1
p50 4 2 1
p51 5 1 0
p52 9 10 0
p53 8 2 0
p54 8 2 1
p55 0 3 0
p56 5 5 0
p57 2 5 1
p58 0 9 0
p59 1 2 0
p60 9 1 1
p61 8 1 1
p62 5 8 0
p63 9 7 1
p64 4 1 1
p65 9 10 1
p66 6 8 1
p67 9 10 1
p68 4 7 0
p69 6 1 1
p70 0 9 1
p71 8 9 1
p72 1 10 1
p73 10 3 1
p74 2 10 1
p75 1 7 0
p76 2 5 1
p77 7 2 1
p78 7 3 1
p79 4 6 1
p80 10 9 0
p81 5 9 0
p82 7 6 1
p83 0 10 1
p84 3 4 1
p85 5 10 1
p86 3 10 1
p87 2 8 1
p88 3 9 1
p89 4 2 0
p90 8 10 0
p91 8 5 0
p92 3 7 1
p93 7 5 1
p94 7 3 0
p95 7 7 1
p96 5 2 1
p97 6 10 0
p98 7 7 0
p99 0 5 1
p100 2 3 0
p101 2 9 0
p102 4 6 0
p103 9 10 0
p104 4 5 1
p105 2 4 1
p106 7 1 0
p107 3 4 1
p108 9 4 1
p109 10 7 0
p110 8 4 0
p111 2 5 1
p112 10 2 0
p113 0 7 1
p114 7 4 1
p115 2 6 0
p116 10 3 1
p117 10 3 0
p118 4 7 0
p119 8 5 0
p120 8 6 0
p121 5 3 0
p122 4 2 0
p123 8 9 0
p124 2 3 1
p125 5 8 0
p126 10 7 0
p127 4 8 0
p128 2 6 0
p129 8 10 0
p130 4 10 1
p131 2 3 1
p132 2 2 0
p133 7 10 1
p134 3 8 1
p135 5 10 1
p136 4 9 1
p137 5 8 0
p138 0 10 1
p139 7 6 1
p140 5 7 0
p141 9 7 0
p142 5 6 0
p143 6 1 1
p144 3 4 0
p145 5 5 0
p146 9 4 0
p147 4 1 1
p148 2 1 1
p149 3 2 0
p150 5 7 0
p151 5 1 1
p152 7 9 0
p153 2 10 1
p154 9 5 0
p155 9 10 0
p156 4 2 1
p157 5 7 0
p158 1 4 0
p159 6 9 1
p160 8 10 1
p161 6 10 0
p162 4 3 0
p163 2 7 1
p164 8 7 0
p165 1 9 1
p166 8 3 1
p167 7 9 1
p168 3 4 1
p169 7 9 1
p170 1 10 0
p171 10 3 0
p172 0 8 0
p173 5 9 0
p174 2 1 0
p175 2 3 0
p176 8 6 0
p177 8 3 0
p178 4 3 0
p179 8 10 0
p180 9 7 1
p181 3 9 1
p182 5 7 0
p183 2 9 0
p184 4 7 0
p185 8 9 1
p186 3 3 0
p187 4 1 0
p188 3 3 1
p189 9 4 0
p190 9 2 0
p191 7 5 0
p192 0 5 0
p193 8 6 1
p194 2 3 1
p195 1 2 0
p196 5 8 0
p197 7 9 0
p198 3 8 1
p199 8 9 0
p200 7 8 0
p201 8 10 0
p202 1 1 0
p203 4 7 1
p204 1 2 1
p205 3 7 1
p206 0 7 0
p207 4 5 0
p208 0 10 1
p209 9 10 1
p210 8 9 0
p211 5 2 1
p212 1 9 0
p213 4 7 0
p214 0 4 1
p215 6 9 1
p216 5 9 1
p217 0 8 0
p218 6 7 1
p219 0 9 1
p220 4 1 1
p221 1 4 0
p222 0 2 0
p223 9 9 1
p224 3 6 0
p225 6 10 0
p226 8 9 1
p227 5 6 0
p228 8 4 0
p229 0 2 0
p230 10 7 0
p231 10 10 1
p232 10 7 1
p233 6 4 1
p234 3 6 0
p235 0 3 1
p236 0 3 1
p237 0 3 1
p238 5 9 0
p239 4 1 1
p240 6 7 1
p241 2 3 1
p242 1 4 1
p243 3 8 1
p244 6 7 0
p245 3 7 0
p246 7 7 0
p247 3 6 1
p248 10 1 1
p249 3 10 1
p250 4 3 0
p251 6 2 0
p252 10 9 1
p253 3 7 1
p254 2 5 1
p255 0 1 1
p256 3 4 1
p257 6 3 0
p258 2 3 0
p259 10 2 1
p260 5 8 1
p261 8 9 1
p262 7 8 1
p263 2 10 0
p264 5 9 0
p265 10 2 0
p266 8 3 1
p267 4 2 0
p268 9 9 0
p269 6 7 1
p270 10 10 0
p271 1 4 1
p272 5 1 0
p273 1 6 1
p274 0 10 1
p275 7 6 0
p276 3 3 0
p277 4 7 1
p278 1 4 1
p279 2 8 1
p280 7 5 1
p281 4 3 0
p282 5 1 0
p283 10 8 0
p284 9 3 1
p285 4 8 0
p286 4 5 0
p287 1 9 1
p288 10 10 0
p289 2 5 1
p290 7 3 1
p291 6 4 0
p292 0 4 0
p293 4 2 1
p294 8 7 1
p295 6 9 0
p296 8 7 0
p297 9 7 0
p298 2 9 1
p299 5 2 1
p300 10 4 0
p301 9 6 1
p302 0 7 1
p303 9 9 0
p304 6 3 1
p305 0 7 1
p306 7 7 0
p307 10 3 0
p308 9 7 0
p309 9 1 1
p310 6 2 1
p311 9 9 0
p312 0 10 0
p313 3 1 1
p314 8 5 1
p315 3 8 1
p316 10 7 1
p317 10 4 0
p318 6 4 0
p319 6 1 0
p320 8 5 1
p321 1 8 0
p322 0 6 1
p323 4 1 0
p324 3 6 0
p325 5 1 0
p326 1 3 0
p327 1 9 0
p328 1 5 1
p329 1 4 1
p330 4 7 1
p331 1 8 0
p332 9 4 1
p333 2 10 1
p334 5 7 1
p335 9 9 1
p336 0 3 1
p337 9 7 1
p338 8 2 1
p339 8 8 1
p340 7 3 1
p341 8 2 0
p342 10 5 1
p343 2 2 0
p344 5 2 0
p345 9 5 1
p346 2 6 1
p347 5 4 1
p348 6 3 1
p349 10 6 0
p350 0 5 0
p351 5 4 0
p352 4 2 0
p353 1 5 1
p354 5 1 1
p355 3 1 1
p356 6 1 1
p357 6 9 0
p358 0 7 0
p359 1 5 1
p360 9 8 0
p361 6 10 1
p362 3 3 0
p363 9 1 0
p364 3 3 1
p365 1 10 1
p366 1 8 1
p367 0 4 1
p368 8 3 0
p369 7 9 0
p370 7 9 0
p371 3 7 1
p372 3 6 1
p373 6 7 1
p374 10 3 0
p375 0 9 1
p376 7 8 1
p377 10 10 0
p378 2 4 0
p379 2 8 0
p380 5 6 0
p381 3 6 0
p382 8 8 1
p383 6 8 1
p384 3 10 0
p385 6 6 0
p386 7 8 1
p387 9 6 0
p388 10 10 1
p389 6 7 0
p390 9 3 0
p391 8 7 1
p392 5 7 0
p393 7 6 1
p394 4 8 1
p395 5 7 0
p396 0 1 1
p397 8 8 1
p398 9 3 0
p399 0 8 0
p400 7 1 1
p401 3 2 1
p402 2 9 1
p403 7 8 0
p404 9 5 0
p405 9 5 0
p406 5 6 0
p407 5 5 1
p408 5 5 1
p409 10 9 0
p410 7 6 0
p411 0 3 1
p412 7 6 1
p413 9 1 1
p414 3 1 1
p415 2 5 1
p416 9 8 0
p417 9 7 1
p418 7 3 1
p419 4 1 1
p420 4 4 1
p421 3 3 1
p422 0 8 0
p423 9 3 0
p424 3 6 1
p425 10 7 1
p426 1 10 0
p427 4 9 1
p428 9 1 1
p429 1 2 0
p430 1 7 1
p431 2 6 1
p432 7 4 1
p433 9 9 1
p434 7 10 0
p435 1 1 0
p436 0 10 1
p437 8 2 1
p438 7 10 1
p439 9 10 0
p440 3 5 0
p441 5 1 1
p442 7 8 0
p443 0 4 0
p444 7 1 1
p445 5 8 0
p446 0 3 1
p447 8 2 0
p448 3 4 0
p449 5 1 1
p450 3 7 1
p451 1 3 1
p452 0 5 0
p453 9 2 0
p454 4 8 0
p455 10 8 1
p456 5 8 1
p457 6 1 0
p458 10 3 1
p459 3 8 0
p460 3 7 0
p461 2 6 0
p462 9 2 1
p463 0 8 0
p464 5 7 0
p465 7 7 1
p466 6 9 1
p467 3 4 1
p468 6 6 0
p469 7 4 1
p470 6 9 0
p471 2 3 1
p472 3 2 1
p473 4 10 0
p474 1 3 0
p475 6 9 0
p476 9 8 0
p477 9 4 0
p478 1 7 1
p479 2 4 1
p480 2 6 1
p481 1 9 0
p482 2 6 1
p483 0 4 0
p484 4 4 1
p485 4 7 1
p486 1 7 0
p487 7 8 1
p488 6 8 0
p489 8 3 1
p490 4 3 0
p491 4 3 0
p492 2 10 1
p493 1 5 0
p494 6 10 0
p495 5 9 0
p496 0 1 0
p497 2 4 1
p498 6 4 0
p499 6 6 0
p500 10 7 0