500
p1 0 8 0
p1 6 10 1
p2 1 4 1
p3 1 5 1
p4 3 9 0
p5 9 6 1
p6 10 6 0
p7 10 6 0
p8 3 1 1
p9 1 3 1
p10 0 1 0
p11 3 7 1
p12 4 5 0
p13 10 7 0
p14 9 3 0
p15 7 3 1
p16 5 6 0
p17 4 5 1
p18 8 9 0
p19 1 5 0
p20 2 3 0
p21 8 3 0
p22 5 9 0
p23 0 3 0
p24 10 5 1
p25 0 6 1
p26 7 1 1
p27 8 6 1
p28 3 2 1
p29 3 7 1
p30 9 5 0
p31 10 7 0
p32 1 2 0
p33 1 5 1
p34 0 8 1
p35 2 1 0
p36 1 1 1
p37 8 8 0
p38 0 3 1
p39 0 9 1
p40 8 2 1
p41 1 4 1
p42 2 8 0
p43 6 4 0
p44 7 7 1
p45 6 3 1
p46 8 5 0
p47 6 7 1
p48 6 7 1
p49 0 1 0
p50 0 7 1
p51 10 7 0
p52 1 6 1
p53 2 9 1
p54 0 9 1
p55 3 4 0
p56 2 7 0
p57 1 10 0
p58 8 9 0
p59 4 5 1
p60 4 5 1
p61 4 3 0
p62 3 10 1
p63 2 5 1
p64 0 5 1
p65 10 5 0
p66 9 8 0
p67 6 3 1
p68 0 1 1
p69 2 3 0
p70 2 1 0
p71 4 5 0
p72 3 1 1
p73 10 8 0
p74 5 9 0
p75 6 1 0
p76 6 9 1
p77 3 7 1
p78 2 1 0
p79 9 8 0
p80 8 2 1
p81 3 10 1
p82 2 9 1
p83 2 8 0
p84 7 3 0
p85 4 6 0
p86 4 8 0
p87 0 9 0
p88 0 10 1
p89 1 6 0
p90 9 2 0
p91 3 2 1
p92 10 3 1
p93 7 4 0
p94 7 8 1
p95 3 9 0
p96 3 7 1
p97 1 6 0
p98 3 8 1
p99 7 9 0
p100 6 2 1
p101 8 4 0
p102 5 3 1
p103 4 1 0
p104 2 5 1
p105 3 6 0
p106 1 6 0
p107 9 2 1
p108 2 4 0
p109 0 2 0
p110 1 6 1
p111 4 8 0
p112 7 9 0
p113 2 9 0
p114 1 8 1
p115 7 10 0
p116 3 8 1
p117 4 2 0
p118 8 3 0
p119 3 10 1
p120 0 8 0
p121 10 10 1
p122 10 6 1
p123 1 1 1
p124 8 10 1
p125 7 10 0
p126 1 1 0
p127 10 9 1
p128 4 3 1
p129 7 9 0
p130 5 5 0
p131 0 7 1
p132 9 8 0
p133 8 7 0
p134 6 6 1
p135 10 3 0
p136 10 10 0
p137 4 2 1
p138 2 5 1
p139 2 2 1
p140 10 6 1
p141 9 2 0
p142 6 7 1
p143 8 1 1
p144 4 3 0
p145 4 1 0
p146 2 6 1
p147 5 5 1
p148 1 1 1
p149 3 5 1
p150 6 7 0
p151 3 5 0
p152 1 10 0
p153 10 9 1
p154 7 10 1
p155 1 8 1
p156 9 10 1
p157 10 1 1
p158 0 9 0
p159 7 8 0
p160 4 6 0
p161 7 10 0
p162 0 7 1
p163 5 8 1
p164 5 7 0
p165 8 3 1
p166 1 6 0
p167 4 8 1
p168 1 1 1
p169 4 9 1
p170 2 5 0
p171 5 7 1
p172 9 7 0
p173 9 1 1
p174 4 3 1
p175 5 1 0
p176 5 3 1
p177 5 2 0
p178 9 5 0
p179 7 3 0
p180 1 2 0
p181 6 6 0
p182 4 1 0
p183 5 8 1
p184 10 7 1
p185 3 3 1
p186 4 9 0
p187 10 3 1
p188 7 4 1
p189 4 4 0
p190 8 10 1
p191 3 6 0
p192 10 5 0
p193 0 7 0
p194 6 5 0
p195 1 9 0
p196 4 1 0
p197 0 10 0
p198 8 3 1
p199 4 10 1
p200 3 2 0
p201 7 4 1
p202 7 4 1
p203 2 7 1
p204 1 9 0
p205 8 8 0
p206 5 7 1
p207 5 3 0
p208 4 5 1
p209 7 3 0
p210 1 6 1
p211 5 1 0
p212 5 10 0
p213 2 5 0
p214 0 9 1
p215 0 2 0
p216 3 4 0
p217 3 3 1
p218 6 10 1
p219 9 8 1
p220 3 6 1
p221 8 9 1
p222 3 6 0
p223 6 4 0
p224 8 5 0
p225 3 9 0
p226 3 3 1
p227 9 6 1
p228 1 1 0
p229 5 4 0
p230 6 1 1
p231 5 7 1
p232 9 6 0
p233 1 1 1
p234 8 1 0
p235 4 3 0
p236 10 8 0
p237 9 10 1
p238 1 4 1
p239 3 6 0
p240 8 10 0
p241 7 8 1
p242 3 4 0
p243 3 7 1
p244 5 5 1
p245 2 4 1
p246 1 10 1
p247 5 6 0
p248 4 4 1
p249 7 6 1
p250 7 10 0
p251 9 1 1
p252 0 9 0
p253 10 2 1
p254 2 3 1
p255 8 7 0
p256 8 8 0
p257 4 2 1
p258 4 10 0
p259 7 3 1
p260 8 2 0
p261 2 2 0
p262 6 9 1
p263 2 9 0
p264 8 3 0
p265 8 1 1
p266 3 8 0
p267 3 2 1
p268 6 4 0
p269 10 9 0
p270 9 8 0
p271 5 4 1
p272 7 8 0
p273 4 7 0
p274 8 8 0
p275 4 3 0
p276 0 1 1
p277 2 8 0
p278 0 5 1
p279 0 3 0
p280 5 10 1
p281 4 3 0
p282 4 7 0
p283 2 6 0
p284 7 6 1
p285 1 4 0
p286 1 5 0
p287 4 10 1
p288 3 6 0
p289 0 3 0
p290 6 3 1
p291 3 10 1
p292 7 7 0
p293 10 2 1
p294 6 9 0
p295 10 5 1
p296 0 5 1
p297 8 4 0
p298 7 4 0
p299 9 2 0
p300 3 7 0
p301 0 8 0
p302 10 5 0
p303 1 10 0
p304 4 1 0
p305 8 3 0
p306 4 4 0
p307 10 10 0
p308 10 4 1
p309 1 10 0
p310 1 10 1
p311 6 5 0
p312 8 8 0
p313 7 6 1
p314 8 6 1
p315 5 3 1
p316 7 3 0
p317 4 10 0
p318 1 2 1
p319 8 8 1
p320 5 1 0
p321 6 2 1
p322 6 5 0
p323 8 4 1
p324 0 6 1
p325 1 4 1
p326 6 8 1
p327 6 1 0
p328 6 6 0
p329 0 1 1
p330 7 6 1
p331 1 8 0
p332 8 6 0
p333 6 4 0
p334 9 1 1
p335 5 7 0
p336 6 8 1
p337 1 4 0
p338 1 10 1
p339 2 10 1
p340 5 2 0
p341 0 9 1
p342 0 5 0
p343 4 7 1
p344 5 3 1
p345 1 7 1
p346 6 5 1
p347 5 9 0
p348 1 10 0
p349 8 3 1
p350 7 2 0
p351 5 8 1
p352 4 6 1
p353 1 9 0
p354 9 2 0
p355 10 8 0
p356 1 6 0
p357 1 2 1
p358 5 5 0
p359 3 6 1
p360 7 3 0
p361 0 4 1
p362 6 4 0
p363 0 3 1
p364 5 4 0
p365 9 4 0
p366 4 3 1
p367 0 2 0
p368 8 9 1
p369 5 10 0
p370 3 10 0
p371 9 6 1
p372 1 4 1
p373 9 9 1
p374 3 6 0
p375 8 1 1
p376 2 10 0
p377 0 6 1
p378 6 1 1
p379 1 5 0
p380 0 9 1
p381 0 8 0
p382 4 9 1
p383 6 7 1
p384 3 4 0
p385 6 10 0
p386 10 1 0
p387 7 10 1
p388 0 4 0
p389 10 10 0
p390 0 5 0
p391 4 1 1
p392 5 10 0
p393 4 8 0
p394 1 1 0
p395 1 9 1
p396 0 1 1
p397 1 6 1
p398 2 9 0
p399 3 6 1
p400 3 10 0
p401 6 8 0
p402 0 9 1
p403 8 6 0
p404 4 6 0
p405 10 6 1
p406 2 9 1
p407 2 6 0
p408 0 1 0
p409 0 5 0
p410 2 4 1
p411 5 5 0
p412 6 9 1
p413 2 2 0
p414 6 5 1
p415 8 2 0
p416 6 2 1
p417 6 5 0
p418 7 6 0
p419 6 6 1
p420 2 6 0
p421 4 4 0
p422 8 8 0
p423 3 9 1
p424 3 4 1
p425 9 4 0
p426 2 8 1
p427 1 10 0
p428 9 4 1
p429 5 10 0
p430 1 3 0
p431 0 4 1
p432 6 4 1
p433 9 1 1
p434 1 10 1
p435 1 2 0
p436 4 9 1
p437 10 6 0
p438 0 6 1
p439 4 3 1
p440 0 8 1
p441 2 10 0
p442 9 9 0
p443 8 9 0
p444 8 1 0
p445 5 2 1
p446 7 9 1
p447 6 10 1
p448 0 7 0
p449 7 7 0
p450 10 4 0
p451 10 6 1
p452 0 8 1
p453 9 1 0
p454 7 2 0
p455 7 5 1
p456 3 7 1
p457 1 4 1
p458 8 7 1
p459 0 4 0
p460 8 10 1
p461 6 3 0
p462 6 7 0
p463 3 4 0
p464 1 10 1
p465 5 10 0
p466 3 2 0
p467 7 1 1
p468 6 3 1
p469 9 9 1
p470 6 6 0
p471 10 5 1
p472 0 5 1
p473 4 7 0
p474 6 8 0
p475 9 4 1
p476 0 2 0
p477 0 4 0
p478 2 3 0
p479 8 2 1
p480 0 2 0
p481 1 6 1
p482 5 6 1
p483 2 6 1
p484 10 4 1
p485 2 4 0
p486 9 10 1
p487 9 2 1
p488 3 1 1
p489 6 8 0
p490 9 3 0
p491 7 1 1
p492 5 2 0
p493 0 6 1
p494 4 7 0
p495 6 3 0
p496 10 7 1
p497 10 10 1
p498 8 3 1
p499 3 6 0
p500 10 3 1