500
p1 0 2 1
p1 7 3 0
p2 7 6 1
p3 8 1 1
p4 8 1 1
p5 7 8 0
p6 4 6 0
p7 4 7 0
p8 3 4 0
p9 10 6 1
p10 9 9 1
p11 4 5 1
p12 3 8 1
p13 4 8 1
p14 0 5 0
p15 10 8 1
p16 10 7 1
p17 6 9 1
p18 3 10 1
p19 2 6 0
p20 0 2 0
p21 1 1 0
p22 0 2 1
p23 9 10 0
p24 4 6 0
p25 8 3 1
p26 3 10 1
p27 9 4 0
p28 7 1 1
p29 3 5 0
p30 2 10 0
p31 1 10 0
p32 0 7 0
p33 4 8 1
p34 4 6 0
p35 3 10 0
p36 0 1 0
p37 3 4 1
p38 2 8 1
p39 10 5 1
p40 6 2 0
p41 7 8 1
p42 8 9 0
p43 7 1 1
p44 10 3 0
p45 8 10 1
p46 7 3 1
p47 6 3 0
p48 0 5 1
p49 4 6 1
p50 8 3 1
p51 10 1 0
p52 9 1 0
p53 7 3 0
p54 2 8 1
p55 5 2 0
p56 2 1 0
p57 8 1 0
p58 7 9 0
p59 6 6 1
p60 8 4 0
p61 2 5 0
p62 2 2 0
p63 3 10 0
p64 0 10 1
p65 5 5 1
p66 1 6 1
p67 10 6 1
p68 9 8 1
p69 0 10 0
p70 6 8 0
p71 9 6 0
p72 5 1 1
p73 2 3 1
p74 7 9 0
p75 7 6 0
p76 0 5 1
p77 10 5 0
p78 3 4 0
p79 1 3 1
p80 6 7 0
p81 4 4 0
p82 3 2 0
p83 0 3 0
p84 6 7 0
p85 6 3 1
p86 10 6 0
p87 2 6 0
p88 5 6 1
p89 3 5 1
p90 7 10 0
p91 9 2 1
p92 8 8 0
p93 4 3 0
p94 9 4 1
p95 1 6 1
p96 5 1 1
p97 3 6 0
p98 1 7 1
p99 8 2 1
p100 4 10 1
p101 2 1 0
p102 2 10 1
p103 6 10 1
p104 4 10 0
p105 3 2 0
p106 10 2 0
p107 9 6 1
p108 10 9 1
p109 9 3 0
p110 3 2 0
p111 0 4 0
p112 2 4 0
p113 3 5 1
p114 0 7 0
p115 0 9 1
p116 9 1 1
p117 0 4 0
p118 9 2 0
p119 10 3 0
p120 2 1 0
p121 1 5 1
p122 0 10 0
p123 2 1 1
p124 10 5 1
p125 2 1 1
p126 8 10 0
p127 3 9 1
p128 8 7 0
p129 10 7 0
p130 8 4 1
p131 7 6 1
p132 4 5 0
p133 1 4 0
p134 5 10 0
p135 7 4 1
p136 0 10 0
p137 2 10 0
p138 0 1 0
p139 2 3 1
p140 6 7 0
p141 4 5 1
p142 5 6 0
p143 3 1 1
p144 5 10 1
p145 4 5 0
p146 10 8 1
p147 7 3 1
p148 6 10 1
p149 5 7 1
p150 2 2 1
p151 1 1 1
p152 9 4 0
p153 7 4 1
p154 6 1 0
p155 4 2 0
p156 3 6 0
p157 10 2 0
p158 8 4 1
p159 3 6 1
p160 0 6 1
p161 0 7 1
p162 8 6 0
p163 2 9 0
p164 8 2 0
p165 8 3 1
p166 7 9 0
p167 6 9 1
p168 9 3 0
p169 9 5 1
p170 1 5 0
p171 10 10 1
p172 8 6 0
p173 0 9 1
p174 8 1 0
p175 6 3 0
p176 5 8 1
p177 4 6 1
p178 8 1 1
p179 10 2 0
p180 5 8 0
p181 3 9 1
p182 7 7 0
p183 2 5 1
p184 5 2 1
p185 10 2 0
p186 10 4 1
p187 7 7 0
p188 9 10 1
p189 3 4 0
p190 4 6 1
p191 9 3 1
p192 7 8 1
p193 6 4 1
p194 9 9 0
p195 0 4 0
p196 8 4 1
p197 6 8 1
p198 0 6 0
p199 0 9 0
p200 2 4 1
p201 7 5 1
p202 1 3 1
p203 5 1 0
p204 5 3 1
p205 1 8 0
p206 8 9 1
p207 9 5 1
p208 7 1 0
p209 9 1 0
p210 10 8 1
p211 8 9 1
p212 10 2 1
p213 3 5 1
p214 0 3 1
p215 1 7 0
p216 7 2 0
p217 6 9 0
p218 2 8 1
p219 5 10 1
p220 3 7 0
p221 2 8 0
p222 9 3 0
p223 5 4 0
p224 9 2 0
p225 4 1 0
p226 3 1 1
p227 8 10 0
p228 5 4 1
p229 3 2 0
p230 2 2 1
p231 5 1 0
p232 3 9 0
p233 10 4 0
p234 7 2 1
p235 8 4 0
p236 8 1 0
p237 8 8 1
p238 3 3 0
p239 5 4 1
p240 2 9 0
p241 6 5 0
p242 10 6 0
p243 3 10 1
p244 8 3 0
p245 3 5 0
p246 10 6 0
p247 4 7 1
p248 9 7 1
p249 5 5 0
p250 6 4 1
p251 6 5 1
p252 5 3 0
p253 10 8 0
p254 4 2 0
p255 5 2 0
p256 7 8 0
p257 0 2 0
p258 3 3 0
p259 9 6 1
p260 7 2 0
p261 1 4 0
p262 7 4 1
p263 1 8 0
p264 6 3 1
p265 5 9 1
p266 7 2 0
p267 4 2 0
p268 7 8 0
p269 4 2 0
p270 1 3 1
p271 2 4 1
p272 8 3 0
p273 10 9 0
p274 6 6 0
p275 4 2 0
p276 10 8 0
p277 10 10 1
p278 5 8 0
p279 4 8 0
p280 9 6 0
p281 4 5 1
p282 7 1 0
p283 8 8 0
p284 9 3 1
p285 10 8 0
p286 4 5 1
p287 2 5 0
p288 0 1 1
p289 0 8 1
p290 1 10 0
p291 7 10 0
p292 10 3 1
p293 5 7 0
p294 4 4 1
p295 1 4 0
p296 0 3 0
p297 8 3 1
p298 3 5 1
p299 3 1 0
p300 9 9 0
p301 3 7 1
p302 7 4 0
p303 6 8 0
p304 8 7 1
p305 7 6 1
p306 10 10 1
p307 1 1 1
p308 2 4 1
p309 7 7 1
p310 8 7 1
p311 3 3 1
p312 7 6 1
p313 2 1 0
p314 8 7 0
p315 10 4 0
p316 8 9 1
p317 4 1 1
p318 10 3 0
p319 5 7 1
p320 0 2 1
p321 1 6 0
p322 10 10 1
p323 10 8 1
p324 7 8 0
p325 3 2 1
p326 2 6 0
p327 2 4 0
p328 9 7 0
p329 5 1 1
p330 10 9 0
p331 2 9 1
p332 5 6 1
p333 2 8 0
p334 9 2 0
p335 0 4 1
p336 4 5 0
p337 6 8 1
p338 0 1 1
p339 3 2 0
p340 5 4 0
p341 0 9 0
p342 4 5 1
p343 1 3 0
p344 6 1 1
p345 0 3 1
p346 5 3 1
p347 7 10 0
p348 10 8 0
p349 0 8 1
p350 6 7 0
p351 2 8 1
p352 10 8 1
p353 0 6 1
p354 9 2 0
p355 2 4 0
p356 10 3 0
p357 7 6 0
p358 2 7 1
p359 6 4 0
p360 7 2 0
p361 10 7 1
p362 1 7 0
p363 8 4 1
p364 7 1 0
p365 1 6 1
p366 6 8 1
p367 3 1 1
p368 0 1 1
p369 4 1 0
p370 9 2 0
p371 7 10 0
p372 0 1 0
p373 0 3 1
p374 9 9 0
p375 0 10 1
p376 2 8 1
p377 9 9 1
p378 7 7 1
p379 2 7 1
p380 0 10 1
p381 0 8 0
p382 6 8 1
p383 6 9 1
p384 7 4 1
p385 9 7 1
p386 1 9 0
p387 3 3 0
p388 0 8 1
p389 7 1 1
p390 2 6 0
p391 5 5 1
p392 4 8 1
p393 10 10 1
p394 3 4 0
p395 7 3 0
p396 7 4 1
p397 9 4 1
p398 7 6 1
p399 9 1 1
p400 9 9 0
p401 5 3 0
p402 4 3 1
p403 3 2 1
p404 2 4 0
p405 10 8 0
p406 3 3 0
p407 3 3 1
p408 10 3 0
p409 4 10 0
p410 1 2 1
p411 8 10 1
p412 5 10 1
p413 7 5 0
p414 6 10 1
p415 0 3 1
p416 8 6 1
p417 4 5 1
p418 4 7 1
p419 8 6 0
p420 10 8 1
p421 10 2 1
p422 4 4 0
p423 5 7 1
p424 10 6 0
p425 1 4 0
p426 4 1 1
p427 2 6 1
p428 4 1 1
p429 6 2 0
p430 4 9 1
p431 5 2 0
p432 7 3 1
p433 8 10 0
p434 1 10 1
p435 0 2 0
p436 0 9 1
p437 4 10 0
p438 6 4 0
p439 1 5 1
p440 4 3 0
p441 7 9 1
p442 3 3 1
p443 8 8 0
p444 9 6 0
p445 8 10 1
p446 10 10 0
p447 7 8 1
p448 1 3 0
p449 7 7 0
p450 9 4 1
p451 6 3 1
p452 8 6 1
p453 5 4 1
p454 5 9 0
p455 3 4 0
p456 4 4 1
p457 7 3 0
p458 2 5 0
p459 6 5 1
p460 10 10 0
p461 8 4 0
p462 1 2 1
p463 10 4 1
p464 5 9 1
p465 0 5 0
p466 5 7 0
p467 7 1 0
p468 9 2 0
p469 6 9 0
p470 7 1 0
p471 5 1 1
p472 7 1 0
p473 5 10 0
p474 5 2 0
p475 5 8 0
p476 3 1 1
p477 8 3 1
p478 1 9 1
p479 9 2 1
p480 0 4 1
p481 9 9 0
p482 5 8 0
p483 10 8 1
p484 4 2 0
p485 2 8 1
p486 9 1 1
p487 4 6 1
p488 5 4 0
p489 2 2 1
p490 10 2 1
p491 8 9 1
p492 3 2 0
p493 4 6 1
p494 1 8 0
p495 6 4 0
p496 10 3 0
p497 7 10 0
p498 2 9 1
p499 2 9 0
p500 4 5 1