500
p1 0 5 0
p1 10 1 1
p2 8 3 1
p3 8 3 1
p4 1 7 1
p5 1 2 1
p6 0 3 1
p7 1 4 1
p8 6 1 1
p9 3 8 1
p10 2 9 0
p11 5 10 0
p12 1 6 0
p13 6 1 0
p14 6 8 1
p15 0 8 0
p16 5 3 0
p17 6 2 0
p18 5 1 0
p19 1 8 1
p20 7 2 1
p21 0 8 0
p22 4 9 0
p23 8 10 0
p24 5 1 1
p25 7 1 0
p26 0 4 1
p27 10 3 0
p28 5 2 1
p29 0 2 0
p30 6 5 1
p31 10 5 0
p32 8 4 0
p33 10 4 0
p34 0 10 0
p35 9 7 0
p36 7 2 1
p37 6 3 0
p38 5 9 1
p39 9 10 0
p40 8 3 0
p41 6 7 0
p42 6 3 0
p43 8 10 1
p44 4 5 0
p45 1 5 0
p46 6 2 1
p47 4 10 1
p48 9 9 1
p49 4 8 1
p50 3 10 1
p51 10 4 1
p52 2 1 1
p53 9 4 0
p54 2 7 0
p55 8 2 1
p56 10 9 0
p57 6 5 0
p58 0 2 0
p59 1 5 1
p60 4 5 0
p61 0 5 0
p62 10 5 0
p63 1 4 1
p64 0 9 1
p65 9 9 0
p66 1 10 0
p67 7 5 0
p68 8 7 1
p69 0 4 0
p70 9 7 0
p71 0 8 0
p72 5 7 0
p73 4 7 1
p74 7 7 0
p75 7 10 0
p76 10 6 1
p77 6 3 1
p78 5 3 1
p79 2 6 1
p80 7 10 1
p81 8 4 0
p82 2 5 0
p83 3 3 0
p84 4 5 1
p85 2 1 0
p86 8 10 0
p87 2 8 0
p88 0 1 0
p89 2 2 1
p90 6 6 0
p91 6 5 0
p92 4 7 0
p93 10 6 0
p94 10 7 0
p95 4 9 1
p96 3 2 0
p97 5 6 1
p98 5 7 0
p99 2 8 1
p100 3 8 0
p101 8 1 0
p102 4 7 1
p103 9 5 0
p104 4 1 0
p105 4 3 1
p106 9 1 0
p107 5 3 1
p108 8 9 1
p109 9 5 1
p110 2 9 0
p111 1 6 1
p112 7 4 1
p113 6 7 1
p114 1 8 1
p115 9 1 1
p116 5 10 1
p117 0 4 1
p118 7 6 1
p119 0 4 0
p120 4 3 0
p121 3 7 1
p122 2 3 1
p123 2 8 1
p124 4 7 0
p125 3 5 0
p126 7 6 1
p127 4 7 1
p128 1 7 0
p129 10 1 0
p130 0 1 0
p131 7 2 0
p132 5 8 0
p133 7 5 1
p134 0 1 0
p135 6 5 0
p136 1 10 0
p137 0 8 0
p138 8 4 1
p139 4 4 1
p140 3 5 1
p141 7 7 1
p142 6 7 0
p143 3 7 1
p144 8 3 1
p145 4 6 1
p146 0 2 0
p147 2 6 0
p148 8 2 1
p149 4 3 0
p150 7 8 1
p151 1 8 1
p152 10 8 1
p153 5 4 0
p154 3 4 0
p155 10 4 1
p156 9 1 1
p157 3 7 0
p158 0 4 1
p159 8 8 0
p160 5 1 1
p161 2 4 0
p162 6 7 1
p163 10 1 1
p164 10 10 0
p165 4 7 0
p166 8 7 0
p167 2 7 0
p168 5 8 0
p169 3 6 1
p170 10 10 0
p171 7 2 1
p172 9 5 1
p173 9 9 0
p174 2 8 1
p175 3 8 1
p176 4 4 1
p177 7 1 0
p178 9 2 1
p179 8 1 0
p180 8 1 1
p181 2 3 0
p182 0 2 0
p183 6 6 1
p184 7 1 0
p185 6 4 1
p186 6 8 1
p187 1 1 1
p188 7 7 1
p189 9 7 1
p190 8 1 1
p191 4 2 0
p192 0 3 1
p193 2 1 0
p194 8 7 0
p195 5 10 1
p196 8 9 0
p197 0 2 1
p198 7 2 1
p199 0 10 0
p200 3 9 0
p201 4 6 1
p202 9 10 1
p203 7 4 1
p204 3 1 1
p205 1 6 1
p206 3 10 1
p207 10 8 0
p208 9 3 0
p209 9 3 1
p210 6 4 1
p211 7 6 1
p212 1 3 0
p213 3 4 1
p214 2 8 1
p215 7 5 0
p216 10 6 1
p217 6 4 0
p218 9 6 0
p219 1 2 0
p220 1 8 1
p221 8 8 1
p222 1 2 1
p223 4 3 0
p224 4 5 1
p225 7 3 0
p226 9 8 1
p227 6 9 0
p228 6 10 0
p229 7 9 1
p230 7 9 1
p231 7 10 0
p232 10 7 1
p233 4 9 1
p234 5 9 0
p235 7 1 0
p236 10 8 0
p237 6 10 0
p238 1 6 1
p239 9 9 1
p240 0 3 1
p241 7 8 0
p242 0 2 0
p243 3 9 1
p244 8 2 1
p245 3 9 1
p246 6 6 0
p247 4 1 1
p248 3 6 1
p249 8 9 1
p250 0 1 1
p251 9 3 0
p252 2 5 1
p253 1 4 1
p254 10 7 1
p255 9 2 1
p256 4 8 1
p257 7 3 1
p258 0 7 0
p259 10 1 0
p260 2 3 0
p261 5 1 0
p262 2 8 0
p263 1 2 0
p264 8 6 0
p265 2 6 0
p266 1 9 1
p267 5 4 1
p268 6 1 1
p269 5 7 0
p270 0 9 0
p271 2 10 0
p272 5 9 0
p273 0 8 1
p274 10 7 0
p275 10 6 1
p276 2 5 1
p277 4 3 1
p278 7 10 1
p279 7 1 0
p280 9 8 0
p281 10 10 1
p282 10 10 1
p283 1 4 1
p284 2 5 1
p285 2 4 0
p286 7 1 1
p287 3 1 1
p288 3 2 1
p289 5 7 1
p290 9 8 1
p291 6 1 0
p292 10 3 1
p293 0 2 0
p294 9 5 0
p295 2 6 1
p296 1 10 1
p297 4 10 1
p298 7 9 1
p299 0 8 1
p300 1 4 1
p301 7 7 1
p302 7 8 1
p303 10 5 1
p304 0 9 1
p305 8 8 0
p306 0 4 1
p307 9 8 1
p308 6 10 1
p309 8 3 0
p310 0 10 0
p311 1 7 0
p312 10 5 1
p313 3 3 0
p314 3 6 0
p315 10 10 0
p316 4 9 1
p317 2 1 0
p318 4 1 0
p319 4 10 0
p320 5 7 1
p321 6 6 0
p322 1 3 0
p323 0 6 0
p324 2 1 0
p325 5 2 1
p326 10 6 1
p327 6 4 1
p328 8 5 0
p329 0 8 1
p330 6 3 1
p331 0 10 1
p332 2 9 1
p333 6 9 0
p334 10 6 1
p335 0 9 0
p336 5 6 1
p337 3 10 1
p338 3 2 1
p339 8 1 0
p340 8 10 0
p341 9 10 1
p342 5 1 1
p343 4 3 0
p344 6 6 1
p345 3 5 1
p346 7 9 0
p347 8 8 1
p348 5 5 0
p349 4 9 0
p350 9 3 1
p351 1 7 1
p352 10 1 1
p353 0 3 1
p354 4 6 1
p355 4 3 1
p356 10 9 0
p357 10 6 1
p358 10 2 1
p359 4 3 0
p360 2 5 0
p361 3 2 0
p362 2 4 1
p363 6 7 1
p364 4 5 0
p365 9 1 1
p366 8 5 1
p367 3 8 0
p368 10 5 1
p369 8 6 1
p370 8 1 0
p371 1 4 1
p372 0 4 0
p373 9 3 0
p374 6 4 0
p375 1 3 1
p376 3 8 1
p377 0 7 0
p378 9 8 0
p379 2 4 1
p380 5 6 0
p381 6 8 1
p382 4 5 1
p383 9 9 1
p384 9 7 0
p385 9 1 1
p386 9 6 0
p387 10 4 1
p388 1 8 0
p389 0 5 1
p390 9 3 0
p391 9 10 1
p392 10 7 0
p393 8 9 0
p394 3 3 0
p395 0 5 0
p396 8 9 1
p397 0 5 0
p398 9 4 1
p399 2 2 1
p400 9 3 0
p401 10 8 1
p402 10 10 1
p403 4 4 1
p404 5 5 1
p405 5 4 0
p406 3 7 0
p407 2 10 0
p408 0 6 0
p409 4 8 1
p410 9 1 1
p411 4 6 0
p412 7 6 1
p413 2 9 0
p414 9 4 0
p415 2 9 0
p416 3 3 0
p417 8 5 1
p418 4 5 0
p419 2 4 1
p420 1 7 1
p421 10 6 0
p422 1 10 1
p423 10 10 1
p424 8 3 0
p425 9 1 1
p426 2 2 1
p427 2 4 1
p428 0 3 1
p429 3 2 1
p430 0 8 1
p431 2 9 1
p432 4 8 0
p433 8 9 1
p434 2 2 1
p435 4 7 0
p436 9 1 1
p437 3 10 0
p438 3 7 1
p439 5 3 0
p440 4 7 0
p441 7 1 0
p442 6 10 0
p443 6 10 0
p444 0 9 1
p445 2 1 1
p446 9 6 1
p447 7 7 1
p448 7 1 1
p449 10 2 1
p450 7 5 1
p451 7 1 0
p452 9 2 1
p453 2 1 0
p454 6 10 0
p455 9 9 1
p456 5 9 0
p457 9 3 0
p458 0 7 0
p459 1 10 0
p460 2 7 0
p461 3 5 0
p462 5 7 1
p463 0 7 1
p464 7 9 1
p465 2 8 1
p466 3 6 1
p467 6 4 1
p468 0 1 1
p469 1 7 0
p470 9 3 1
p471 7 4 1
p472 4 5 1
p473 2 3 1
p474 5 1 1
p475 7 5 0
p476 6 1 1
p477 10 9 1
p478 3 1 1
p479 5 4 0
p480 4 5 0
p481 3 6 1
p482 9 9 1
p483 7 5 1
p484 1 7 1
p485 6 3 1
p486 5 7 1
p487 6 6 1
p488 4 2 0
p489 8 4 1
p490 9 1 0
p491 5 8 1
p492 3 3 0
p493 2 10 0
p494 2 9 0
p495 8 8 1
p496 3 6 1
p497 9 9 0
p498 10 3 1
p499 5 6 1
p500 4 10 1