500
p1 0 1 1
p1 3 8 0
p2 3 2 1
p3 1 6 0
p4 9 2 0
p5 10 6 0
p6 5 5 0
p7 7 8 1
p8 6 1 1
p9 4 8 1
p10 9 6 1
p11 1 6 0
p12 6 8 0
p13 1 6 1
p14 7 5 0
p15 1 7 0
p16 1 9 0
p17 6 6 1
p18 0 1 1
p19 0 4 1
p20 10 10 0
p21 1 9 1
p22 2 7 1
p23 0 10 0
p24 3 3 1
p25 5 1 1
p26 2 3 1
p27 3 7 0
p28 9 6 1
p29 4 2 0
p30 5 5 0
p31 8 9 0
p32 9 10 0
p33 6 2 1
p34 0 2 0
p35 1 3 0
p36 6 5 1
p37 6 10 1
p38 1 3 1
p39 7 7 0
p40 4 6 1
p41 9 3 1
p42 1 10 0
p43 7 8 0
p44 4 3 1
p45 0 10 1
p46 3 7 0
p47 4 2 1
p48 9 1 1
p49 2 7 1
p50 5 9 0
p51 7 4 1
p52 5 7 0
p53 2 6 0
p54 9 3 0
p55 9 10 1
p56 2 8 0
p57 5 10 1
p58 4 4 1
p59 0 5 1
p60 8 9 1
p61 5 7 0
p62 5 9 0
p63 2 6 0
p64 1 10 0
p65 3 6 0
p66 7 4 1
p67 0 1 0
p68 4 10 0
p69 2 1 0
p70 10 3 0
p71 9 1 1
p72 7 1 1
p73 7 9 0
p74 0 9 0
p75 7 3 1
p76 10 10 0
p77 3 10 1
p78 0 2 0
p79 5 10 0
p80 0 8 0
p81 10 10 1
p82 8 5 1
p83 10 2 1
p84 7 7 1
p85 7 4 1
p86 8 6 0
p87 1 6 1
p88 10 9 1
p89 6 8 0
p90 2 6 1
p91 0 4 1
p92 7 9 1
p93 6 1 0
p94 10 6 0
p95 3 3 1
p96 1 2 0
p97 1 5 0
p98 0 5 0
p99 2 9 0
p100 0 2 1
p101 5 6 0
p102 10 10 0
p103 1 8 0
p104 5 8 0
p105 4 10 0
p106 8 6 1
p107 9 7 1
p108 7 4 1
p109 2 5 0
p110 7 3 1
p111 2 6 0
p112 6 4 0
p113 5 3 1
p114 10 4 0
p115 3 3 1
p116 0 9 1
p117 0 4 1
p118 9 7 0
p119 8 9 1
p120 7 4 1
p121 1 3 0
p122 6 5 1
p123 10 4 1
p124 9 1 0
p125 7 8 0
p126 2 3 0
p127 5 6 0
p128 2 1 0
p129 8 3 0
p130 0 1 0
p131 3 8 0
p132 9 2 0
p133 0 10 1
p134 3 3 1
p135 10 9 0
p136 1 8 1
p137 6 6 0
p138 9 5 0
p139 8 5 0
p140 4 4 0
p141 6 4 0
p142 10 2 1
p143 7 1 1
p144 6 5 1
p145 10 3 1
p146 9 1 0
p147 10 10 1
p148 4 2 0
p149 10 9 0
p150 1 1 0
p151 4 6 1
p152 9 6 1
p153 9 8 1
p154 6 3 0
p155 5 8 0
p156 2 4 1
p157 10 2 0
p158 3 1 1
p159 0 3 0
p160 0 7 0
p161 2 9 1
p162 9 8 0
p163 5 4 1
p164 3 9 0
p165 3 3 1
p166 6 5 0
p167 1 4 0
p168 2 6 0
p169 7 4 0
p170 3 6 0
p171 7 7 1
p172 9 9 0
p173 0 10 1
p174 5 8 1
p175 9 9 1
p176 0 8 0
p177 9 4 1
p178 1 6 0
p179 9 1 1
p180 5 7 0
p181 6 2 0
p182 5 9 0
p183 9 9 1
p184 5 10 1
p185 10 7 1
p186 4 7 0
p187 1 4 1
p188 10 1 0
p189 1 1 0
p190 5 1 0
p191 9 3 0
p192 6 7 0
p193 3 10 0
p194 3 7 1
p195 10 8 1
p196 2 7 0
p197 5 6 1
p198 9 2 0
p199 5 2 0
p200 7 7 0
p201 0 9 0
p202 10 9 0
p203 0 7 0
p204 5 5 0
p205 6 10 1
p206 3 10 0
p207 2 2 1
p208 5 1 1
p209 10 4 0
p210 4 10 1
p211 3 8 1
p212 8 10 1
p213 5 4 1
p214 10 1 0
p215 6 10 1
p216 2 8 1
p217 1 2 0
p218 4 9 1
p219 9 9 0
p220 4 2 1
p221 6 2 0
p222 1 10 1
p223 6 4 1
p224 0 3 1
p225 0 7 0
p226 3 5 1
p227 6 1 0
p228 5 5 1
p229 10 5 1
p230 0 8 0
p231 5 2 1
p232 3 1 0
p233 9 5 0
p234 5 3 0
p235 3 10 0
p236 1 3 1
p237 0 7 1
p238 2 10 1
p239 10 5 0
p240 3 5 1
p241 6 3 1
p242 1 1 1
p243 3 4 0
p244 9 5 0
p245 2 5 1
p246 1 5 0
p247 7 7 0
p248 10 10 1
p249 9 1 0
p250 4 4 0
p251 10 7 0
p252 1 3 0
p253 7 2 0
p254 2 9 0
p255 8 6 0
p256 6 4 0
p257 5 2 1
p258 9 6 0
p259 5 10 0
p260 9 7 1
p261 10 10 1
p262 4 10 0
p263 1 8 1
p264 1 9 0
p265 7 7 1
p266 9 10 0
p267 9 5 0
p268 6 6 1
p269 1 7 0
p270 4 10 1
p271 5 4 0
p272 8 2 0
p273 5 2 1
p274 8 3 1
p275 3 5 1
p276 10 4 0
p277 3 9 0
p278 6 3 0
p279 5 7 0
p280 0 3 0
p281 5 5 1
p282 6 9 0
p283 3 8 1
p284 1 9 1
p285 3 8 0
p286 3 3 1
p287 0 8 1
p288 4 5 1
p289 6 9 1
p290 9 2 1
p291 8 2 0
p292 5 9 0
p293 0 3 1
p294 5 5 0
p295 1 10 1
p296 3 10 1
p297 8 1 0
p298 3 1 0
p299 5 4 1
p300 4 8 0
p301 0 6 0
p302 10 7 0
p303 9 8 0
p304 1 1 0
p305 4 7 1
p306 6 1 1
p307 10 6 1
p308 2 2 1
p309 1 3 1
p310 0 1 0
p311 8 4 0
p312 7 4 0
p313 1 9 0
p314 5 2 0
p315 4 9 0
p316 5 8 0
p317 6 4 1
p318 9 4 0
p319 7 1 0
p320 7 5 0
p321 5 2 1
p322 10 10 0
p323 3 5 1
p324 3 4 0
p325 3 7 1
p326 6 10 0
p327 9 8 1
p328 9 8 0
p329 0 3 1
p330 5 7 1
p331 8 1 0
p332 5 8 0
p333 10 9 0
p334 7 2 1
p335 8 7 1
p336 5 2 1
p337 0 7 0
p338 7 7 1
p339 1 7 1
p340 6 7 1
p341 9 1 0
p342 0 2 1
p343 1 4 1
p344 7 5 0
p345 8 1 0
p346 8 7 1
p347 9 4 1
p348 10 5 1
p349 4 3 1
p350 0 2 1
p351 3 7 1
p352 9 6 0
p353 4 1 0
p354 2 6 0
p355 2 8 0
p356 9 1 1
p357 5 8 0
p358 8 7 0
p359 5 3 1
p360 3 5 0
p361 7 7 0
p362 3 10 1
p363 6 5 1
p364 10 10 0
p365 2 8 1
p366 1 1 0
p367 7 6 1
p368 3 3 1
p369 1 4 1
p370 3 1 0
p371 2 6 0
p372 6 9 1
p373 6 9 1
p374 6 3 1
p375 8 8 0
p376 5 9 0
p377 3 7 1
p378 0 5 0
p379 6 7 1
p380 4 7 1
p381 0 1 0
p382 0 1 1
p383 0 5 1
p384 6 3 0
p385 6 1 1
p386 3 8 1
p387 6 6 1
p388 7 10 1
p389 4 2 1
p390 10 1 1
p391 8 2 1
p392 3 5 0
p393 1 9 0
p394 2 1 0
p395 10 10 0
p396 1 5 0
p397 0 9 1
p398 1 6 0
p399 7 9 1
p400 5 1 1
p401 8 6 0
p402 9 10 0
p403 4 3 1
p404 4 4 1
p405 8 8 1
p406 9 2 1
p407 5 4 1
p408 4 6 0
p409 7 8 0
p410 10 8 0
p411 2 8 0
p412 3 3 1
p413 4 6 0
p414 0 9 1
p415 8 9 0
p416 0 4 1
p417 3 2 1
p418 9 8 0
p419 1 4 1
p420 3 1 1
p421 5 10 0
p422 1 2 0
p423 3 4 1
p424 2 3 1
p425 9 3 0
p426 2 5 1
p427 3 10 0
p428 1 10 1
p429 8 9 0
p430 6 7 1
p431 1 5 0
p432 0 5 1
p433 1 10 0
p434 4 6 0
p435 2 2 1
p436 6 9 1
p437 8 10 0
p438 7 5 1
p439 2 5 0
p440 2 4 0
p441 5 4 0
p442 9 8 0
p443 10 2 1
p444 8 1 0
p445 3 3 0
p446 0 8 0
p447 0 3 1
p448 4 5 0
p449 10 7 0
p450 7 9 1
p451 7 6 0
p452 8 7 1
p453 9 2 0
p454 10 8 0
p455 3 4 0
p456 10 7 1
p457 9 3 0
p458 2 9 0
p459 1 8 0
p460 1 10 0
p461 10 1 1
p462 3 7 0
p463 2 2 1
p464 8 9 0
p465 1 1 1
p466 6 10 1
p467 4 8 1
p468 5 4 1
p469 5 3 1
p470 1 5 0
p471 8 9 0
p472 5 2 0
p473 3 9 0
p474 10 5 0
p475 0 8 0
p476 0 4 0
p477 6 8 1
p478 7 3 0
p479 7 5 1
p480 5 4 1
p481 4 7 1
p482 5 1 0
p483 9 4 1
p484 7 6 1
p485 5 8 0
p486 9 10 0
p487 7 4 1
p488 6 9 1
p489 7 5 0
p490 4 3 1
p491 7 8 1
p492 1 4 1
p493 10 7 0
p494 5 1 1
p495 5 4 1
p496 8 6 0
p497 10 7 1
p498 5 6 1
p499 9 6 0
p500 4 2 0