500
p1 0 5 1
p1 4 10 1
p2 2 4 1
p3 2 8 1
p4 6 10 0
p5 5 3 0
p6 6 3 0
p7 1 9 0
p8 1 6 0
p9 6 2 0
p10 10 8 1
p11 10 1 0
p12 6 4 1
p13 3 8 0
p14 7 9 0
p15 0 8 0
p16 10 9 0
p17 7 7 0
p18 1 7 1
p19 7 9 1
p20 9 9 0
p21 6 5 0
p22 9 1 1
p23 2 5 0
p24 7 4 0
p25 6 7 0
p26 6 7 0
p27 0 10 0
p28 1 2 0
p29 0 3 0
p30 1 1 1
p31 9 10 1
p32 8 10 1
p33 9 5 1
p34 1 2 0
p35 10 4 1
p36 10 3 1
p37 9 3 0
p38 2 2 1
p39 5 7 0
p40 8 3 0
p41 2 5 0
p42 3 5 1
p43 6 9 1
p44 5 1 0
p45 1 5 1
p46 7 8 0
p47 9 8 0
p48 4 3 1
p49 3 9 0
p50 2 6 0
p51 8 4 1
p52 4 5 1
p53 0 6 1
p54 9 8 1
p55 3 4 0
p56 1 6 1
p57 8 6 0
p58 1 7 0
p59 5 2 1
p60 4 10 0
p61 1 7 0
p62 4 2 0
p63 10 6 1
p64 4 9 0
p65 9 9 0
p66 0 8 1
p67 0 7 0
p68 6 2 1
p69 6 4 0
p70 7 3 1
p71 4 8 0
p72 9 6 1
p73 1 1 1
p74 10 4 1
p75 4 7 1
p76 6 1 0
p77 1 7 0
p78 8 1 1
p79 8 9 1
p80 5 7 1
p81 10 5 0
p82 10 5 1
p83 9 1 1
p84 6 1 1
p85 8 4 1
p86 7 10 1
p87 2 10 1
p88 1 8 1
p89 3 1 0
p90 2 4 0
p91 2 6 0
p92 4 7 0
p93 1 7 0
p94 2 6 1
p95 1 2 0
p96 4 4 1
p97 4 3 0
p98 10 4 1
p99 4 10 1
p100 7 8 0
p101 9 6 0
p102 3 7 0
p103 0 2 0
p104 9 3 1
p105 6 7 0
p106 7 8 0
p107 5 7 0
p108 3 3 1
p109 3 4 0
p110 6 2 1
p111 0 1 1
p112 6 1 1
p113 1 4 0
p114 3 10 1
p115 5 3 1
p116 5 6 1
p117 9 3 1
p118 5 8 1
p119 5 4 0
p120 10 8 1
p121 0 9 0
p122 7 9 0
p123 1 10 1
p124 7 6 1
p125 2 4 1
p126 9 8 1
p127 9 8 1
p128 7 2 0
p129 9 9 1
p130 8 2 1
p131 4 7 1
p132 1 1 1
p133 3 10 0
p134 8 8 0
p135 6 4 1
p136 3 8 0
p137 1 7 1
p138 10 9 0
p139 5 6 0
p140 4 2 1
p141 10 7 0
p142 1 6 0
p143 2 9 0
p144 4 9 1
p145 10 9 0
p146 1 2 0
p147 2 4 0
p148 0 9 1
p149 0 4 0
p150 5 2 1
p151 2 6 1
p152 1 10 0
p153 7 6 0
p154 0 5 1
p155 5 1 1
p156 7 3 0
p157 8 6 1
p158 10 9 1
p159 6 5 0
p160 5 4 1
p161 1 6 0
p162 2 10 0
p163 3 6 1
p164 7 5 1
p165 3 6 0
p166 5 10 0
p167 3 6 1
p168 0 5 1
p169 2 2 0
p170 5 8 1
p171 0 4 0
p172 10 5 1
p173 9 8 0
p174 3 2 0
p175 5 5 0
p176 4 9 1
p177 9 5 1
p178 0 4 1
p179 10 10 0
p180 3 2 0
p181 7 6 1
p182 2 8 1
p183 0 6 0
p184 6 7 0
p185 0 4 0
p186 8 9 1
p187 2 6 1
p188 0 3 1
p189 1 5 0
p190 1 3 0
p191 9 6 1
p192 7 3 0
p193 6 1 1
p194 7 5 1
p195 5 6 1
p196 3 7 1
p197 5 8 1
p198 10 3 1
p199 10 10 1
p200 3 1 1
p201 4 6 0
p202 5 6 0
p203 1 7 0
p204 3 8 0
p205 10 2 0
p206 8 2 0
p207 1 1 1
p208 6 3 0
p209 2 3 1
p210 8 9 1
p211 5 7 0
p212 9 4 1
p213 0 5 1
p214 9 9 0
p215 7 10 1
p216 4 7 0
p217 6 5 0
p218 5 10 1
p219 8 8 1
p220 9 1 1
p221 5 5 1
p222 5 5 0
p223 5 3 0
p224 7 9 0
p225 10 9 1
p226 3 10 1
p227 2 1 1
p228 10 9 0
p229 2 10 1
p230 1 9 1
p231 4 4 1
p232 8 4 1
p233 3 10 1
p234 3 6 1
p235 9 5 0
p236 6 6 1
p237 3 3 1
p238 1 8 1
p239 4 3 0
p240 1 10 1
p241 0 9 0
p242 4 8 1
p243 9 2 0
p244 4 1 0
p245 3 9 0
p246 6 6 1
p247 0 6 1
p248 6 6 1
p249 4 5 1
p250 10 1 0
p251 6 6 0
p252 2 3 0
p253 6 8 1
p254 7 2 1
p255 5 5 1
p256 8 7 0
p257 5 5 0
p258 2 5 1
p259 4 4 1
p260 5 1 1
p261 4 8 1
p262 5 4 1
p263 2 8 0
p264 10 7 1
p265 8 9 0
p266 5 8 0
p267 5 9 0
p268 2 7 0
p269 6 8 1
p270 0 6 0
p271 7 2 1
p272 2 5 0
p273 4 2 0
p274 9 8 0
p275 8 4 0
p276 6 9 0
p277 7 6 0
p278 3 6 0
p279 6 3 1
p280 0 1 0
p281 3 3 1
p282 2 4 0
p283 4 9 1
p284 9 2 1
p285 7 10 0
p286 6 9 0
p287 0 3 1
p288 6 10 0
p289 0 8 0
p290 8 5 1
p291 4 6 1
p292 10 8 1
p293 10 4 1
p294 4 5 0
p295 1 7 1
p296 6 8 1
p297 2 7 0
p298 3 4 1
p299 0 5 0
p300 8 7 0
p301 5 9 1
p302 7 1 0
p303 2 10 0
p304 8 7 0
p305 6 1 0
p306 6 9 0
p307 3 5 0
p308 3 1 0
p309 7 9 0
p310 1 5 1
p311 3 7 1
p312 7 10 1
p313 2 6 1
p314 3 5 1
p315 4 8 0
p316 6 6 0
p317 1 10 1
p318 7 10 1
p319 2 6 1
p320 2 8 1
p321 3 10 1
p322 0 8 0
p323 10 3 1
p324 0 7 1
p325 7 8 0
p326 9 1 0
p327 10 6 1
p328 2 9 1
p329 9 7 0
p330 5 3 1
p331 0 4 0
p332 10 10 0
p333 7 2 0
p334 4 3 0
p335 7 6 1
p336 0 6 1
p337 1 1 0
p338 0 7 1
p339 8 6 1
p340 1 6 1
p341 9 4 0
p342 1 9 1
p343 5 6 1
p344 2 7 1
p345 2 4 0
p346 0 3 0
p347 2 4 0
p348 7 4 1
p349 1 4 0
p350 3 1 0
p351 8 4 1
p352 2 1 1
p353 0 6 0
p354 7 9 1
p355 5 8 0
p356 5 1 0
p357 9 10 1
p358 3 1 0
p359 1 5 1
p360 8 8 0
p361 10 4 1
p362 3 8 1
p363 1 5 0
p364 8 6 0
p365 3 6 1
p366 7 8 0
p367 5 5 1
p368 9 10 1
p369 4 2 1
p370 2 4 0
p371 1 5 1
p372 7 10 0
p373 1 9 0
p374 4 6 1
p375 0 8 0
p376 7 8 0
p377 4 10 0
p378 6 9 1
p379 7 6 0
p380 6 9 1
p381 6 6 1
p382 2 10 1
p383 7 5 1
p384 9 6 0
p385 3 3 1
p386 5 2 0
p387 8 8 1
p388 9 8 1
p389 0 6 0
p390 4 6 1
p391 7 7 0
p392 10 6 0
p393 0 8 0
p394 3 3 0
p395 3 2 0
p396 5 3 1
p397 10 6 1
p398 5 5 0
p399 6 9 1
p400 6 3 0
p401 8 6 1
p402 9 7 0
p403 6 5 1
p404 7 10 0
p405 6 9 1
p406 3 3 1
p407 4 7 0
p408 0 6 0
p409 10 4 0
p410 5 7 0
p411 5 2 1
p412 1 6 0
p413 10 2 0
p414 5 5 0
p415 5 9 0
p416 1 10 1
p417 0 1 1
p418 6 8 1
p419 6 8 0
p420 9 1 0
p421 8 6 0
p422 10 9 1
p423 2 9 1
p424 2 9 1
p425 5 3 1
p426 1 10 1
p427 5 6 1
p428 5 6 0
p429 1 2 1
p430 1 6 1
p431 0 2 1
p432 3 2 1
p433 6 5 1
p434 3 7 0
p435 1 9 0
p436 5 10 0
p437 6 5 1
p438 9 10 1
p439 10 2 0
p440 1 7 0
p441 5 2 1
p442 5 7 0
p443 2 9 1
p444 7 1 1
p445 9 9 0
p446 6 3 1
p447 5 4 1
p448 8 2 1
p449 7 5 0
p450 6 3 0
p451 4 2 1
p452 9 3 1
p453 8 4 0
p454 1 3 0
p455 3 10 0
p456 7 10 1
p457 2 1 0
p458 2 4 0
p459 4 10 0
p460 5 7 0
p461 5 9 1
p462 4 7 1
p463 5 6 1
p464 10 9 1
p465 2 2 1
p466 1 7 0
p467 9 3 0
p468 8 5 0
p469 8 3 1
p470 8 10 1
p471 5 4 0
p472 7 5 0
p473 3 9 1
p474 1 10 0
p475 2 2 1
p476 5 1 0
p477 2 7 0
p478 0 10 0
p479 6 6 1
p480 3 5 0
p481 5 5 1
p482 7 3 1
p483 5 1 0
p484 6 3 1
p485 9 3 0
p486 6 10 1
p487 3 3 1
p488 9 5 0
p489 6 10 0
p490 8 7 0
p491 7 6 0
p492 8 6 1
p493 0 3 1
p494 3 4 1
p495 1 10 0
p496 10 4 1
p497 4 2 0
p498 5 7 0
p499 10 8 1
p500 2 4 0