500
p1 0 1 1
p1 2 3 0
p2 8 2 0
p3 5 9 0
p4 7 4 0
p5 5 10 1
p6 1 6 1
p7 7 1 0
p8 7 8 0
p9 9 3 0
p10 8 5 1
p11 5 10 1
p12 5 1 0
p13 2 8 1
p14 8 10 0
p15 7 10 1
p16 3 3 0
p17 3 10 1
p18 0 7 0
p19 8 10 0
p20 9 3 0
p21 6 6 0
p22 6 8 0
p23 5 7 1
p24 4 6 0
p25 9 2 1
p26 7 8 1
p27 10 2 0
p28 9 2 1
p29 3 6 0
p30 8 5 1
p31 10 5 0
p32 6 6 1
p33 7 4 0
p34 3 2 1
p35 5 3 0
p36 5 7 0
p37 2 3 1
p38 5 9 0
p39 6 7 1
p40 5 5 0
p41 9 2 0
p42 9 5 0
p43 10 8 1
p44 6 8 0
p45 10 6 0
p46 10 4 0
p47 7 3 1
p48 4 4 1
p49 1 5 1
p50 5 6 1
p51 2 2 1
p52 7 8 1
p53 5 1 1
p54 10 3 0
p55 5 8 0
p56 9 9 1
p57 7 5 1
p58 6 5 0
p59 7 6 0
p60 9 10 1
p61 9 4 0
p62 7 6 1
p63 9 9 0
p64 6 8 0
p65 1 6 1
p66 0 7 1
p67 8 6 1
p68 5 6 0
p69 4 9 1
p70 10 1 0
p71 8 8 1
p72 5 1 0
p73 8 5 0
p74 4 2 0
p75 0 9 1
p76 6 3 1
p77 6 7 0
p78 0 7 1
p79 7 5 1
p80 0 5 1
p81 2 9 1
p82 4 4 1
p83 4 2 1
p84 5 2 0
p85 5 10 0
p86 9 9 0
p87 6 1 1
p88 8 1 1
p89 1 3 1
p90 10 4 1
p91 2 3 0
p92 3 3 1
p93 1 2 0
p94 3 5 1
p95 4 6 0
p96 1 10 0
p97 7 4 0
p98 7 5 1
p99 7 7 1
p100 9 4 1
p101 10 5 1
p102 8 7 0
p103 8 2 1
p104 1 6 1
p105 6 2 0
p106 8 9 1
p107 4 8 1
p108 1 10 1
p109 5 3 1
p110 1 7 0
p111 10 2 1
p112 10 4 1
p113 8 8 1
p114 3 7 0
p115 0 4 0
p116 2 8 0
p117 9 7 1
p118 9 5 0
p119 3 2 0
p120 10 3 0
p121 8 10 1
p122 7 3 0
p123 8 8 0
p124 2 2 0
p125 3 7 1
p126 3 4 0
p127 2 7 1
p128 5 6 1
p129 8 1 1
p130 7 2 1
p131 9 10 0
p132 2 3 1
p133 7 8 0
p134 7 7 0
p135 4 7 0
p136 0 1 0
p137 7 7 0
p138 4 6 1
p139 3 5 1
p140 6 8 1
p141 5 5 0
p142 5 4 1
p143 6 9 0
p144 5 8 0
p145 2 7 1
p146 8 3 1
p147 2 10 0
p148 3 10 1
p149 9 4 0
p150 1 8 1
p151 10 10 0
p152 0 6 1
p153 6 5 1
p154 7 8 0
p155 0 8 0
p156 0 10 0
p157 10 2 0
p158 9 10 1
p159 2 9 0
p160 5 2 0
p161 5 8 1
p162 8 1 0
p163 7 2 0
p164 9 2 1
p165 10 4 0
p166 1 9 1
p167 5 3 0
p168 2 10 1
p169 0 10 0
p170 9 2 1
p171 5 5 1
p172 10 5 1
p173 9 1 0
p174 8 5 1
p175 10 2 0
p176 4 4 0
p177 7 10 1
p178 1 2 0
p179 5 1 1
p180 6 1 0
p181 5 1 0
p182 0 10 0
p183 10 5 1
p184 10 10 1
p185 5 5 0
p186 6 6 1
p187 2 2 0
p188 0 9 1
p189 10 6 0
p190 10 10 0
p191 7 6 1
p192 0 3 0
p193 1 9 1
p194 3 10 0
p195 7 4 0
p196 10 6 1
p197 2 5 1
p198 8 7 1
p199 10 7 0
p200 5 8 0
p201 0 3 1
p202 3 9 0
p203 9 7 0
p204 4 2 1
p205 7 10 0
p206 8 2 0
p207 5 2 0
p208 7 3 1
p209 4 3 1
p210 9 1 1
p211 6 1 1
p212 0 5 1
p213 3 1 1
p214 8 6 0
p215 7 9 1
p216 3 7 1
p217 2 9 0
p218 6 3 0
p219 3 1 0
p220 1 10 0
p221 2 6 1
p222 7 10 1
p223 8 4 1
p224 4 7 0
p225 7 1 0
p226 4 5 1
p227 2 10 1
p228 1 3 1
p229 0 7 0
p230 3 2 1
p231 8 9 0
p232 1 9 0
p233 6 2 1
p234 8 3 1
p235 2 9 1
p236 0 4 0
p237 6 2 1
p238 8 6 1
p239 5 1 1
p240 9 7 0
p241 10 7 0
p242 10 2 0
p243 10 6 0
p244 0 5 0
p245 0 10 0
p246 6 1 1
p247 7 6 0
p248 6 5 0
p249 9 10 0
p250 8 1 0
p251 2 9 0
p252 6 10 1
p253 1 2 0
p254 6 6 0
p255 5 4 1
p256 0 9 0
p257 1 6 1
p258 2 4 1
p259 10 7 1
p260 1 3 1
p261 6 1 0
p262 4 4 1
p263 3 10 0
p264 9 9 0
p265 6 7 1
p266 5 6 1
p267 9 4 0
p268 10 4 1
p269 3 5 1
p270 3 8 1
p271 1 9 1
p272 0 9 1
p273 0 5 0
p274 0 7 0
p275 8 7 1
p276 4 5 0
p277 3 1 1
p278 8 4 0
p279 5 9 0
p280 1 4 1
p281 2 3 0
p282 0 2 0
p283 0 4 0
p284 2 9 0
p285 10 1 1
p286 8 7 1
p287 7 5 0
p288 6 2 1
p289 6 7 1
p290 9 4 1
p291 10 3 1
p292 7 6 1
p293 2 8 0
p294 9 10 0
p295 2 9 1
p296 9 6 1
p297 0 6 1
p298 7 8 0
p299 3 1 1
p300 2 9 0
p301 6 8 0
p302 5 9 0
p303 9 2 1
p304 7 10 1
p305 7 1 1
p306 6 10 0
p307 10 7 1
p308 8 8 1
p309 5 3 1
p310 10 9 1
p311 0 10 0
p312 7 10 0
p313 10 4 0
p314 9 6 1
p315 5 10 1
p316 4 2 1
p317 8 8 1
p318 6 2 1
p319 6 9 1
p320 3 4 1
p321 5 4 0
p322 0 8 1
p323 4 6 0
p324 8 1 1
p325 3 8 1
p326 8 3 0
p327 1 5 1
p328 4 9 1
p329 10 1 1
p330 1 7 0
p331 10 7 1
p332 6 5 0
p333 9 5 1
p334 8 8 0
p335 4 4 1
p336 8 3 1
p337 2 6 0
p338 8 2 0
p339 9 7 0
p340 0 5 1
p341 4 6 1
p342 8 9 1
p343 6 5 1
p344 10 10 0
p345 4 9 1
p346 5 10 0
p347 8 6 1
p348 3 7 0
p349 0 5 0
p350 2 8 0
p351 0 3 1
p352 0 4 1
p353 0 10 1
p354 4 3 1
p355 7 10 1
p356 3 4 0
p357 7 9 1
p358 9 1 1
p359 2 6 1
p360 9 10 0
p361 5 7 1
p362 9 5 0
p363 7 10 1
p364 9 9 1
p365 7 8 0
p366 6 2 1
p367 1 5 0
p368 5 10 0
p369 0 2 1
p370 6 5 1
p371 1 5 1
p372 9 7 0
p373 5 9 1
p374 3 6 1
p375 2 2 0
p376 4 3 0
p377 3 8 0
p378 6 5 1
p379 4 10 0
p380 10 2 1
p381 3 6 1
p382 3 6 1
p383 0 6 1
p384 5 5 0
p385 9 10 1
p386 10 6 1
p387 7 1 1
p388 7 2 1
p389 9 9 0
p390 1 9 1
p391 3 5 1
p392 7 2 0
p393 3 3 1
p394 4 1 1
p395 10 3 1
p396 4 8 0
p397 3 4 0
p398 3 9 1
p399 9 3 1
p400 1 7 1
p401 1 7 1
p402 1 9 0
p403 10 1 0
p404 9 9 1
p405 2 1 1
p406 1 10 0
p407 9 5 0
p408 5 9 0
p409 8 3 0
p410 7 9 0
p411 1 6 0
p412 6 5 1
p413 10 7 1
p414 2 9 1
p415 8 10 1
p416 4 8 1
p417 9 8 1
p418 9 6 0
p419 10 7 0
p420 10 5 0
p421 8 6 1
p422 7 9 1
p423 4 1 0
p424 9 9 0
p425 8 2 1
p426 7 2 0
p427 1 7 1
p428 2 2 0
p429 1 7 0
p430 6 6 0
p431 7 2 1
p432 5 6 0
p433 10 5 0
p434 9 9 0
p435 10 1 1
p436 4 1 0
p437 10 5 1
p438 6 5 0
p439 4 7 1
p440 3 3 0
p441 6 5 1
p442 5 7 0
p443 3 2 0
p444 1 1 1
p445 8 10 1
p446 10 2 1
p447 8 2 0
p448 3 1 0
p449 0 2 1
p450 10 5 1
p451 1 2 0
p452 7 2 0
p453 6 3 1
p454 9 7 1
p455 5 4 0
p456 7 3 1
p457 1 7 0
p458 1 4 0
p459 3 4 1
p460 0 6 1
p461 3 7 0
p462 0 8 1
p463 5 5 1
p464 4 4 0
p465 4 1 1
p466 4 3 1
p467 6 6 0
p468 0 10 1
p469 10 8 0
p470 7 7 0
p471 5 5 0
p472 8 4 1
p473 9 2 1
p474 1 2 1
p475 3 4 1
p476 5 9 1
p477 10 10 0
p478 7 2 1
p479 8 3 0
p480 2 6 0
p481 9 7 1
p482 8 9 0
p483 4 4 1
p484 5 4 0
p485 9 9 0
p486 8 2 0
p487 9 7 1
p488 1 4 0
p489 8 3 1
p490 9 2 0
p491 4 7 0
p492 5 4 0
p493 3 3 1
p494 0 10 1
p495 10 9 1
p496 4 10 0
p497 6 7 1
p498 1 5 0
p499 1 5 0
p500 1 3 1