500
p1 0 6 1
p1 0 4 0
p2 4 10 0
p3 10 10 0
p4 6 1 0
p5 7 3 0
p6 6 4 1
p7 2 8 0
p8 4 1 1
p9 7 10 0
p10 5 1 0
p11 0 6 1
p12 0 9 0
p13 6 5 0
p14 5 9 0
p15 8 2 0
p16 10 7 1
p17 10 2 0
p18 8 3 1
p19 5 4 0
p20 3 4 0
p21 0 7 1
p22 0 3 0
p23 10 6 0
p24 10 8 1
p25 6 3 0
p26 6 9 1
p27 10 1 0
p28 0 1 1
p29 10 3 0
p30 8 5 1
p31 4 1 1
p32 2 6 1
p33 8 1 1
p34 1 5 0
p35 4 8 0
p36 2 6 1
p37 2 1 1
p38 4 2 0
p39 9 1 0
p40 3 5 0
p41 2 8 0
p42 4 3 1
p43 7 3 1
p44 7 2 1
p45 9 8 1
p46 8 9 0
p47 6 6 0
p48 9 4 1
p49 6 7 1
p50 7 8 0
p51 6 2 1
p52 1 4 1
p53 3 5 0
p54 1 5 1
p55 4 7 1
p56 5 2 1
p57 3 4 0
p58 2 8 0
p59 5 3 0
p60 6 5 0
p61 6 4 1
p62 7 8 0
p63 8 8 0
p64 6 8 0
p65 4 4 1
p66 10 2 0
p67 7 1 0
p68 8 9 1
p69 5 3 1
p70 5 1 1
p71 3 10 1
p72 10 5 0
p73 6 4 1
p74 9 6 1
p75 4 6 0
p76 8 3 1
p77 7 3 1
p78 6 6 0
p79 5 4 0
p80 9 7 0
p81 0 4 0
p82 6 9 0
p83 4 2 1
p84 0 9 1
p85 5 7 0
p86 9 2 1
p87 8 4 1
p88 5 1 0
p89 10 8 0
p90 4 8 0
p91 8 7 0
p92 1 10 0
p93 3 2 1
p94 0 4 1
p95 4 5 0
p96 10 6 1
p97 3 3 0
p98 3 1 1
p99 2 5 0
p100 5 7 1
p101 8 8 1
p102 0 7 0
p103 1 1 0
p104 8 4 1
p105 6 2 0
p106 9 4 1
p107 5 2 1
p108 5 9 1
p109 10 4 1
p110 10 10 0
p111 3 6 1
p112 3 4 0
p113 9 6 0
p114 5 5 1
p115 2 7 0
p116 6 4 1
p117 9 6 0
p118 3 8 0
p119 7 8 0
p120 2 7 1
p121 9 2 0
p122 5 10 1
p123 10 10 0
p124 7 7 0
p125 5 3 0
p126 6 5 1
p127 8 8 0
p128 6 7 0
p129 10 2 1
p130 1 10 1
p131 5 6 0
p132 8 7 1
p133 8 5 1
p134 6 4 1
p135 10 3 1
p136 0 1 1
p137 2 3 0
p138 4 10 1
p139 2 3 0
p140 6 8 1
p141 10 2 0
p142 0 2 0
p143 8 5 0
p144 7 4 0
p145 3 7 0
p146 9 10 0
p147 7 1 1
p148 6 3 0
p149 4 4 0
p150 1 5 1
p151 8 1 0
p152 10 5 1
p153 4 7 1
p154 6 6 0
p155 5 2 0
p156 4 3 1
p157 8 5 0
p158 2 8 0
p159 2 7 1
p160 7 7 1
p161 7 5 1
p162 5 10 0
p163 0 9 0
p164 9 4 0
p165 3 4 1
p166 3 5 0
p167 5 3 0
p168 3 8 1
p169 10 9 0
p170 9 4 0
p171 3 8 0
p172 0 2 1
p173 3 9 1
p174 1 3 1
p175 6 9 0
p176 8 5 0
p177 4 3 1
p178 10 10 0
p179 3 4 1
p180 4 9 0
p181 6 7 0
p182 4 1 1
p183 1 7 0
p184 6 2 0
p185 5 2 1
p186 3 2 1
p187 3 10 1
p188 10 7 1
p189 6 5 0
p190 10 3 0
p191 9 5 0
p192 5 1 1
p193 5 9 1
p194 10 7 0
p195 5 3 0
p196 5 8 1
p197 7 1 1
p198 9 3 1
p199 2 3 1
p200 4 1 1
p201 4 3 1
p202 3 5 1
p203 2 2 0
p204 0 10 0
p205 10 4 0
p206 7 5 1
p207 6 9 1
p208 10 7 1
p209 8 10 0
p210 10 7 0
p211 0 2 0
p212 2 6 0
p213 7 4 1
p214 8 8 0
p215 7 1 1
p216 8 1 1
p217 4 3 0
p218 7 6 0
p219 5 10 0
p220 2 7 0
p221 10 1 0
p222 10 6 1
p223 0 3 0
p224 4 1 0
p225 0 8 0
p226 4 5 0
p227 6 1 1
p228 6 9 0
p229 9 3 0
p230 5 2 0
p231 7 2 1
p232 0 3 0
p233 7 5 0
p234 7 6 1
p235 10 9 0
p236 5 6 0
p237 8 7 0
p238 0 3 1
p239 4 8 1
p240 1 1 0
p241 1 9 1
p242 5 6 0
p243 0 7 0
p244 7 4 1
p245 8 1 1
p246 10 6 1
p247 10 9 1
p248 0 4 1
p249 8 7 1
p250 5 2 1
p251 8 3 1
p252 1 6 1
p253 4 3 1
p254 7 8 0
p255 10 3 0
p256 6 1 1
p257 5 2 1
p258 4 5 0
p259 10 9 0
p260 3 2 1
p261 1 9 0
p262 0 8 1
p263 8 1 1
p264 2 10 0
p265 5 6 0
p266 7 8 1
p267 0 2 0
p268 10 4 0
p269 8 9 0
p270 5 7 1
p271 2 6 1
p272 1 1 1
p273 6 5 1
p274 4 6 1
p275 2 7 0
p276 6 10 1
p277 7 2 1
p278 10 10 0
p279 2 8 0
p280 4 6 0
p281 8 4 1
p282 9 8 0
p283 9 1 0
p284 8 5 0
p285 3 2 0
p286 2 1 0
p287 0 5 1
p288 1 5 0
p289 8 5 1
p290 7 7 1
p291 3 8 0
p292 4 10 0
p293 9 4 0
p294 6 7 1
p295 3 1 0
p296 7 5 0
p297 2 5 0
p298 10 6 0
p299 7 9 0
p300 1 6 0
p301 5 3 1
p302 10 6 0
p303 9 4 1
p304 2 7 1
p305 5 10 1
p306 6 10 0
p307 0 5 0
p308 3 2 0
p309 3 8 0
p310 0 1 0
p311 9 7 0
p312 5 5 1
p313 6 8 1
p314 10 1 1
p315 5 5 1
p316 3 7 0
p317 3 7 0
p318 7 9 0
p319 4 9 1
p320 0 5 1
p321 1 9 1
p322 10 2 1
p323 9 3 0
p324 2 6 0
p325 8 9 0
p326 5 1 0
p327 0 7 0
p328 3 5 0
p329 3 8 0
p330 6 9 0
p331 0 2 0
p332 8 3 1
p333 0 6 0
p334 3 6 1
p335 10 2 1
p336 0 6 1
p337 1 5 1
p338 2 10 0
p339 2 9 1
p340 6 1 1
p341 1 6 0
p342 5 6 0
p343 1 9 0
p344 4 1 1
p345 2 6 0
p346 10 3 0
p347 7 10 0
p348 5 10 1
p349 2 7 1
p350 0 6 1
p351 10 5 0
p352 7 3 1
p353 6 3 1
p354 9 10 0
p355 0 9 1
p356 5 10 1
p357 10 6 0
p358 10 1 0
p359 10 5 0
p360 4 1 1
p361 5 3 1
p362 2 10 0
p363 3 6 0
p364 6 10 1
p365 4 4 0
p366 5 10 1
p367 9 6 0
p368 9 6 0
p369 2 1 0
p370 0 9 1
p371 0 10 1
p372 1 9 0
p373 7 5 0
p374 8 6 1
p375 9 4 0
p376 0 2 1
p377 1 8 0
p378 6 10 1
p379 0 8 1
p380 7 8 1
p381 4 7 0
p382 9 1 0
p383 9 4 0
p384 7 8 0
p385 5 4 1
p386 9 8 0
p387 2 5 1
p388 5 8 0
p389 2 10 1
p390 5 6 0
p391 5 5 0
p392 5 1 1
p393 7 3 0
p394 1 10 1
p395 2 10 1
p396 3 6 0
p397 8 2 1
p398 5 9 0
p399 1 3 1
p400 7 8 0
p401 1 1 0
p402 5 5 0
p403 5 5 1
p404 10 7 0
p405 3 2 1
p406 1 7 0
p407 6 9 0
p408 7 7 0
p409 6 7 0
p410 6 10 1
p411 3 2 0
p412 6 3 0
p413 4 2 0
p414 3 8 0
p415 0 5 1
p416 9 1 0
p417 8 5 0
p418 9 9 0
p419 2 5 0
p420 2 4 0
p421 2 8 1
p422 4 7 1
p423 1 6 1
p424 2 2 0
p425 6 2 0
p426 4 5 0
p427 2 8 0
p428 2 6 0
p429 4 3 0
p430 3 5 0
p431 6 10 1
p432 5 9 1
p433 4 8 0
p434 4 9 1
p435 8 4 0
p436 2 3 0
p437 2 4 0
p438 0 6 1
p439 4 6 1
p440 9 10 1
p441 9 1 0
p442 5 7 0
p443 3 10 1
p444 7 9 1
p445 7 3 1
p446 1 6 1
p447 0 2 1
p448 9 1 0
p449 5 3 1
p450 10 9 0
p451 8 7 0
p452 4 4 0
p453 8 7 0
p454 0 5 0
p455 1 6 0
p456 8 5 1
p457 7 5 1
p458 8 3 1
p459 4 6 1
p460 6 9 1
p461 5 7 1
p462 6 9 1
p463 3 6 1
p464 1 5 1
p465 3 5 0
p466 4 10 1
p467 8 6 1
p468 5 6 0
p469 2 7 1
p470 9 6 1
p471 7 1 1
p472 7 6 0
p473 9 6 1
p474 9 2 1
p475 10 4 1
p476 6 3 0
p477 0 5 0
p478 1 4 1
p479 4 10 1
p480 5 8 0
p481 3 6 0
p482 2 7 0
p483 10 9 1
p484 9 8 1
p485 0 9 0
p486 4 7 0
p487 5 9 0
p488 1 7 1
p489 9 7 1
p490 1 7 0
p491 2 2 1
p492 6 4 1
p493 5 9 1
p494 2 5 1
p495 10 8 1
p496 10 1 1
p497 5 7 0
p498 3 2 0
p499 5 1 1
p500 6 3 1