500
p1 0 10 1
p1 9 7 1
p2 0 8 0
p3 9 1 1
p4 10 3 1
p5 0 1 1
p6 8 1 0
p7 10 8 0
p8 9 10 0
p9 0 9 0
p10 8 4 1
p11 0 9 1
p12 7 2 1
p13 9 2 1
p14 7 8 1
p15 0 7 0
p16 5 5 0
p17 10 9 1
p18 1 3 0
p19 2 1 0
p20 4 6 0
p21 1 6 0
p22 7 7 1
p23 2 5 0
p24 0 8 0
p25 6 8 0
p26 3 8 1
p27 2 5 1
p28 3 3 0
p29 5 7 0
p30 10 8 1
p31 6 2 0
p32 6 5 1
p33 4 8 1
p34 9 10 0
p35 9 3 1
p36 4 3 0
p37 1 6 1
p38 8 1 1
p39 2 9 0
p40 5 8 1
p41 0 3 0
p42 4 5 0
p43 6 4 1
p44 5 5 0
p45 10 7 1
p46 6 5 1
p47 0 8 0
p48 1 2 0
p49 8 3 1
p50 2 2 0
p51 0 2 1
p52 8 1 1
p53 1 3 0
p54 4 6 0
p55 4 7 0
p56 8 4 0
p57 5 5 1
p58 8 7 1
p59 9 2 1
p60 1 2 0
p61 1 2 1
p62 7 5 0
p63 10 6 0
p64 5 8 0
p65 9 7 0
p66 6 1 1
p67 2 8 1
p68 9 2 1
p69 9 2 1
p70 8 1 0
p71 7 4 1
p72 9 7 1
p73 4 4 0
p74 5 2 0
p75 2 4 0
p76 8 6 1
p77 6 7 0
p78 0 4 1
p79 3 9 0
p80 7 6 0
p81 1 4 0
p82 6 10 0
p83 7 2 1
p84 3 5 0
p85 8 5 1
p86 6 2 1
p87 0 9 1
p88 8 1 0
p89 2 4 1
p90 2 3 0
p91 7 9 1
p92 9 7 1
p93 0 3 0
p94 6 9 0
p95 7 7 1
p96 10 3 0
p97 9 9 0
p98 8 5 0
p99 3 8 0
p100 0 6 0
p101 8 5 0
p102 1 1 1
p103 7 4 1
p104 6 4 1
p105 4 6 1
p106 3 2 1
p107 7 1 1
p108 1 2 1
p109 7 7 1
p110 5 5 0
p111 3 3 0
p112 2 6 1
p113 7 5 0
p114 5 10 1
p115 4 9 0
p116 5 4 0
p117 2 1 0
p118 3 4 1
p119 5 8 1
p120 0 2 1
p121 8 10 1
p122 5 1 1
p123 8 4 1
p124 7 7 0
p125 8 4 0
p126 3 9 1
p127 5 5 1
p128 10 4 1
p129 1 9 0
p130 5 1 0
p131 5 6 1
p132 4 9 1
p133 9 1 1
p134 6 9 1
p135 10 4 0
p136 5 1 0
p137 1 5 0
p138 5 9 0
p139 7 4 0
p140 3 7 1
p141 8 4 0
p142 3 8 0
p143 10 7 0
p144 6 7 0
p145 2 5 1
p146 6 1 1
p147 10 9 1
p148 5 3 1
p149 3 5 1
p150 0 2 1
p151 2 7 0
p152 7 2 1
p153 7 8 1
p154 8 5 1
p155 6 7 1
p156 7 1 0
p157 1 2 0
p158 6 2 0
p159 8 3 1
p160 6 9 0
p161 5 8 1
p162 7 7 0
p163 9 6 1
p164 5 3 1
p165 1 10 1
p166 7 8 1
p167 8 8 1
p168 10 9 0
p169 8 5 0
p170 9 5 1
p171 3 6 0
p172 8 9 1
p173 6 4 0
p174 3 1 1
p175 7 5 0
p176 7 8 0
p177 5 4 1
p178 3 10 1
p179 4 2 1
p180 1 4 1
p181 0 6 0
p182 5 9 1
p183 0 6 0
p184 3 2 0
p185 8 5 0
p186 8 9 0
p187 0 6 1
p188 5 1 0
p189 7 5 1
p190 4 10 0
p191 10 4 1
p192 8 9 1
p193 8 8 0
p194 4 2 1
p195 1 1 1
p196 9 1 1
p197 4 4 1
p198 1 5 1
p199 1 6 1
p200 9 7 1
p201 0 2 0
p202 10 5 0
p203 3 5 0
p204 3 9 1
p205 4 8 0
p206 2 4 0
p207 0 7 1
p208 3 2 1
p209 3 4 1
p210 5 2 1
p211 9 5 0
p212 9 1 0
p213 5 10 0
p214 3 8 1
p215 4 8 0
p216 8 5 1
p217 8 5 0
p218 7 7 1
p219 7 9 0
p220 4 9 0
p221 2 6 0
p222 6 4 0
p223 8 10 1
p224 10 6 1
p225 5 1 0
p226 5 9 0
p227 5 2 0
p228 0 1 0
p229 9 4 1
p230 3 5 1
p231 8 2 1
p232 5 6 0
p233 2 10 1
p234 0 2 0
p235 5 2 0
p236 8 4 0
p237 0 7 0
p238 0 5 0
p239 10 3 1
p240 2 4 0
p241 3 1 1
p242 6 6 0
p243 1 5 1
p244 2 6 1
p245 10 9 0
p246 9 1 1
p247 7 8 1
p248 9 4 1
p249 4 9 0
p250 4 6 1
p251 5 9 0
p252 3 1 1
p253 6 9 0
p254 0 2 1
p255 4 5 1
p256 10 3 1
p257 3 3 1
p258 0 7 0
p259 5 7 0
p260 7 7 0
p261 9 3 0
p262 5 5 1
p263 9 3 1
p264 0 2 1
p265 0 1 1
p266 6 7 1
p267 8 7 1
p268 1 6 1
p269 1 10 0
p270 8 3 0
p271 4 1 1
p272 1 3 1
p273 2 6 1
p274 6 6 0
p275 5 10 0
p276 7 8 1
p277 9 10 1
p278 5 4 0
p279 2 5 1
p280 6 3 1
p281 8 4 1
p282 1 4 1
p283 9 9 1
p284 5 6 0
p285 9 7 1
p286 5 2 1
p287 0 9 0
p288 0 5 1
p289 1 6 0
p290 6 10 0
p291 4 4 1
p292 9 1 1
p293 6 7 1
p294 1 2 0
p295 4 3 1
p296 6 9 0
p297 10 8 0
p298 4 4 0
p299 10 8 0
p300 2 8 1
p301 4 9 0
p302 7 9 0
p303 0 3 0
p304 7 6 1
p305 9 5 1
p306 2 2 0
p307 4 1 1
p308 10 5 1
p309 5 8 0
p310 6 5 1
p311 2 10 1
p312 6 6 0
p313 8 2 0
p314 6 3 0
p315 10 4 0
p316 7 9 1
p317 3 4 0
p318 7 1 0
p319 5 7 1
p320 7 7 1
p321 1 10 0
p322 7 3 1
p323 7 2 0
p324 1 5 0
p325 4 5 0
p326 7 5 0
p327 5 4 1
p328 9 1 1
p329 2 3 0
p330 1 6 0
p331 10 8 0
p332 9 9 0
p333 5 9 0
p334 0 9 0
p335 8 9 1
p336 5 3 1
p337 4 3 0
p338 9 1 1
p339 7 3 1
p340 2 4 0
p341 0 2 1
p342 2 4 0
p343 3 10 0
p344 8 2 0
p345 1 8 0
p346 2 9 0
p347 7 9 1
p348 7 3 1
p349 10 10 0
p350 6 9 1
p351 6 8 1
p352 9 6 0
p353 0 8 1
p354 8 6 0
p355 10 2 0
p356 8 4 0
p357 10 6 0
p358 7 1 0
p359 8 3 1
p360 5 3 1
p361 8 7 1
p362 4 4 0
p363 0 2 1
p364 5 1 0
p365 2 9 1
p366 1 8 0
p367 7 10 0
p368 1 9 0
p369 9 6 1
p370 9 4 1
p371 1 2 1
p372 5 7 0
p373 1 7 1
p374 1 2 0
p375 2 3 0
p376 8 9 1
p377 3 10 1
p378 0 4 1
p379 2 3 0
p380 5 7 0
p381 7 6 1
p382 1 9 0
p383 7 1 0
p384 3 3 1
p385 9 6 1
p386 8 5 1
p387 10 3 1
p388 0 6 0
p389 7 4 0
p390 5 3 0
p391 10 7 0
p392 6 10 0
p393 9 8 0
p394 9 5 0
p395 5 6 0
p396 1 7 0
p397 0 3 0
p398 4 7 0
p399 5 4 1
p400 8 3 0
p401 2 7 0
p402 6 2 0
p403 5 1 1
p404 8 4 1
p405 4 2 0
p406 8 9 0
p407 2 4 0
p408 3 8 0
p409 7 5 1
p410 5 8 0
p411 1 3 0
p412 4 9 1
p413 1 4 1
p414 10 4 0
p415 1 7 1
p416 3 1 1
p417 2 10 1
p418 5 8 0
p419 0 9 0
p420 5 8 1
p421 2 1 0
p422 0 5 0
p423 5 8 1
p424 4 9 1
p425 4 4 1
p426 8 8 1
p427 8 9 1
p428 3 1 0
p429 8 10 0
p430 3 8 0
p431 7 2 0
p432 1 6 0
p433 10 3 0
p434 8 3 0
p435 0 1 1
p436 3 6 0
p437 2 10 1
p438 9 8 1
p439 0 8 0
p440 8 6 1
p441 2 10 0
p442 3 2 1
p443 7 2 1
p444 0 6 1
p445 5 4 1
p446 9 6 0
p447 5 3 0
p448 4 3 1
p449 0 5 0
p450 1 7 1
p451 1 2 1
p452 0 9 0
p453 0 4 0
p454 2 4 1
p455 1 9 0
p456 10 2 1
p457 4 4 1
p458 1 10 1
p459 1 4 1
p460 10 7 0
p461 0 3 1
p462 8 5 1
p463 2 9 0
p464 4 1 1
p465 6 10 0
p466 1 8 1
p467 5 3 0
p468 3 6 0
p469 6 4 1
p470 1 4 1
p471 5 4 1
p472 0 2 0
p473 9 1 0
p474 7 6 0
p475 0 2 1
p476 10 5 1
p477 7 1 1
p478 8 2 1
p479 4 1 0
p480 10 2 0
p481 2 2 1
p482 3 6 0
p483 5 2 1
p484 2 7 0
p485 0 4 0
p486 0 2 0
p487 10 6 0
p488 3 7 1
p489 8 1 0
p490 4 9 1
p491 2 9 0
p492 9 4 1
p493 3 9 1
p494 3 4 1
p495 0 8 0
p496 3 10 0
p497 0 10 1
p498 5 10 1
p499 9 5 0
p500 6 1 0