500
p1 0 2 1
p1 4 5 0
p2 2 3 1
p3 6 8 1
p4 9 6 1
p5 4 3 0
p6 6 10 0
p7 4 2 1
p8 6 3 1
p9 1 10 0
p10 6 4 1
p11 8 5 1
p12 8 10 1
p13 1 3 0
p14 6 10 1
p15 3 1 1
p16 10 10 0
p17 5 9 1
p18 9 8 1
p19 6 4 1
p20 10 9 0
p21 1 5 0
p22 3 2 1
p23 0 6 1
p24 5 4 0
p25 8 3 1
p26 4 6 0
p27 8 5 0
p28 9 5 1
p29 5 10 0
p30 7 5 0
p31 7 3 1
p32 9 6 0
p33 4 2 0
p34 9 4 1
p35 0 9 1
p36 9 9 0
p37 0 8 0
p38 10 5 0
p39 1 5 1
p40 5 4 1
p41 6 1 1
p42 10 8 0
p43 5 6 1
p44 0 7 0
p45 0 3 0
p46 10 2 0
p47 3 6 0
p48 6 4 0
p49 4 5 0
p50 5 3 1
p51 4 4 1
p52 2 7 0
p53 9 1 1
p54 7 5 1
p55 8 10 0
p56 5 10 1
p57 4 8 0
p58 10 4 1
p59 1 10 0
p60 0 7 0
p61 5 9 1
p62 10 8 0
p63 2 1 0
p64 5 9 1
p65 9 7 0
p66 0 3 0
p67 7 6 1
p68 1 2 1
p69 10 1 0
p70 4 3 1
p71 6 7 1
p72 1 7 1
p73 10 6 1
p74 1 5 0
p75 10 4 0
p76 9 7 1
p77 2 4 0
p78 10 1 1
p79 5 3 1
p80 9 8 0
p81 10 5 0
p82 6 9 0
p83 9 10 1
p84 6 9 0
p85 5 7 1
p86 8 9 0
p87 1 6 1
p88 5 2 1
p89 10 5 1
p90 4 4 0
p91 8 9 0
p92 6 5 1
p93 6 2 0
p94 1 10 0
p95 4 1 0
p96 2 10 0
p97 5 2 1
p98 0 10 0
p99 10 7 0
p100 9 8 0
p101 2 3 0
p102 6 10 0
p103 10 8 1
p104 3 1 0
p105 4 8 0
p106 3 2 1
p107 5 1 0
p108 5 8 1
p109 0 7 0
p110 4 9 1
p111 5 3 0
p112 10 8 1
p113 3 10 0
p114 6 2 0
p115 10 10 1
p116 2 4 1
p117 10 5 1
p118 0 5 0
p119 8 7 0
p120 4 10 0
p121 1 3 1
p122 4 10 0
p123 10 5 0
p124 5 9 1
p125 8 4 1
p126 3 1 0
p127 9 1 0
p128 1 4 0
p129 10 5 1
p130 4 5 0
p131 10 7 1
p132 10 3 0
p133 10 1 1
p134 8 9 1
p135 3 9 0
p136 0 1 0
p137 2 4 1
p138 0 2 0
p139 1 1 0
p140 2 10 1
p141 5 7 1
p142 7 6 0
p143 3 5 0
p144 6 6 0
p145 9 10 0
p146 0 8 1
p147 3 4 0
p148 4 2 0
p149 5 9 0
p150 0 1 1
p151 4 8 1
p152 5 5 0
p153 8 1 0
p154 9 2 1
p155 4 9 1
p156 10 2 0
p157 9 5 1
p158 10 8 0
p159 0 7 1
p160 10 2 1
p161 9 5 0
p162 9 9 1
p163 5 9 1
p164 9 3 1
p165 5 3 1
p166 4 5 0
p167 9 5 0
p168 0 1 1
p169 6 7 1
p170 9 7 1
p171 7 8 1
p172 4 8 1
p173 7 3 1
p174 1 1 1
p175 0 4 1
p176 10 6 1
p177 0 4 1
p178 0 3 1
p179 0 4 1
p180 8 1 1
p181 4 3 0
p182 3 9 0
p183 8 5 0
p184 3 10 0
p185 10 8 1
p186 7 5 0
p187 3 6 1
p188 10 5 1
p189 5 2 1
p190 4 3 1
p191 1 8 1
p192 8 7 1
p193 5 6 1
p194 8 7 0
p195 10 8 1
p196 9 9 1
p197 5 3 0
p198 9 6 1
p199 10 5 0
p200 10 2 0
p201 9 2 0
p202 3 4 0
p203 0 5 1
p204 1 10 1
p205 5 7 1
p206 10 4 1
p207 4 4 1
p208 7 3 0
p209 8 3 1
p210 7 1 0
p211 7 3 1
p212 5 5 0
p213 0 4 0
p214 1 6 1
p215 6 9 0
p216 5 4 1
p217 5 4 0
p218 5 2 0
p219 7 10 1
p220 4 6 1
p221 8 2 1
p222 0 9 1
p223 6 3 0
p224 4 3 0
p225 5 3 0
p226 1 5 1
p227 8 5 0
p228 10 1 0
p229 5 6 1
p230 0 8 0
p231 4 8 1
p232 8 1 1
p233 0 9 0
p234 0 7 0
p235 0 2 0
p236 5 6 1
p237 7 1 1
p238 5 8 1
p239 1 6 1
p240 2 5 0
p241 6 1 0
p242 5 3 0
p243 6 6 0
p244 10 3 0
p245 5 5 0
p246 8 5 1
p247 10 4 1
p248 8 10 0
p249 3 10 0
p250 3 1 0
p251 3 10 1
p252 4 9 1
p253 10 5 0
p254 3 3 0
p255 5 7 0
p256 3 10 0
p257 5 6 0
p258 8 3 1
p259 10 2 1
p260 4 7 1
p261 10 7 1
p262 0 3 1
p263 2 6 1
p264 1 3 1
p265 0 10 1
p266 7 4 1
p267 7 6 0
p268 0 2 1
p269 8 8 0
p270 3 8 0
p271 2 2 1
p272 6 8 1
p273 10 10 0
p274 5 3 0
p275 5 2 0
p276 2 7 1
p277 3 7 0
p278 5 5 1
p279 2 3 0
p280 0 9 1
p281 9 7 1
p282 0 10 0
p283 10 4 1
p284 4 5 1
p285 5 7 0
p286 6 7 1
p287 2 5 1
p288 3 8 0
p289 10 8 0
p290 7 8 0
p291 9 5 1
p292 3 4 0
p293 8 5 0
p294 6 1 0
p295 9 3 1
p296 4 7 1
p297 0 10 1
p298 0 3 1
p299 7 10 0
p300 2 4 0
p301 10 5 0
p302 3 7 1
p303 5 7 0
p304 5 6 0
p305 4 1 0
p306 8 9 0
p307 10 9 1
p308 10 7 1
p309 10 9 1
p310 3 5 0
p311 8 10 0
p312 1 5 0
p313 3 5 0
p314 1 3 1
p315 9 4 0
p316 8 3 0
p317 4 2 0
p318 8 4 1
p319 1 7 1
p320 5 2 0
p321 5 8 1
p322 6 5 1
p323 2 4 0
p324 10 5 0
p325 4 2 1
p326 3 7 0
p327 1 6 1
p328 7 8 0
p329 0 2 0
p330 5 4 1
p331 3 9 0
p332 3 1 1
p333 6 2 0
p334 7 4 1
p335 0 8 0
p336 8 4 1
p337 4 2 0
p338 0 7 0
p339 4 8 1
p340 2 3 0
p341 7 8 0
p342 2 2 1
p343 3 4 0
p344 9 5 1
p345 0 1 1
p346 5 7 0
p347 7 4 0
p348 8 7 0
p349 6 9 1
p350 1 6 0
p351 5 4 1
p352 3 8 1
p353 0 8 0
p354 6 4 0
p355 2 3 1
p356 9 8 1
p357 10 7 0
p358 7 4 0
p359 4 9 1
p360 1 5 0
p361 4 5 1
p362 3 6 0
p363 0 2 1
p364 2 2 0
p365 5 2 0
p366 6 10 0
p367 4 1 0
p368 4 6 1
p369 3 5 1
p370 7 2 1
p371 5 2 1
p372 2 4 1
p373 3 9 0
p374 6 2 0
p375 2 10 1
p376 0 2 0
p377 1 10 1
p378 3 2 0
p379 3 8 1
p380 5 10 0
p381 8 1 1
p382 7 6 1
p383 4 3 1
p384 6 1 1
p385 9 4 0
p386 4 6 1
p387 10 3 0
p388 1 7 1
p389 8 5 1
p390 1 3 0
p391 1 1 0
p392 2 7 1
p393 4 8 1
p394 5 6 0
p395 10 1 1
p396 7 10 0
p397 7 9 1
p398 0 9 1
p399 3 7 1
p400 3 1 1
p401 10 8 0
p402 3 3 0
p403 1 1 0
p404 10 9 1
p405 0 1 1
p406 0 8 0
p407 0 2 0
p408 1 4 0
p409 6 4 1
p410 8 1 1
p411 7 8 0
p412 2 4 1
p413 2 5 1
p414 6 3 1
p415 8 2 0
p416 8 4 1
p417 8 8 0
p418 5 6 1
p419 2 4 1
p420 2 10 1
p421 0 6 1
p422 4 1 0
p423 8 7 0
p424 1 1 0
p425 0 8 1
p426 2 3 0
p427 3 2 0
p428 1 5 1
p429 4 3 0
p430 1 2 0
p431 8 4 1
p432 1 5 1
p433 1 8 0
p434 0 9 0
p435 7 2 0
p436 10 2 0
p437 7 6 1
p438 1 7 1
p439 1 10 0
p440 4 8 1
p441 4 4 1
p442 8 6 1
p443 6 9 0
p444 10 9 1
p445 0 8 0
p446 9 1 1
p447 8 10 0
p448 7 3 1
p449 10 9 0
p450 5 9 0
p451 7 4 1
p452 4 1 0
p453 9 10 0
p454 0 9 1
p455 6 3 0
p456 8 4 0
p457 4 10 1
p458 1 2 1
p459 8 6 1
p460 1 4 0
p461 10 2 1
p462 4 8 1
p463 9 4 1
p464 1 4 1
p465 6 7 1
p466 3 8 1
p467 3 6 0
p468 4 1 1
p469 3 5 1
p470 3 6 0
p471 3 4 1
p472 10 2 1
p473 8 10 0
p474 2 10 1
p475 4 2 1
p476 9 4 0
p477 6 4 1
p478 5 4 0
p479 10 8 0
p480 8 5 1
p481 4 4 1
p482 3 6 0
p483 10 5 1
p484 9 10 0
p485 9 2 1
p486 7 1 0
p487 5 6 0
p488 2 6 1
p489 5 2 0
p490 0 1 0
p491 9 7 1
p492 9 4 0
p493 4 8 1
p494 1 2 0
p495 4 5 1
p496 3 1 1
p497 3 9 0
p498 6 6 0
p499 3 4 1
p500 1 8 0