500
p1 0 10 0
p1 1 5 1
p2 8 3 0
p3 10 2 1
p4 2 7 0
p5 8 5 0
p6 1 9 1
p7 0 10 1
p8 8 1 1
p9 0 6 0
p10 3 6 0
p11 9 3 0
p12 10 8 1
p13 6 3 0
p14 10 2 1
p15 2 4 1
p16 1 8 1
p17 0 10 1
p18 1 1 1
p19 4 7 0
p20 1 7 0
p21 8 7 0
p22 1 4 1
p23 3 7 1
p24 9 8 0
p25 5 7 0
p26 2 4 1
p27 2 3 1
p28 10 7 1
p29 1 4 1
p30 3 8 1
p31 3 8 1
p32 4 9 0
p33 2 6 1
p34 9 2 0
p35 8 3 0
p36 2 5 1
p37 1 9 1
p38 2 5 1
p39 5 3 1
p40 6 2 0
p41 10 8 0
p42 0 3 0
p43 10 6 1
p44 8 8 1
p45 9 10 1
p46 0 1 0
p47 4 3 0
p48 10 2 0
p49 4 4 1
p50 5 5 0
p51 1 6 1
p52 6 9 0
p53 2 10 1
p54 10 6 0
p55 9 6 1
p56 0 6 1
p57 6 9 1
p58 10 4 0
p59 7 5 1
p60 1 6 0
p61 0 8 1
p62 1 6 1
p63 1 2 0
p64 9 10 1
p65 6 10 0
p66 2 10 1
p67 8 2 0
p68 1 8 1
p69 9 1 1
p70 7 6 1
p71 5 8 0
p72 9 9 0
p73 9 10 1
p74 2 10 0
p75 5 2 0
p76 7 3 1
p77 4 4 1
p78 9 1 0
p79 3 4 0
p80 5 4 0
p81 4 1 1
p82 8 7 1
p83 2 4 0
p84 8 10 1
p85 5 6 0
p86 10 2 0
p87 10 7 0
p88 1 1 0
p89 4 8 1
p90 3 2 0
p91 8 4 0
p92 8 8 0
p93 2 2 0
p94 0 7 1
p95 4 5 0
p96 3 5 1
p97 9 9 0
p98 0 7 0
p99 5 10 1
p100 2 10 0
p101 7 9 1
p102 3 10 0
p103 10 9 1
p104 2 7 0
p105 5 3 0
p106 8 8 1
p107 9 9 1
p108 0 4 1
p109 2 1 1
p110 3 1 0
p111 8 9 0
p112 1 6 1
p113 8 2 0
p114 4 7 0
p115 1 6 0
p116 6 2 1
p117 6 9 1
p118 7 4 0
p119 2 9 0
p120 3 1 0
p121 3 3 1
p122 10 9 0
p123 8 6 1
p124 9 4 0
p125 1 4 1
p126 1 2 0
p127 8 10 0
p128 0 8 1
p129 6 6 1
p130 9 1 1
p131 0 4 0
p132 3 6 0
p133 10 5 1
p134 0 10 0
p135 7 7 1
p136 10 10 1
p137 10 7 0
p138 10 8 1
p139 7 5 1
p140 4 10 1
p141 8 6 1
p142 0 9 0
p143 5 1 0
p144 9 8 1
p145 1 1 1
p146 6 3 0
p147 7 10 1
p148 9 10 0
p149 8 7 0
p150 7 1 1
p151 9 1 1
p152 1 3 1
p153 5 6 1
p154 9 10 0
p155 5 4 0
p156 5 2 1
p157 10 5 0
p158 7 2 1
p159 5 7 1
p160 10 10 0
p161 8 5 0
p162 9 1 1
p163 3 1 0
p164 2 1 1
p165 2 10 0
p166 1 4 0
p167 8 7 0
p168 7 10 0
p169 1 4 0
p170 2 3 1
p171 5 8 0
p172 5 4 0
p173 1 2 1
p174 1 1 1
p175 8 8 1
p176 1 6 0
p177 7 9 0
p178 2 5 0
p179 10 4 1
p180 9 4 1
p181 6 9 1
p182 9 6 0
p183 8 2 1
p184 5 2 1
p185 9 7 1
p186 0 2 0
p187 5 10 1
p188 2 6 1
p189 7 2 0
p190 3 8 1
p191 10 1 1
p192 2 7 0
p193 6 9 1
p194 5 8 0
p195 6 4 0
p196 4 8 0
p197 9 6 1
p198 6 4 0
p199 3 3 1
p200 10 4 0
p201 9 5 0
p202 3 5 0
p203 8 8 0
p204 3 2 1
p205 9 1 1
p206 1 6 0
p207 8 9 1
p208 9 3 0
p209 0 8 0
p210 2 3 0
p211 2 9 0
p212 4 5 1
p213 4 10 0
p214 1 2 1
p215 5 6 1
p216 6 7 0
p217 1 6 0
p218 6 4 0
p219 1 4 1
p220 2 1 1
p221 2 2 0
p222 9 10 0
p223 2 10 1
p224 0 2 0
p225 2 4 0
p226 6 9 0
p227 4 8 0
p228 7 4 1
p229 4 5 1
p230 0 10 1
p231 3 7 1
p232 0 8 0
p233 3 3 1
p234 6 7 0
p235 3 5 0
p236 4 6 0
p237 4 7 0
p238 3 9 1
p239 6 4 1
p240 3 8 0
p241 7 7 0
p242 6 9 0
p243 6 9 0
p244 0 8 0
p245 8 8 0
p246 1 4 1
p247 7 7 0
p248 8 9 0
p249 4 5 1
p250 6 10 0
p251 9 7 1
p252 0 6 1
p253 10 10 1
p254 8 8 0
p255 6 3 0
p256 3 10 1
p257 7 8 1
p258 8 5 0
p259 2 8 0
p260 2 1 0
p261 8 4 0
p262 10 5 1
p263 8 1 0
p264 1 8 0
p265 7 10 0
p266 6 3 0
p267 2 3 1
p268 6 5 1
p269 2 1 1
p270 1 3 1
p271 0 10 0
p272 4 9 0
p273 7 2 0
p274 3 3 0
p275 3 3 1
p276 2 9 1
p277 0 7 1
p278 5 2 1
p279 10 5 0
p280 9 2 0
p281 8 2 1
p282 5 1 0
p283 8 10 1
p284 4 8 1
p285 3 3 0
p286 9 9 0
p287 6 9 0
p288 8 6 1
p289 10 1 1
p290 5 6 1
p291 8 5 0
p292 9 1 0
p293 2 10 0
p294 2 4 1
p295 2 7 1
p296 6 4 0
p297 9 7 0
p298 2 7 0
p299 0 10 0
p300 7 6 1
p301 8 8 1
p302 6 5 0
p303 5 1 1
p304 7 3 0
p305 8 9 1
p306 6 1 0
p307 4 10 0
p308 9 1 0
p309 7 9 0
p310 4 1 1
p311 10 6 0
p312 1 9 0
p313 2 9 0
p314 10 6 1
p315 4 9 1
p316 9 3 0
p317 1 5 1
p318 7 3 1
p319 9 8 1
p320 9 8 0
p321 9 10 1
p322 8 10 0
p323 0 1 0
p324 9 10 1
p325 3 2 1
p326 6 4 1
p327 10 3 1
p328 0 7 0
p329 2 1 1
p330 4 7 0
p331 10 8 0
p332 8 1 1
p333 1 4 1
p334 5 8 1
p335 6 5 0
p336 9 8 1
p337 9 4 0
p338 10 8 0
p339 6 10 0
p340 8 8 0
p341 4 8 1
p342 3 4 1
p343 7 3 0
p344 9 9 0
p345 5 4 0
p346 1 8 1
p347 5 4 1
p348 8 8 0
p349 3 1 1
p350 10 4 1
p351 7 3 0
p352 1 8 1
p353 7 2 0
p354 7 5 0
p355 5 8 1
p356 6 8 0
p357 2 6 0
p358 3 2 1
p359 9 4 1
p360 1 2 0
p361 2 2 0
p362 0 3 1
p363 3 5 0
p364 9 4 1
p365 0 4 0
p366 4 5 1
p367 6 10 1
p368 3 7 0
p369 5 3 0
p370 6 8 1
p371 2 4 1
p372 10 6 1
p373 3 6 0
p374 5 2 1
p375 9 2 0
p376 10 7 1
p377 7 9 0
p378 4 10 0
p379 9 9 0
p380 0 5 1
p381 9 5 0
p382 7 6 0
p383 8 3 1
p384 5 2 1
p385 6 4 0
p386 1 4 1
p387 1 1 1
p388 2 2 0
p389 1 1 0
p390 2 8 0
p391 6 8 1
p392 6 4 0
p393 9 1 0
p394 9 2 1
p395 10 4 0
p396 1 10 1
p397 7 8 0
p398 10 5 1
p399 3 9 1
p400 10 6 0
p401 2 2 1
p402 6 2 0
p403 6 1 0
p404 5 7 1
p405 6 2 0
p406 9 7 0
p407 9 10 1
p408 2 3 1
p409 1 3 0
p410 2 2 1
p411 7 3 0
p412 2 1 1
p413 2 5 1
p414 4 8 1
p415 2 1 0
p416 0 8 1
p417 0 2 0
p418 2 7 0
p419 6 2 1
p420 3 9 0
p421 6 5 0
p422 8 1 0
p423 3 10 0
p424 10 1 0
p425 7 9 0
p426 0 8 1
p427 1 5 0
p428 4 1 0
p429 9 1 0
p430 5 2 0
p431 5 3 0
p432 5 7 1
p433 4 7 0
p434 4 3 0
p435 0 2 0
p436 7 7 0
p437 5 2 0
p438 9 10 1
p439 0 3 1
p440 10 3 0
p441 8 3 0
p442 2 5 1
p443 4 1 1
p444 4 10 1
p445 4 4 0
p446 6 9 1
p447 9 10 0
p448 9 2 1
p449 0 1 0
p450 5 9 0
p451 7 6 1
p452 1 9 1
p453 5 9 0
p454 7 7 1
p455 10 1 0
p456 4 1 0
p457 6 8 0
p458 2 5 1
p459 8 5 1
p460 6 6 0
p461 3 3 1
p462 3 7 1
p463 9 8 1
p464 4 3 1
p465 2 3 1
p466 1 1 1
p467 10 5 0
p468 0 8 0
p469 9 7 0
p470 8 10 1
p471 0 6 0
p472 5 10 0
p473 5 6 0
p474 2 6 0
p475 2 1 0
p476 3 3 0
p477 6 5 0
p478 3 3 0
p479 5 4 0
p480 1 3 0
p481 3 4 1
p482 7 10 0
p483 3 1 0
p484 6 7 1
p485 0 4 0
p486 2 2 0
p487 5 4 0
p488 8 6 0
p489 10 4 1
p490 6 5 0
p491 3 2 1
p492 2 2 1
p493 7 1 1
p494 2 10 0
p495 4 7 1
p496 3 10 1
p497 9 8 0
p498 10 6 1
p499 2 2 0
p500 10 6 1