500
p1 0 5 0
p1 7 4 0
p2 8 10 0
p3 5 5 1
p4 1 9 1
p5 9 5 0
p6 2 5 0
p7 10 8 0
p8 8 5 0
p9 6 10 1
p10 5 10 1
p11 10 6 0
p12 2 8 1
p13 2 1 0
p14 8 4 0
p15 3 7 1
p16 8 9 1
p17 0 9 0
p18 2 4 1
p19 4 6 0
p20 0 10 1
p21 3 5 0
p22 0 1 0
p23 3 1 0
p24 5 8 1
p25 9 1 0
p26 4 1 0
p27 9 9 0
p28 1 3 1
p29 9 3 1
p30 10 3 0
p31 3 1 0
p32 0 7 0
p33 1 10 0
p34 0 10 0
p35 6 10 0
p36 5 1 0
p37 1 5 0
p38 2 4 0
p39 3 4 1
p40 1 4 1
p41 10 5 1
p42 8 5 1
p43 5 8 1
p44 5 10 0
p45 2 3 1
p46 8 4 1
p47 0 5 1
p48 9 5 1
p49 2 9 0
p50 4 1 0
p51 2 4 0
p52 1 1 0
p53 10 2 0
p54 1 10 1
p55 8 2 1
p56 7 1 0
p57 4 8 0
p58 5 9 1
p59 10 7 1
p60 6 8 1
p61 2 3 0
p62 10 5 0
p63 7 6 0
p64 7 9 1
p65 6 5 1
p66 10 3 1
p67 0 3 0
p68 0 9 0
p69 7 8 1
p70 1 6 0
p71 3 5 0
p72 3 1 0
p73 7 10 0
p74 5 8 0
p75 8 10 0
p76 2 2 0
p77 7 3 1
p78 10 6 1
p79 9 10 1
p80 7 3 0
p81 4 5 0
p82 1 2 1
p83 1 4 0
p84 2 1 1
p85 2 6 0
p86 0 10 0
p87 5 5 0
p88 5 8 1
p89 5 10 0
p90 7 6 0
p91 0 9 0
p92 2 1 0
p93 9 3 1
p94 5 5 1
p95 8 7 1
p96 4 1 0
p97 2 4 1
p98 1 6 0
p99 3 2 1
p100 9 6 1
p101 0 7 1
p102 10 8 1
p103 1 2 1
p104 7 8 1
p105 5 3 1
p106 7 1 0
p107 8 1 1
p108 1 7 1
p109 5 4 0
p110 8 3 1
p111 8 8 1
p112 3 6 0
p113 8 9 1
p114 9 2 0
p115 8 8 1
p116 5 3 1
p117 3 6 0
p118 1 5 0
p119 5 4 0
p120 0 4 0
p121 10 4 0
p122 3 1 1
p123 5 7 1
p124 8 5 0
p125 8 3 1
p126 10 4 1
p127 7 1 1
p128 7 7 1
p129 4 9 0
p130 5 8 1
p131 10 9 0
p132 7 2 0
p133 8 1 1
p134 0 9 1
p135 2 2 1
p136 6 6 0
p137 6 4 0
p138 1 5 1
p139 3 9 1
p140 4 7 0
p141 4 6 1
p142 6 10 0
p143 4 8 0
p144 5 1 0
p145 5 6 0
p146 1 7 1
p147 7 6 0
p148 6 9 1
p149 7 2 1
p150 3 8 0
p151 5 10 1
p152 2 7 0
p153 2 6 1
p154 3 8 1
p155 8 7 1
p156 4 6 1
p157 10 2 0
p158 0 4 1
p159 4 1 0
p160 0 9 1
p161 5 9 1
p162 7 9 1
p163 3 10 0
p164 9 6 1
p165 3 2 1
p166 10 2 1
p167 1 5 0
p168 0 3 1
p169 9 4 1
p170 8 5 1
p171 10 5 1
p172 7 3 1
p173 3 5 1
p174 2 8 0
p175 9 7 1
p176 6 9 0
p177 2 9 0
p178 7 3 1
p179 1 2 0
p180 4 7 0
p181 6 7 1
p182 1 1 1
p183 2 7 1
p184 10 4 0
p185 3 9 1
p186 4 6 1
p187 0 4 1
p188 3 6 1
p189 1 7 0
p190 9 5 0
p191 4 2 1
p192 2 7 1
p193 8 7 1
p194 5 4 0
p195 10 1 1
p196 1 1 0
p197 3 5 0
p198 2 1 1
p199 9 3 0
p200 2 1 0
p201 7 1 0
p202 1 3 0
p203 4 5 0
p204 9 3 1
p205 2 7 1
p206 9 6 1
p207 10 6 1
p208 4 6 1
p209 0 10 1
p210 9 10 1
p211 2 2 0
p212 4 4 0
p213 6 6 0
p214 1 8 0
p215 6 3 0
p216 4 10 1
p217 8 6 1
p218 5 6 0
p219 7 8 1
p220 4 7 0
p221 7 1 0
p222 5 1 1
p223 2 3 0
p224 7 7 0
p225 0 4 0
p226 2 6 1
p227 10 5 1
p228 9 5 0
p229 8 9 1
p230 4 8 0
p231 1 4 0
p232 3 9 1
p233 8 5 1
p234 2 8 0
p235 2 4 1
p236 10 8 1
p237 1 5 1
p238 8 2 0
p239 7 7 0
p240 4 7 1
p241 5 4 0
p242 1 1 0
p243 4 3 1
p244 9 6 0
p245 3 8 1
p246 7 3 0
p247 9 3 1
p248 8 4 0
p249 6 1 0
p250 7 6 0
p251 6 3 0
p252 8 5 0
p253 7 5 1
p254 4 7 0
p255 6 7 1
p256 4 1 1
p257 7 3 1
p258 3 1 0
p259 1 1 1
p260 9 9 0
p261 10 4 1
p262 2 2 1
p263 6 8 1
p264 2 3 0
p265 10 2 0
p266 7 1 0
p267 2 9 1
p268 0 9 1
p269 1 4 0
p270 7 10 0
p271 7 7 0
p272 9 8 1
p273 9 6 0
p274 2 2 0
p275 5 5 1
p276 1 9 0
p277 3 2 0
p278 2 5 0
p279 4 3 1
p280 3 9 1
p281 6 8 1
p282 5 4 1
p283 1 1 0
p284 8 8 1
p285 8 8 1
p286 6 1 1
p287 5 9 1
p288 2 5 1
p289 7 9 1
p290 5 3 0
p291 0 8 1
p292 2 6 1
p293 1 2 1
p294 3 9 0
p295 0 5 0
p296 8 10 0
p297 3 7 0
p298 10 4 1
p299 1 9 1
p300 1 8 0
p301 7 10 1
p302 9 10 0
p303 10 6 1
p304 4 7 0
p305 1 9 0
p306 10 2 1
p307 8 3 1
p308 8 5 0
p309 3 3 0
p310 8 8 0
p311 1 1 1
p312 9 9 0
p313 6 9 0
p314 2 10 0
p315 6 9 0
p316 1 7 1
p317 2 7 0
p318 3 5 0
p319 4 9 0
p320 10 8 1
p321 5 3 1
p322 9 7 0
p323 10 1 0
p324 0 3 1
p325 6 7 1
p326 0 3 1
p327 6 8 1
p328 0 10 0
p329 1 4 0
p330 3 7 1
p331 3 7 1
p332 6 7 1
p333 9 6 1
p334 3 8 0
p335 8 1 0
p336 5 7 1
p337 6 5 0
p338 2 9 0
p339 3 4 1
p340 3 1 1
p341 8 9 0
p342 6 9 0
p343 6 9 1
p344 4 9 1
p345 8 6 1
p346 2 1 1
p347 10 1 0
p348 1 2 0
p349 6 10 1
p350 9 3 1
p351 0 10 0
p352 3 3 0
p353 5 10 1
p354 3 2 1
p355 9 10 1
p356 8 4 1
p357 7 10 1
p358 4 10 0
p359 4 2 1
p360 9 5 0
p361 2 8 1
p362 3 9 1
p363 7 7 0
p364 2 6 1
p365 0 2 0
p366 6 9 0
p367 6 1 1
p368 4 6 0
p369 0 1 1
p370 8 7 1
p371 1 9 1
p372 6 3 1
p373 9 10 1
p374 5 7 0
p375 9 6 1
p376 3 10 1
p377 3 1 0
p378 5 9 1
p379 1 8 1
p380 4 4 1
p381 5 2 0
p382 1 9 0
p383 6 1 1
p384 0 6 0
p385 10 7 1
p386 8 2 1
p387 4 9 1
p388 4 7 0
p389 9 3 1
p390 10 2 0
p391 9 8 1
p392 3 10 1
p393 6 7 1
p394 4 7 1
p395 1 4 1
p396 4 5 0
p397 9 3 0
p398 0 3 0
p399 0 8 0
p400 2 2 1
p401 8 1 0
p402 10 5 1
p403 3 5 1
p404 4 2 0
p405 8 6 1
p406 10 9 1
p407 2 5 1
p408 9 10 1
p409 10 10 0
p410 6 10 1
p411 1 7 0
p412 0 8 0
p413 2 7 0
p414 9 1 1
p415 1 10 0
p416 8 10 0
p417 4 2 0
p418 4 8 0
p419 1 4 1
p420 0 2 0
p421 0 9 0
p422 1 8 0
p423 2 5 0
p424 9 6 0
p425 5 6 1
p426 1 10 0
p427 1 6 1
p428 10 3 0
p429 10 5 1
p430 10 2 0
p431 2 5 0
p432 9 7 1
p433 3 4 0
p434 7 8 1
p435 1 8 0
p436 2 7 0
p437 7 4 1
p438 9 3 1
p439 4 7 1
p440 9 5 1
p441 8 10 1
p442 2 8 1
p443 3 7 0
p444 6 5 0
p445 1 4 1
p446 7 5 1
p447 0 5 0
p448 6 1 1
p449 5 6 1
p450 10 7 1
p451 5 3 1
p452 2 6 0
p453 2 4 0
p454 7 4 0
p455 1 1 0
p456 9 10 0
p457 1 6 0
p458 7 2 0
p459 6 6 0
p460 8 9 0
p461 0 3 0
p462 3 8 1
p463 9 8 0
p464 6 7 1
p465 3 4 1
p466 0 7 1
p467 7 3 0
p468 9 5 1
p469 6 7 0
p470 10 5 0
p471 5 5 0
p472 1 6 1
p473 0 7 1
p474 3 3 1
p475 3 3 1
p476 1 7 1
p477 2 5 1
p478 6 9 1
p479 9 2 1
p480 6 9 0
p481 3 10 0
p482 3 4 0
p483 10 9 0
p484 10 10 0
p485 1 9 0
p486 1 6 0
p487 10 3 0
p488 5 7 1
p489 7 8 0
p490 8 3 1
p491 5 9 0
p492 9 4 1
p493 9 10 1
p494 3 9 1
p495 8 7 1
p496 3 9 0
p497 10 9 1
p498 10 1 1
p499 5 2 0
p500 1 8 0