500
p1 0 1 0
p1 4 8 1
p2 3 2 0
p3 0 6 1
p4 7 7 0
p5 3 9 1
p6 0 7 0
p7 8 1 1
p8 5 4 1
p9 6 4 0
p10 10 3 0
p11 2 1 1
p12 1 3 0
p13 6 9 0
p14 5 5 0
p15 2 5 0
p16 8 7 1
p17 5 3 1
p18 0 6 0
p19 8 3 1
p20 0 1 1
p21 4 6 0
p22 0 2 0
p23 0 4 0
p24 7 8 0
p25 7 2 0
p26 8 3 0
p27 10 6 1
p28 1 3 0
p29 8 8 0
p30 7 6 1
p31 2 5 0
p32 6 3 1
p33 2 3 0
p34 9 2 0
p35 3 7 1
p36 7 6 0
p37 1 9 1
p38 1 5 1
p39 2 7 1
p40 8 3 0
p41 6 1 0
p42 2 8 0
p43 2 4 1
p44 4 1 0
p45 6 4 0
p46 3 7 1
p47 0 9 1
p48 2 10 1
p49 6 9 0
p50 9 9 0
p51 9 9 0
p52 0 8 0
p53 6 5 1
p54 0 9 1
p55 1 7 0
p56 3 3 1
p57 5 6 1
p58 6 5 1
p59 3 4 1
p60 4 9 1
p61 5 7 0
p62 5 4 1
p63 1 3 1
p64 4 5 0
p65 0 7 0
p66 7 3 0
p67 7 2 0
p68 10 9 0
p69 9 2 1
p70 2 4 0
p71 7 3 0
p72 8 9 1
p73 5 8 1
p74 3 7 1
p75 1 6 1
p76 5 9 1
p77 9 7 1
p78 10 8 1
p79 3 1 0
p80 10 9 0
p81 10 8 0
p82 8 10 0
p83 6 10 0
p84 10 8 0
p85 5 2 1
p86 3 1 1
p87 7 6 1
p88 8 3 1
p89 3 8 1
p90 6 5 1
p91 7 2 0
p92 9 10 1
p93 8 9 1
p94 0 3 0
p95 2 7 0
p96 1 1 0
p97 2 6 1
p98 3 4 1
p99 0 5 0
p100 10 3 1
p101 6 1 0
p102 0 2 1
p103 4 7 1
p104 7 2 0
p105 10 5 0
p106 6 10 0
p107 5 9 1
p108 5 9 0
p109 5 6 1
p110 5 2 1
p111 7 5 0
p112 6 6 1
p113 10 9 1
p114 5 9 0
p115 8 2 0
p116 4 10 0
p117 4 3 0
p118 2 8 0
p119 6 5 1
p120 10 6 0
p121 5 10 0
p122 6 4 1
p123 3 6 0
p124 2 6 0
p125 1 3 1
p126 0 9 1
p127 1 2 1
p128 6 6 0
p129 7 6 0
p130 2 10 1
p131 1 9 0
p132 6 4 0
p133 0 8 1
p134 2 9 0
p135 1 8 1
p136 3 9 1
p137 6 9 0
p138 1 2 1
p139 4 10 1
p140 9 8 0
p141 8 7 0
p142 8 1 1
p143 3 9 0
p144 1 9 0
p145 9 2 1
p146 8 8 1
p147 6 7 1
p148 3 3 1
p149 1 5 0
p150 6 6 1
p151 6 3 1
p152 2 6 0
p153 0 9 0
p154 7 1 1
p155 8 6 0
p156 4 8 1
p157 5 8 1
p158 0 4 1
p159 6 3 1
p160 8 6 1
p161 9 8 1
p162 7 1 0
p163 8 6 0
p164 10 2 0
p165 7 9 0
p166 4 2 1
p167 8 4 0
p168 3 9 1
p169 8 6 0
p170 9 10 1
p171 1 4 0
p172 5 2 0
p173 7 5 0
p174 8 3 1
p175 10 4 1
p176 6 5 0
p177 6 9 1
p178 5 6 0
p179 2 8 1
p180 2 2 0
p181 9 2 0
p182 4 10 1
p183 10 3 1
p184 9 9 0
p185 2 1 1
p186 0 3 0
p187 4 6 0
p188 10 4 0
p189 4 4 1
p190 4 9 0
p191 5 2 0
p192 6 5 1
p193 1 4 1
p194 6 8 1
p195 1 6 1
p196 9 2 1
p197 6 7 1
p198 7 3 0
p199 3 1 1
p200 2 4 0
p201 0 7 1
p202 10 3 1
p203 10 9 0
p204 0 7 1
p205 8 3 1
p206 7 7 0
p207 5 2 0
p208 7 6 0
p209 7 8 0
p210 5 2 1
p211 4 2 0
p212 3 10 0
p213 2 5 0
p214 2 9 1
p215 10 5 1
p216 5 3 1
p217 9 4 1
p218 2 6 0
p219 3 4 0
p220 5 2 1
p221 8 10 0
p222 6 1 1
p223 5 7 1
p224 7 6 1
p225 2 2 0
p226 4 7 0
p227 9 8 1
p228 2 6 0
p229 10 3 1
p230 4 10 1
p231 6 10 0
p232 7 1 1
p233 4 5 1
p234 5 4 0
p235 2 2 1
p236 9 6 1
p237 10 3 1
p238 1 3 0
p239 9 5 0
p240 6 10 1
p241 9 5 1
p242 2 5 1
p243 3 9 1
p244 7 1 1
p245 5 10 0
p246 1 5 1
p247 6 8 1
p248 2 2 1
p249 2 4 0
p250 2 9 1
p251 1 10 1
p252 7 9 1
p253 6 7 0
p254 2 2 0
p255 10 2 1
p256 1 8 1
p257 10 7 0
p258 9 5 1
p259 6 3 0
p260 4 2 0
p261 10 1 1
p262 6 4 1
p263 3 9 1
p264 0 5 1
p265 5 4 0
p266 9 9 1
p267 4 10 1
p268 2 7 1
p269 0 3 0
p270 7 5 1
p271 5 2 1
p272 5 8 1
p273 5 2 1
p274 8 2 1
p275 0 6 0
p276 6 7 0
p277 5 9 0
p278 3 3 0
p279 9 8 0
p280 6 9 0
p281 1 5 1
p282 8 4 0
p283 0 6 0
p284 6 8 1
p285 2 9 1
p286 0 5 1
p287 10 10 0
p288 10 2 0
p289 7 6 0
p290 5 6 0
p291 8 2 0
p292 2 7 1
p293 3 7 1
p294 0 8 0
p295 2 4 1
p296 8 10 1
p297 10 8 0
p298 2 5 1
p299 4 9 1
p300 8 6 0
p301 8 8 1
p302 10 10 1
p303 6 8 1
p304 2 6 0
p305 4 5 1
p306 0 2 0
p307 7 6 0
p308 6 4 0
p309 10 8 0
p310 9 1 1
p311 3 8 1
p312 6 7 0
p313 4 2 1
p314 6 10 0
p315 7 9 0
p316 7 8 1
p317 2 5 0
p318 8 7 1
p319 9 7 1
p320 4 2 1
p321 4 6 0
p322 1 5 0
p323 4 1 0
p324 5 5 1
p325 2 4 1
p326 7 10 1
p327 7 4 1
p328 10 7 1
p329 5 9 0
p330 9 2 1
p331 6 7 0
p332 2 6 0
p333 10 4 1
p334 7 8 1
p335 1 3 0
p336 3 2 1
p337 5 10 1
p338 0 1 1
p339 5 10 1
p340 7 3 1
p341 4 4 1
p342 9 6 0
p343 4 9 1
p344 5 4 1
p345 5 3 1
p346 9 3 0
p347 4 6 1
p348 10 6 0
p349 4 7 1
p350 5 3 1
p351 7 10 0
p352 2 5 0
p353 0 7 0
p354 7 2 0
p355 3 1 0
p356 4 6 0
p357 0 8 1
p358 2 4 0
p359 6 8 0
p360 6 10 0
p361 3 3 1
p362 9 5 0
p363 10 2 0
p364 10 6 0
p365 6 1 0
p366 7 3 1
p367 7 1 0
p368 7 8 1
p369 9 2 1
p370 1 8 0
p371 5 4 1
p372 1 1 1
p373 7 5 0
p374 9 4 1
p375 5 5 1
p376 3 10 1
p377 10 9 1
p378 8 1 1
p379 3 1 0
p380 2 6 1
p381 8 9 1
p382 3 1 1
p383 2 8 1
p384 2 7 1
p385 8 10 1
p386 3 1 1
p387 0 3 1
p388 6 7 0
p389 5 7 0
p390 1 10 1
p391 10 8 1
p392 1 4 0
p393 6 2 1
p394 0 7 1
p395 1 3 0
p396 8 10 0
p397 10 5 0
p398 3 8 0
p399 8 3 1
p400 10 7 0
p401 7 6 1
p402 8 2 1
p403 7 9 0
p404 5 9 0
p405 7 9 0
p406 7 4 0
p407 8 2 0
p408 7 5 1
p409 1 7 0
p410 5 3 0
p411 8 2 1
p412 4 5 0
p413 9 2 0
p414 3 4 0
p415 5 5 0
p416 5 10 1
p417 1 7 0
p418 6 8 1
p419 4 2 1
p420 8 4 1
p421 9 9 0
p422 4 2 1
p423 3 7 0
p424 1 7 0
p425 7 2 0
p426 2 1 0
p427 10 6 0
p428 1 3 0
p429 8 10 1
p430 5 1 0
p431 6 2 1
p432 3 10 0
p433 5 4 0
p434 6 4 1
p435 10 1 0
p436 2 10 0
p437 8 4 1
p438 3 9 1
p439 2 7 1
p440 9 8 1
p441 7 4 1
p442 3 7 0
p443 10 8 0
p444 7 6 1
p445 5 10 1
p446 8 7 0
p447 1 9 0
p448 3 2 0
p449 9 3 1
p450 4 5 0
p451 7 4 0
p452 2 5 0
p453 2 3 1
p454 2 1 1
p455 3 2 0
p456 7 5 0
p457 9 2 1
p458 1 8 0
p459 10 5 1
p460 8 8 1
p461 0 2 0
p462 0 5 1
p463 1 4 1
p464 8 8 1
p465 2 5 0
p466 8 9 0
p467 10 10 1
p468 9 3 0
p469 4 3 0
p470 9 1 1
p471 9 6 0
p472 0 3 0
p473 6 6 0
p474 1 7 1
p475 5 8 1
p476 8 2 1
p477 7 7 1
p478 1 8 1
p479 2 2 1
p480 10 1 0
p481 7 4 1
p482 7 3 0
p483 1 1 1
p484 1 6 1
p485 1 4 1
p486 9 2 0
p487 3 4 0
p488 0 3 0
p489 10 6 1
p490 0 1 0
p491 9 4 1
p492 4 8 1
p493 4 6 1
p494 8 6 0
p495 2 5 1
p496 2 7 0
p497 8 4 1
p498 3 7 1
p499 2 7 0
p500 9 8 0