500
p1 0 5 0
p1 0 6 0
p2 7 1 1
p3 7 4 0
p4 6 4 1
p5 9 6 1
p6 7 9 0
p7 2 7 0
p8 5 1 0
p9 1 8 1
p10 1 10 0
p11 4 2 1
p12 6 2 1
p13 3 7 1
p14 6 2 0
p15 6 9 1
p16 2 6 1
p17 5 5 0
p18 9 6 0
p19 7 8 1
p20 5 1 0
p21 3 4 1
p22 9 7 0
p23 3 8 0
p24 7 8 1
p25 4 8 1
p26 10 4 1
p27 3 2 1
p28 0 10 0
p29 1 3 1
p30 6 5 1
p31 2 5 0
p32 9 8 1
p33 1 3 0
p34 7 9 1
p35 9 7 1
p36 3 3 0
p37 4 6 1
p38 4 5 0
p39 4 8 0
p40 9 4 0
p41 3 10 0
p42 3 3 0
p43 5 2 0
p44 8 4 1
p45 9 4 1
p46 0 9 1
p47 4 5 0
p48 8 10 0
p49 4 7 1
p50 3 4 0
p51 2 5 1
p52 10 10 1
p53 7 10 1
p54 7 2 0
p55 7 4 1
p56 7 3 1
p57 9 8 1
p58 1 4 0
p59 5 5 1
p60 0 2 0
p61 10 9 0
p62 4 3 1
p63 0 1 0
p64 8 6 0
p65 4 9 1
p66 3 6 0
p67 10 1 1
p68 5 8 1
p69 1 3 1
p70 3 6 0
p71 9 6 0
p72 7 5 1
p73 2 7 1
p74 8 5 0
p75 8 1 1
p76 2 8 0
p77 7 9 0
p78 9 4 1
p79 9 7 0
p80 5 1 1
p81 9 3 0
p82 8 8 0
p83 4 9 1
p84 2 4 1
p85 6 5 1
p86 3 7 0
p87 0 4 1
p88 5 4 0
p89 4 3 0
p90 5 3 0
p91 4 7 0
p92 6 9 0
p93 7 9 0
p94 2 10 1
p95 4 5 1
p96 6 6 1
p97 1 7 0
p98 5 8 1
p99 4 7 1
p100 6 10 1
p101 5 1 1
p102 8 6 0
p103 1 9 0
p104 4 10 1
p105 1 9 1
p106 2 2 0
p107 8 1 0
p108 1 1 0
p109 1 1 0
p110 4 1 0
p111 6 3 0
p112 10 5 1
p113 8 10 1
p114 0 4 0
p115 10 2 1
p116 10 8 0
p117 6 10 0
p118 5 5 0
p119 4 3 0
p120 1 10 0
p121 4 7 0
p122 4 2 0
p123 7 2 1
p124 10 1 1
p125 10 4 0
p126 2 7 1
p127 5 7 1
p128 3 9 1
p129 5 3 1
p130 0 5 0
p131 3 10 1
p132 1 4 0
p133 10 6 1
p134 8 5 1
p135 10 10 1
p136 4 1 1
p137 4 9 1
p138 6 6 1
p139 1 2 1
p140 10 9 0
p141 2 7 1
p142 6 2 0
p143 10 5 1
p144 10 7 1
p145 3 5 1
p146 1 8 1
p147 3 5 1
p148 10 1 0
p149 9 6 0
p150 9 8 0
p151 4 5 0
p152 5 4 1
p153 8 8 1
p154 6 1 0
p155 0 1 0
p156 6 7 1
p157 7 2 0
p158 6 4 0
p159 6 2 0
p160 0 8 1
p161 5 9 1
p162 6 6 1
p163 4 9 0
p164 7 9 0
p165 1 9 0
p166 7 8 0
p167 4 8 1
p168 8 8 1
p169 10 4 0
p170 1 10 1
p171 2 4 0
p172 3 4 1
p173 10 2 1
p174 9 4 1
p175 3 3 0
p176 1 9 1
p177 5 6 1
p178 7 3 0
p179 1 10 1
p180 7 4 0
p181 3 3 1
p182 10 3 0
p183 1 9 0
p184 4 8 1
p185 3 2 1
p186 8 6 1
p187 1 2 0
p188 1 6 0
p189 4 9 0
p190 1 7 1
p191 5 2 1
p192 8 9 1
p193 7 9 1
p194 3 6 1
p195 5 6 0
p196 2 9 1
p197 9 1 0
p198 1 2 0
p199 2 1 0
p200 0 1 0
p201 9 5 1
p202 9 4 1
p203 0 5 1
p204 2 3 0
p205 2 7 0
p206 5 7 0
p207 8 9 0
p208 8 1 1
p209 7 5 1
p210 8 2 1
p211 5 5 1
p212 1 10 0
p213 6 8 0
p214 4 7 0
p215 5 6 1
p216 5 8 1
p217 4 10 1
p218 10 10 1
p219 2 10 0
p220 4 6 1
p221 8 5 1
p222 4 2 0
p223 0 2 1
p224 3 5 0
p225 5 7 1
p226 8 5 0
p227 1 7 1
p228 8 3 0
p229 0 4 1
p230 7 6 1
p231 3 7 1
p232 9 3 0
p233 9 7 1
p234 3 8 0
p235 3 3 0
p236 1 5 1
p237 7 10 1
p238 2 5 0
p239 8 8 1
p240 5 6 1
p241 5 8 1
p242 2 5 0
p243 10 2 0
p244 7 5 1
p245 3 2 1
p246 8 10 1
p247 8 7 1
p248 3 3 1
p249 4 7 0
p250 9 1 0
p251 3 10 1
p252 10 9 1
p253 2 2 0
p254 1 8 1
p255 5 5 0
p256 10 8 0
p257 0 6 0
p258 9 5 0
p259 10 9 0
p260 2 2 1
p261 3 10 0
p262 7 3 0
p263 6 1 1
p264 1 3 1
p265 3 4 1
p266 4 1 0
p267 6 8 1
p268 1 5 1
p269 6 6 1
p270 2 2 0
p271 6 5 1
p272 1 6 0
p273 7 7 0
p274 3 3 0
p275 5 2 1
p276 5 4 0
p277 9 1 1
p278 3 1 1
p279 9 6 1
p280 10 4 0
p281 2 7 0
p282 10 5 1
p283 0 5 0
p284 5 8 0
p285 4 7 0
p286 1 2 1
p287 7 2 1
p288 8 4 1
p289 4 2 1
p290 6 6 0
p291 1 4 1
p292 6 7 1
p293 3 1 1
p294 9 4 0
p295 5 8 0
p296 2 9 0
p297 3 10 1
p298 3 10 0
p299 3 1 0
p300 10 4 1
p301 2 8 0
p302 6 9 0
p303 1 10 0
p304 5 2 0
p305 9 5 1
p306 6 4 1
p307 10 2 0
p308 10 10 1
p309 6 7 1
p310 6 9 0
p311 10 1 0
p312 7 1 0
p313 9 9 1
p314 3 5 1
p315 4 5 1
p316 4 5 1
p317 4 8 0
p318 9 7 1
p319 5 5 1
p320 5 7 1
p321 2 10 0
p322 9 5 0
p323 8 3 0
p324 2 3 0
p325 10 9 0
p326 2 8 1
p327 3 4 0
p328 3 4 0
p329 0 1 1
p330 1 5 1
p331 1 2 1
p332 2 1 1
p333 1 3 1
p334 5 4 1
p335 0 10 1
p336 0 3 0
p337 3 2 1
p338 5 5 0
p339 5 1 0
p340 8 1 1
p341 0 3 0
p342 6 6 1
p343 6 4 1
p344 3 4 0
p345 2 2 1
p346 5 3 1
p347 10 1 0
p348 5 7 0
p349 2 4 1
p350 10 9 1
p351 9 2 1
p352 8 4 1
p353 10 8 0
p354 10 7 1
p355 8 3 0
p356 1 7 1
p357 5 6 1
p358 9 4 0
p359 3 6 1
p360 10 1 1
p361 5 7 1
p362 2 6 0
p363 2 9 1
p364 3 2 1
p365 1 4 0
p366 5 10 0
p367 3 3 1
p368 0 2 0
p369 9 2 0
p370 10 5 0
p371 4 6 1
p372 10 2 0
p373 1 1 0
p374 2 8 1
p375 7 8 1
p376 2 8 0
p377 7 8 0
p378 6 3 1
p379 2 4 1
p380 10 4 1
p381 5 3 0
p382 6 6 1
p383 9 7 1
p384 2 9 0
p385 8 3 1
p386 10 1 1
p387 1 2 0
p388 2 10 0
p389 4 4 1
p390 7 9 0
p391 10 4 0
p392 6 8 1
p393 1 10 1
p394 0 6 0
p395 1 10 0
p396 10 9 1
p397 3 8 0
p398 1 5 1
p399 6 2 0
p400 1 7 0
p401 9 10 1
p402 9 6 0
p403 3 5 1
p404 3 9 1
p405 8 4 0
p406 3 3 1
p407 2 8 0
p408 10 2 1
p409 9 7 0
p410 0 6 0
p411 5 2 0
p412 5 5 1
p413 4 6 1
p414 2 4 1
p415 9 6 1
p416 2 8 1
p417 10 8 0
p418 3 9 1
p419 0 2 0
p420 8 9 1
p421 1 10 0
p422 10 9 1
p423 8 3 0
p424 7 4 1
p425 4 6 0
p426 10 2 1
p427 3 10 0
p428 6 10 1
p429 2 9 0
p430 3 6 0
p431 2 9 1
p432 6 1 0
p433 3 7 0
p434 7 5 1
p435 6 2 0
p436 10 2 1
p437 8 9 0
p438 1 2 1
p439 1 5 1
p440 4 2 0
p441 10 2 1
p442 10 5 1
p443 8 6 1
p444 9 4 1
p445 9 8 0
p446 1 9 1
p447 1 3 1
p448 3 7 1
p449 4 3 1
p450 4 2 1
p451 2 10 0
p452 8 9 0
p453 10 8 0
p454 6 1 1
p455 2 1 0
p456 2 5 0
p457 1 4 0
p458 6 2 1
p459 9 8 1
p460 10 9 0
p461 4 10 1
p462 0 5 1
p463 5 10 0
p464 2 9 0
p465 5 2 0
p466 10 3 0
p467 4 1 0
p468 4 9 1
p469 10 6 0
p470 4 1 0
p471 10 6 0
p472 5 2 0
p473 8 5 1
p474 9 1 0
p475 0 5 1
p476 3 5 1
p477 6 9 1
p478 10 10 0
p479 7 8 1
p480 9 7 1
p481 0 7 1
p482 1 8 0
p483 8 8 0
p484 0 9 1
p485 2 1 1
p486 7 3 1
p487 4 3 1
p488 4 4 1
p489 1 8 0
p490 2 4 1
p491 8 7 1
p492 9 2 0
p493 7 3 1
p494 9 10 0
p495 1 10 0
p496 9 8 0
p497 1 6 0
p498 8 6 1
p499 2 6 0
p500 6 4 0