500
p1 0 5 0
p1 6 5 1
p2 8 6 0
p3 4 1 1
p4 2 7 1
p5 5 6 1
p6 0 6 1
p7 9 7 1
p8 9 4 1
p9 5 3 0
p10 0 4 1
p11 5 4 1
p12 5 1 0
p13 1 6 0
p14 8 9 0
p15 5 7 1
p16 6 8 0
p17 1 10 1
p18 6 4 0
p19 0 2 0
p20 8 7 1
p21 7 4 0
p22 8 8 0
p23 4 3 0
p24 7 4 0
p25 6 1 1
p26 0 8 0
p27 10 2 0
p28 3 8 1
p29 1 2 0
p30 9 9 0
p31 9 1 1
p32 7 4 0
p33 0 3 1
p34 2 2 0
p35 2 9 0
p36 6 5 0
p37 3 10 1
p38 1 9 0
p39 10 7 0
p40 0 6 0
p41 4 8 1
p42 7 8 0
p43 8 7 1
p44 0 2 0
p45 0 2 1
p46 1 4 1
p47 10 7 0
p48 2 2 1
p49 9 2 1
p50 2 10 0
p51 2 4 1
p52 2 9 1
p53 1 5 1
p54 7 1 1
p55 9 8 0
p56 1 3 1
p57 3 8 0
p58 2 2 1
p59 10 5 1
p60 8 8 0
p61 9 4 0
p62 6 10 0
p63 10 3 0
p64 3 5 1
p65 6 10 0
p66 10 7 0
p67 9 10 1
p68 3 2 0
p69 4 8 1
p70 3 8 0
p71 7 5 1
p72 1 5 1
p73 10 2 1
p74 0 8 0
p75 1 10 1
p76 3 7 1
p77 3 6 1
p78 4 3 0
p79 2 2 1
p80 9 3 1
p81 3 9 1
p82 7 5 1
p83 1 4 0
p84 8 7 1
p85 1 7 0
p86 10 1 1
p87 1 3 0
p88 2 10 1
p89 2 9 0
p90 8 2 0
p91 9 9 1
p92 0 5 1
p93 0 1 0
p94 6 6 0
p95 8 9 0
p96 3 9 0
p97 2 2 0
p98 10 3 1
p99 7 9 0
p100 8 1 1
p101 2 6 1
p102 8 10 1
p103 5 9 1
p104 10 2 0
p105 1 9 0
p106 1 8 0
p107 9 10 0
p108 8 10 0
p109 0 2 0
p110 7 9 1
p111 5 5 0
p112 10 6 0
p113 6 9 0
p114 2 10 0
p115 6 5 0
p116 4 1 1
p117 8 10 0
p118 3 9 1
p119 7 9 0
p120 7 4 1
p121 1 1 1
p122 5 2 1
p123 0 2 1
p124 4 7 0
p125 4 9 0
p126 2 6 1
p127 1 5 0
p128 3 10 0
p129 6 3 0
p130 3 4 1
p131 2 3 0
p132 7 6 1
p133 10 5 0
p134 6 10 0
p135 7 4 1
p136 10 3 0
p137 8 6 0
p138 1 4 1
p139 4 4 1
p140 7 1 0
p141 5 4 0
p142 3 9 1
p143 0 1 1
p144 4 8 1
p145 1 3 0
p146 7 3 0
p147 5 7 1
p148 8 6 1
p149 3 10 0
p150 2 7 0
p151 3 2 0
p152 9 6 0
p153 8 4 1
p154 2 5 0
p155 5 9 1
p156 0 6 1
p157 9 1 1
p158 9 10 0
p159 4 4 0
p160 0 5 0
p161 2 9 1
p162 7 7 1
p163 4 4 0
p164 9 5 0
p165 6 3 1
p166 1 1 0
p167 3 4 1
p168 9 8 0
p169 9 5 0
p170 6 10 0
p171 5 6 0
p172 2 6 0
p173 1 1 0
p174 10 10 0
p175 2 2 1
p176 8 1 1
p177 2 9 0
p178 8 3 1
p179 10 1 1
p180 3 1 1
p181 5 9 0
p182 2 3 0
p183 10 4 0
p184 3 1 1
p185 3 1 1
p186 7 9 1
p187 2 6 0
p188 5 10 0
p189 3 1 0
p190 0 3 0
p191 9 2 0
p192 6 8 1
p193 10 4 0
p194 2 8 1
p195 0 4 1
p196 9 4 1
p197 10 3 1
p198 3 4 0
p199 9 5 0
p200 2 2 1
p201 1 5 0
p202 7 9 1
p203 1 1 0
p204 4 3 1
p205 3 3 1
p206 1 1 0
p207 4 3 0
p208 4 7 1
p209 5 7 0
p210 7 3 1
p211 0 7 1
p212 2 6 0
p213 1 5 0
p214 7 9 1
p215 10 8 1
p216 0 6 1
p217 8 10 0
p218 10 8 0
p219 10 1 1
p220 1 7 1
p221 4 3 0
p222 6 8 1
p223 1 1 1
p224 1 6 0
p225 5 2 1
p226 10 2 1
p227 3 1 0
p228 6 3 1
p229 7 10 0
p230 1 1 0
p231 1 5 0
p232 9 10 0
p233 10 4 0
p234 0 10 1
p235 8 9 0
p236 9 3 1
p237 9 6 0
p238 6 4 0
p239 7 2 1
p240 1 9 1
p241 9 9 1
p242 5 8 0
p243 5 3 1
p244 8 10 0
p245 1 9 0
p246 2 8 0
p247 10 3 0
p248 2 5 1
p249 6 4 0
p250 1 9 0
p251 6 10 0
p252 3 7 1
p253 10 3 0
p254 3 4 1
p255 5 1 0
p256 10 4 1
p257 4 4 1
p258 0 7 1
p259 3 1 0
p260 9 1 0
p261 4 5 1
p262 0 9 0
p263 8 5 0
p264 0 4 1
p265 0 10 1
p266 4 1 0
p267 8 6 0
p268 9 7 0
p269 3 7 0
p270 6 5 0
p271 8 5 1
p272 7 3 1
p273 5 7 1
p274 8 9 0
p275 2 1 0
p276 8 2 0
p277 4 1 1
p278 0 9 1
p279 9 4 1
p280 3 8 1
p281 2 1 1
p282 5 1 1
p283 9 9 0
p284 6 3 0
p285 7 8 0
p286 5 9 0
p287 9 7 0
p288 3 4 0
p289 5 10 1
p290 7 8 1
p291 5 6 1
p292 3 2 1
p293 8 2 1
p294 9 4 1
p295 0 10 0
p296 8 2 1
p297 9 10 1
p298 2 1 0
p299 7 5 1
p300 2 4 0
p301 3 6 0
p302 1 7 1
p303 8 7 0
p304 9 6 1
p305 1 1 0
p306 4 4 1
p307 9 8 0
p308 3 3 0
p309 9 1 0
p310 4 4 1
p311 0 10 0
p312 0 1 0
p313 6 9 1
p314 5 10 0
p315 5 10 0
p316 9 6 1
p317 0 10 0
p318 5 6 1
p319 9 9 1
p320 0 2 0
p321 0 9 1
p322 10 10 1
p323 2 4 1
p324 3 6 0
p325 1 2 1
p326 7 7 0
p327 3 5 1
p328 2 3 1
p329 3 6 1
p330 1 6 0
p331 9 9 0
p332 6 8 1
p333 2 4 0
p334 5 3 0
p335 0 8 1
p336 8 3 1
p337 2 10 1
p338 9 7 0
p339 0 1 1
p340 4 10 0
p341 5 1 0
p342 10 3 0
p343 1 8 1
p344 0 2 0
p345 3 10 1
p346 4 9 0
p347 9 8 1
p348 9 7 1
p349 8 3 1
p350 0 9 0
p351 2 3 0
p352 6 3 0
p353 4 9 1
p354 5 8 0
p355 0 2 1
p356 10 8 1
p357 1 2 0
p358 3 5 1
p359 0 4 1
p360 4 2 1
p361 1 5 1
p362 2 5 0
p363 9 6 0
p364 2 5 1
p365 6 2 1
p366 10 1 0
p367 0 9 1
p368 10 9 1
p369 2 7 0
p370 0 7 0
p371 6 6 0
p372 1 10 0
p373 6 7 0
p374 2 10 0
p375 6 8 0
p376 1 10 0
p377 2 6 0
p378 2 3 0
p379 3 7 1
p380 9 5 1
p381 9 2 0
p382 7 4 1
p383 4 5 0
p384 6 2 1
p385 5 2 0
p386 9 4 1
p387 7 10 1
p388 9 7 1
p389 7 6 0
p390 4 4 0
p391 10 1 1
p392 6 1 0
p393 3 4 0
p394 0 10 1
p395 7 9 1
p396 6 10 0
p397 0 5 1
p398 8 5 1
p399 3 5 1
p400 10 4 0
p401 7 6 0
p402 0 10 1
p403 7 6 0
p404 4 8 1
p405 0 1 0
p406 0 1 1
p407 6 8 0
p408 9 10 0
p409 7 9 0
p410 4 3 1
p411 7 6 0
p412 6 3 1
p413 1 6 1
p414 1 1 0
p415 6 10 1
p416 4 4 1
p417 9 10 0
p418 9 5 1
p419 10 8 1
p420 10 3 1
p421 9 1 1
p422 8 5 1
p423 7 2 0
p424 3 5 0
p425 3 5 0
p426 2 8 1
p427 5 10 1
p428 1 2 1
p429 9 2 0
p430 6 4 1
p431 6 3 1
p432 0 6 1
p433 2 2 0
p434 6 10 0
p435 5 4 0
p436 7 9 1
p437 3 5 0
p438 7 9 1
p439 2 4 0
p440 10 6 1
p441 8 2 1
p442 2 7 0
p443 0 5 0
p444 1 5 1
p445 4 4 0
p446 4 4 0
p447 5 10 0
p448 3 3 0
p449 7 6 1
p450 7 7 0
p451 9 9 0
p452 2 2 0
p453 3 4 1
p454 7 4 1
p455 7 2 0
p456 6 10 0
p457 0 8 1
p458 7 5 0
p459 4 1 1
p460 9 9 1
p461 8 3 1
p462 8 7 0
p463 5 7 1
p464 0 7 0
p465 10 6 1
p466 7 9 0
p467 10 6 0
p468 0 1 0
p469 3 4 0
p470 10 8 0
p471 9 10 1
p472 4 3 1
p473 1 2 1
p474 5 4 1
p475 4 1 0
p476 6 1 0
p477 8 7 1
p478 5 1 1
p479 10 4 0
p480 6 5 1
p481 2 6 0
p482 4 1 0
p483 5 9 1
p484 6 5 0
p485 3 2 1
p486 5 5 1
p487 3 4 0
p488 8 5 0
p489 1 6 1
p490 10 5 1
p491 7 2 1
p492 3 1 1
p493 1 4 1
p494 10 5 1
p495 0 6 1
p496 5 8 1
p497 1 5 0
p498 4 8 0
p499 6 3 1
p500 6 7 1