500
p1 0 7 1
p1 0 7 1
p2 7 4 1
p3 2 8 1
p4 5 5 1
p5 0 7 0
p6 0 7 1
p7 4 3 1
p8 2 4 1
p9 2 8 1
p10 9 4 1
p11 2 9 1
p12 0 4 0
p13 7 5 0
p14 7 8 0
p15 0 1 0
p16 7 6 0
p17 6 7 1
p18 10 2 0
p19 5 4 1
p20 6 2 1
p21 4 8 1
p22 2 4 0
p23 10 2 0
p24 9 2 1
p25 1 6 0
p26 8 3 1
p27 1 8 1
p28 9 6 1
p29 3 3 0
p30 0 5 1
p31 7 8 0
p32 0 10 0
p33 6 6 1
p34 7 5 0
p35 7 9 1
p36 3 8 0
p37 5 9 1
p38 6 5 0
p39 7 9 0
p40 10 2 0
p41 1 5 1
p42 1 10 0
p43 10 2 1
p44 4 3 1
p45 9 10 0
p46 2 7 1
p47 3 9 1
p48 3 1 1
p49 1 7 1
p50 2 4 0
p51 8 8 0
p52 3 2 0
p53 9 9 1
p54 4 2 1
p55 5 4 1
p56 2 10 1
p57 5 5 0
p58 0 8 0
p59 5 2 0
p60 1 5 1
p61 0 7 0
p62 6 9 0
p63 6 10 0
p64 10 9 1
p65 9 6 1
p66 0 2 0
p67 2 8 0
p68 1 8 1
p69 3 4 1
p70 1 2 1
p71 6 5 1
p72 10 7 1
p73 9 2 1
p74 5 3 1
p75 9 9 0
p76 9 4 0
p77 5 6 1
p78 1 3 0
p79 8 7 1
p80 5 6 1
p81 7 5 1
p82 8 2 1
p83 10 7 1
p84 2 2 1
p85 10 8 1
p86 5 10 0
p87 9 5 1
p88 9 3 1
p89 2 7 0
p90 1 1 1
p91 9 1 1
p92 2 2 0
p93 5 4 0
p94 6 8 1
p95 9 5 1
p96 5 8 0
p97 10 2 0
p98 9 2 1
p99 9 1 1
p100 2 10 1
p101 2 1 1
p102 1 10 0
p103 0 5 0
p104 4 8 1
p105 7 5 1
p106 4 10 0
p107 7 6 1
p108 4 1 1
p109 1 3 1
p110 0 8 0
p111 0 2 1
p112 3 1 0
p113 8 9 0
p114 7 2 0
p115 7 2 0
p116 5 7 1
p117 2 8 0
p118 0 9 0
p119 3 6 1
p120 6 3 0
p121 6 6 1
p122 6 3 1
p123 4 8 0
p124 7 5 1
p125 7 3 0
p126 5 6 0
p127 2 5 1
p128 8 10 1
p129 10 4 0
p130 4 10 1
p131 5 6 0
p132 2 5 0
p133 8 6 1
p134 9 4 1
p135 10 2 1
p136 7 8 0
p137 9 8 1
p138 5 4 0
p139 4 10 0
p140 0 8 1
p141 3 5 0
p142 9 8 0
p143 3 6 1
p144 9 8 1
p145 5 7 0
p146 7 4 0
p147 9 7 1
p148 10 1 0
p149 8 6 1
p150 9 10 0
p151 4 7 1
p152 10 1 0
p153 0 7 1
p154 10 10 0
p155 9 7 0
p156 8 2 1
p157 7 9 1
p158 1 5 1
p159 3 9 0
p160 6 8 0
p161 9 3 0
p162 8 9 0
p163 3 10 0
p164 2 5 0
p165 1 7 0
p166 10 10 1
p167 1 10 1
p168 3 8 1
p169 1 5 0
p170 7 4 1
p171 9 10 1
p172 10 2 1
p173 8 7 1
p174 2 2 1
p175 5 4 0
p176 9 3 1
p177 9 4 0
p178 1 1 1
p179 4 6 0
p180 6 7 1
p181 5 2 0
p182 2 9 0
p183 8 3 0
p184 1 8 1
p185 2 6 0
p186 6 5 1
p187 9 4 0
p188 9 6 0
p189 7 1 1
p190 5 1 1
p191 5 3 0
p192 7 1 1
p193 9 1 1
p194 9 7 0
p195 2 3 0
p196 9 7 0
p197 4 8 1
p198 0 8 0
p199 0 3 1
p200 5 10 1
p201 9 2 1
p202 10 9 0
p203 6 4 0
p204 5 3 0
p205 9 10 1
p206 0 7 1
p207 5 7 1
p208 4 5 0
p209 3 1 0
p210 10 3 1
p211 7 9 0
p212 0 7 1
p213 10 10 0
p214 0 2 1
p215 2 9 0
p216 8 10 0
p217 0 8 0
p218 6 7 0
p219 7 4 0
p220 4 3 1
p221 4 10 1
p222 10 1 1
p223 6 6 0
p224 1 9 1
p225 3 5 0
p226 0 9 1
p227 1 5 0
p228 10 6 0
p229 3 3 0
p230 2 6 0
p231 4 10 1
p232 3 9 0
p233 0 2 1
p234 10 4 0
p235 6 9 0
p236 5 4 0
p237 7 9 1
p238 8 6 0
p239 10 5 1
p240 3 5 0
p241 1 9 0
p242 8 9 0
p243 3 1 1
p244 5 4 1
p245 4 2 1
p246 0 2 1
p247 2 5 1
p248 7 1 1
p249 10 2 1
p250 8 8 1
p251 1 7 0
p252 3 3 0
p253 5 3 0
p254 0 8 1
p255 1 4 0
p256 0 9 1
p257 3 9 0
p258 4 2 0
p259 10 4 1
p260 2 8 1
p261 3 1 1
p262 6 2 1
p263 3 1 1
p264 6 2 0
p265 0 9 1
p266 4 4 0
p267 6 10 0
p268 8 8 0
p269 5 2 1
p270 4 6 0
p271 10 8 1
p272 0 5 0
p273 4 7 1
p274 1 7 0
p275 8 6 0
p276 4 10 0
p277 0 10 1
p278 2 3 0
p279 10 7 0
p280 6 7 1
p281 7 1 0
p282 0 5 1
p283 1 3 1
p284 3 9 1
p285 7 9 0
p286 10 8 0
p287 4 6 1
p288 1 2 1
p289 4 8 0
p290 1 9 0
p291 3 4 0
p292 10 3 0
p293 8 8 1
p294 0 10 1
p295 10 2 1
p296 8 4 0
p297 4 9 1
p298 7 9 0
p299 10 3 1
p300 10 2 1
p301 9 2 1
p302 5 10 1
p303 10 6 0
p304 4 10 1
p305 10 4 0
p306 1 4 1
p307 2 8 1
p308 1 9 1
p309 9 7 0
p310 3 4 1
p311 0 2 0
p312 4 9 1
p313 7 5 0
p314 10 5 0
p315 3 9 1
p316 2 3 0
p317 6 8 1
p318 10 7 1
p319 0 10 1
p320 2 8 0
p321 6 10 0
p322 0 9 0
p323 8 9 0
p324 2 9 1
p325 4 6 1
p326 2 7 1
p327 4 2 1
p328 1 10 1
p329 2 3 0
p330 3 5 1
p331 2 5 1
p332 6 6 1
p333 2 8 0
p334 6 8 0
p335 4 7 0
p336 2 8 0
p337 6 6 1
p338 2 6 0
p339 5 8 1
p340 9 1 1
p341 4 6 1
p342 0 8 0
p343 3 4 1
p344 6 2 1
p345 8 6 1
p346 0 4 0
p347 6 4 1
p348 9 1 1
p349 6 1 0
p350 9 7 0
p351 8 7 1
p352 7 9 0
p353 8 5 1
p354 2 7 1
p355 6 10 0
p356 9 2 1
p357 3 3 1
p358 9 2 1
p359 10 9 0
p360 6 9 0
p361 0 6 0
p362 2 4 1
p363 6 1 1
p364 7 4 0
p365 8 3 1
p366 10 4 0
p367 6 7 1
p368 1 5 0
p369 8 9 0
p370 7 2 0
p371 7 10 1
p372 10 5 0
p373 6 10 1
p374 5 5 0
p375 7 5 0
p376 5 3 1
p377 0 5 1
p378 8 3 0
p379 4 1 0
p380 5 7 1
p381 9 10 0
p382 9 9 0
p383 5 1 0
p384 4 2 0
p385 6 10 1
p386 5 6 1
p387 0 1 1
p388 5 9 0
p389 4 1 0
p390 8 5 1
p391 1 1 0
p392 3 4 0
p393 3 10 0
p394 9 10 1
p395 6 9 0
p396 10 8 0
p397 7 2 0
p398 5 10 1
p399 4 4 1
p400 3 6 0
p401 4 6 0
p402 7 2 0
p403 9 4 1
p404 3 9 0
p405 4 2 0
p406 9 10 1
p407 10 5 1
p408 9 2 0
p409 2 7 0
p410 2 1 1
p411 6 9 0
p412 8 4 1
p413 5 4 1
p414 5 7 1
p415 8 9 0
p416 0 5 1
p417 4 6 1
p418 2 3 1
p419 4 1 1
p420 6 4 1
p421 3 10 0
p422 7 8 1
p423 6 2 0
p424 3 5 0
p425 9 6 0
p426 8 4 1
p427 6 6 0
p428 0 6 0
p429 3 5 0
p430 10 8 1
p431 9 1 0
p432 7 10 1
p433 1 6 0
p434 7 4 0
p435 8 4 0
p436 6 5 1
p437 10 10 0
p438 10 3 0
p439 2 5 0
p440 8 7 0
p441 9 8 0
p442 8 9 1
p443 6 5 0
p444 0 9 1
p445 10 10 1
p446 8 6 1
p447 1 10 0
p448 8 3 1
p449 4 1 1
p450 6 2 1
p451 10 8 0
p452 6 8 0
p453 10 10 0
p454 5 1 1
p455 6 10 0
p456 0 7 1
p457 4 3 1
p458 1 8 1
p459 1 5 1
p460 5 1 0
p461 1 4 1
p462 9 6 1
p463 1 4 0
p464 0 9 0
p465 0 6 1
p466 7 3 1
p467 4 2 0
p468 1 1 1
p469 10 1 0
p470 6 2 0
p471 9 9 1
p472 4 3 0
p473 2 1 0
p474 3 9 0
p475 0 1 1
p476 1 3 0
p477 3 2 1
p478 2 3 1
p479 10 10 1
p480 6 3 0
p481 9 1 1
p482 6 10 1
p483 9 10 1
p484 10 10 1
p485 10 3 1
p486 7 10 1
p487 10 4 1
p488 10 10 1
p489 10 5 0
p490 5 7 1
p491 3 6 1
p492 2 5 0
p493 1 9 1
p494 10 4 0
p495 9 10 1
p496 7 4 0
p497 0 7 1
p498 3 2 0
p499 6 7 0
p500 9 10 0