500
p1 0 7 1
p1 4 7 0
p2 0 7 1
p3 0 10 1
p4 6 8 0
p5 6 6 0
p6 3 1 0
p7 3 5 0
p8 1 9 0
p9 1 6 1
p10 2 10 1
p11 4 4 1
p12 1 4 0
p13 9 1 1
p14 4 7 0
p15 6 4 1
p16 7 10 1
p17 4 1 1
p18 2 3 1
p19 0 7 0
p20 0 1 0
p21 5 2 1
p22 5 7 0
p23 2 7 0
p24 4 2 0
p25 6 4 0
p26 4 4 1
p27 8 6 1
p28 10 5 1
p29 6 1 1
p30 1 4 1
p31 4 4 0
p32 9 4 0
p33 5 10 0
p34 3 7 0
p35 5 10 1
p36 0 4 0
p37 9 2 1
p38 2 7 0
p39 9 1 0
p40 3 6 1
p41 1 7 0
p42 0 7 0
p43 8 9 1
p44 10 7 0
p45 2 8 1
p46 2 6 1
p47 0 2 0
p48 4 2 0
p49 4 8 0
p50 0 9 0
p51 10 1 0
p52 0 8 1
p53 3 4 1
p54 1 6 0
p55 6 8 1
p56 0 5 0
p57 1 10 1
p58 3 10 1
p59 7 3 0
p60 4 3 0
p61 9 3 0
p62 9 9 0
p63 3 1 1
p64 7 4 0
p65 10 2 1
p66 8 1 1
p67 9 7 0
p68 1 9 1
p69 6 7 1
p70 9 9 0
p71 4 6 0
p72 2 3 0
p73 0 1 0
p74 7 4 1
p75 0 6 0
p76 1 10 0
p77 3 3 0
p78 0 6 0
p79 0 3 0
p80 5 1 1
p81 5 10 0
p82 9 2 0
p83 4 4 0
p84 2 1 1
p85 6 10 0
p86 9 6 0
p87 9 5 0
p88 9 6 1
p89 8 3 0
p90 4 5 0
p91 0 7 1
p92 4 3 1
p93 10 1 0
p94 3 1 1
p95 8 10 0
p96 4 8 0
p97 5 1 0
p98 0 10 0
p99 1 9 0
p100 2 1 0
p101 0 8 0
p102 8 1 0
p103 9 10 0
p104 10 9 0
p105 6 6 1
p106 8 7 1
p107 7 2 1
p108 2 3 0
p109 5 6 0
p110 2 7 1
p111 0 6 0
p112 2 3 1
p113 4 10 0
p114 10 10 1
p115 7 7 0
p116 5 1 0
p117 8 8 1
p118 5 2 1
p119 3 2 1
p120 0 8 1
p121 8 6 1
p122 5 6 1
p123 3 8 0
p124 5 4 0
p125 0 8 0
p126 4 10 0
p127 1 8 0
p128 3 4 1
p129 10 5 1
p130 2 5 0
p131 10 4 0
p132 9 10 1
p133 10 4 1
p134 9 9 0
p135 6 9 0
p136 5 5 1
p137 2 5 0
p138 8 8 1
p139 10 9 0
p140 1 4 0
p141 3 1 0
p142 6 5 1
p143 3 2 0
p144 4 8 1
p145 8 5 1
p146 1 1 0
p147 10 6 0
p148 7 6 0
p149 7 8 0
p150 2 1 1
p151 1 5 0
p152 9 4 0
p153 8 7 0
p154 3 9 1
p155 7 10 1
p156 9 4 0
p157 3 6 1
p158 8 10 0
p159 8 3 0
p160 0 1 0
p161 9 9 0
p162 7 1 0
p163 5 2 0
p164 10 3 1
p165 9 4 0
p166 9 6 1
p167 1 6 0
p168 8 6 1
p169 5 7 0
p170 3 7 0
p171 10 1 0
p172 6 3 0
p173 10 4 1
p174 1 10 1
p175 2 8 0
p176 0 3 1
p177 5 8 0
p178 7 6 0
p179 9 8 0
p180 7 1 0
p181 5 4 1
p182 9 3 1
p183 8 3 0
p184 6 1 0
p185 9 4 1
p186 8 5 1
p187 3 5 0
p188 6 4 1
p189 5 1 0
p190 6 7 0
p191 1 6 1
p192 7 4 0
p193 9 1 0
p194 1 2 0
p195 3 5 1
p196 3 9 1
p197 10 8 1
p198 10 5 1
p199 0 1 1
p200 9 8 1
p201 3 8 0
p202 1 9 0
p203 2 8 0
p204 3 7 1
p205 5 6 0
p206 8 10 0
p207 3 5 1
p208 1 8 1
p209 10 4 1
p210 5 2 1
p211 2 3 0
p212 8 10 1
p213 5 6 0
p214 2 7 0
p215 7 3 1
p216 2 7 0
p217 8 1 0
p218 4 5 1
p219 4 4 0
p220 3 4 1
p221 9 6 0
p222 8 6 1
p223 6 8 0
p224 0 2 0
p225 2 1 1
p226 2 1 1
p227 1 10 1
p228 7 9 0
p229 6 1 1
p230 0 8 1
p231 7 1 0
p232 7 6 1
p233 1 2 0
p234 1 2 1
p235 0 8 1
p236 1 9 1
p237 3 2 1
p238 10 7 1
p239 7 1 1
p240 6 5 0
p241 2 2 0
p242 6 8 1
p243 2 8 0
p244 6 9 1
p245 7 1 0
p246 4 3 0
p247 5 7 1
p248 9 10 1
p249 9 9 1
p250 9 1 1
p251 0 7 1
p252 10 4 0
p253 5 3 1
p254 9 5 0
p255 0 7 0
p256 4 8 0
p257 10 8 0
p258 2 8 1
p259 2 8 1
p260 1 6 0
p261 10 4 0
p262 2 2 1
p263 7 6 1
p264 0 9 0
p265 9 1 0
p266 6 1 1
p267 4 4 0
p268 5 9 1
p269 6 7 1
p270 3 2 0
p271 2 9 1
p272 3 1 0
p273 2 5 0
p274 0 9 0
p275 5 2 0
p276 0 4 0
p277 9 2 0
p278 5 10 0
p279 5 8 0
p280 9 8 1
p281 2 7 0
p282 4 3 0
p283 4 4 1
p284 2 8 1
p285 6 3 0
p286 7 5 1
p287 7 7 0
p288 4 1 0
p289 9 8 1
p290 4 9 0
p291 9 5 1
p292 9 7 1
p293 6 1 0
p294 4 9 1
p295 5 9 1
p296 4 9 0
p297 8 3 0
p298 8 6 0
p299 6 4 1
p300 10 7 1
p301 10 9 0
p302 5 7 0
p303 1 5 0
p304 9 9 0
p305 7 5 0
p306 2 6 0
p307 0 9 0
p308 4 2 1
p309 4 9 1
p310 7 9 1
p311 9 10 1
p312 2 8 1
p313 0 9 1
p314 5 2 1
p315 8 7 0
p316 0 7 1
p317 10 7 1
p318 1 5 0
p319 10 1 0
p320 10 10 1
p321 8 7 0
p322 9 2 0
p323 0 3 0
p324 7 2 0
p325 3 9 0
p326 10 2 0
p327 1 9 0
p328 6 7 0
p329 7 6 0
p330 1 6 1
p331 6 9 0
p332 8 9 1
p333 4 2 0
p334 4 4 1
p335 5 4 0
p336 2 6 1
p337 6 8 0
p338 6 9 0
p339 6 10 1
p340 6 2 0
p341 2 5 0
p342 6 9 0
p343 3 2 1
p344 7 4 0
p345 10 8 0
p346 8 10 1
p347 1 8 0
p348 7 8 0
p349 4 8 0
p350 4 6 1
p351 4 6 0
p352 8 3 0
p353 5 2 1
p354 4 3 1
p355 8 2 0
p356 10 8 0
p357 7 6 1
p358 1 4 1
p359 7 8 0
p360 7 5 0
p361 2 2 1
p362 8 9 1
p363 9 2 1
p364 3 4 1
p365 9 3 0
p366 1 9 0
p367 0 9 1
p368 1 2 1
p369 9 9 0
p370 6 8 1
p371 6 4 0
p372 4 9 1
p373 5 3 0
p374 7 9 0
p375 6 2 0
p376 5 10 0
p377 9 1 1
p378 8 6 0
p379 6 4 0
p380 9 1 1
p381 7 3 0
p382 2 9 0
p383 5 2 1
p384 6 4 1
p385 8 7 1
p386 7 5 0
p387 4 7 0
p388 3 1 0
p389 5 9 1
p390 4 8 1
p391 9 6 0
p392 8 7 0
p393 10 8 1
p394 4 2 0
p395 9 4 0
p396 4 6 1
p397 7 9 1
p398 9 10 1
p399 10 2 0
p400 8 7 1
p401 6 2 1
p402 10 9 1
p403 4 8 0
p404 2 5 0
p405 9 7 1
p406 8 8 1
p407 5 5 1
p408 7 10 0
p409 0 4 1
p410 0 5 0
p411 5 7 1
p412 8 2 1
p413 4 8 0
p414 4 10 0
p415 4 5 0
p416 10 5 1
p417 6 4 1
p418 5 1 1
p419 0 7 0
p420 6 3 0
p421 3 2 0
p422 0 9 1
p423 5 4 1
p424 7 2 0
p425 5 6 0
p426 1 8 1
p427 6 2 0
p428 5 4 0
p429 8 8 0
p430 2 9 0
p431 6 3 0
p432 0 1 0
p433 7 5 1
p434 10 7 1
p435 8 7 0
p436 1 10 1
p437 9 3 1
p438 2 9 0
p439 8 10 1
p440 7 9 1
p441 8 2 1
p442 5 5 0
p443 6 2 0
p444 3 10 0
p445 10 8 0
p446 9 3 0
p447 10 8 0
p448 5 2 0
p449 9 5 1
p450 4 2 1
p451 1 9 0
p452 5 9 0
p453 6 6 0
p454 8 1 1
p455 5 5 1
p456 2 2 1
p457 8 2 0
p458 7 5 0
p459 4 8 0
p460 5 8 1
p461 1 3 1
p462 9 6 1
p463 4 9 1
p464 1 6 1
p465 1 5 0
p466 9 5 1
p467 6 4 0
p468 2 4 0
p469 5 5 1
p470 0 6 0
p471 9 7 0
p472 10 3 0
p473 3 5 0
p474 0 1 0
p475 2 4 0
p476 9 9 0
p477 8 2 0
p478 5 6 1
p479 7 2 1
p480 10 4 0
p481 7 5 1
p482 7 4 1
p483 5 10 1
p484 5 7 1
p485 3 1 0
p486 8 4 0
p487 8 9 0
p488 9 7 1
p489 9 4 1
p490 9 7 0
p491 4 3 1
p492 8 8 0
p493 4 9 1
p494 9 5 1
p495 0 2 1
p496 8 8 0
p497 10 9 1
p498 3 7 1
p499 7 7 0
p500 2 2 0