500
p1 0 5 0
p1 4 8 0
p2 4 5 0
p3 7 9 0
p4 1 4 1
p5 4 8 1
p6 2 10 0
p7 10 10 0
p8 1 6 0
p9 2 4 1
p10 8 2 1
p11 6 1 1
p12 5 9 1
p13 6 5 1
p14 5 4 1
p15 7 7 0
p16 3 7 0
p17 2 8 1
p18 7 2 0
p19 3 2 1
p20 8 8 1
p21 1 8 1
p22 5 9 1
p23 0 10 1
p24 3 5 0
p25 6 3 0
p26 8 1 1
p27 0 1 0
p28 10 9 1
p29 9 6 0
p30 0 8 1
p31 3 6 0
p32 0 2 1
p33 6 6 0
p34 6 8 1
p35 8 10 1
p36 8 3 1
p37 3 8 1
p38 6 4 0
p39 7 6 1
p40 4 8 1
p41 7 4 0
p42 7 4 1
p43 1 8 1
p44 2 10 0
p45 5 3 1
p46 9 9 0
p47 1 4 1
p48 1 7 1
p49 5 1 0
p50 3 5 1
p51 4 10 1
p52 6 4 0
p53 7 8 1
p54 2 1 0
p55 7 9 1
p56 3 5 1
p57 1 8 1
p58 4 8 1
p59 5 9 0
p60 0 3 0
p61 6 2 0
p62 8 9 1
p63 6 7 0
p64 3 3 1
p65 4 6 1
p66 8 5 1
p67 8 4 0
p68 8 1 0
p69 10 10 0
p70 4 6 0
p71 10 8 1
p72 3 10 1
p73 0 9 1
p74 0 9 1
p75 10 3 1
p76 9 1 1
p77 3 4 1
p78 10 8 1
p79 2 9 0
p80 9 1 0
p81 10 9 1
p82 9 3 0
p83 10 8 0
p84 9 1 0
p85 8 4 1
p86 0 6 1
p87 1 9 0
p88 9 3 1
p89 6 5 1
p90 0 5 1
p91 6 7 1
p92 0 4 1
p93 10 2 0
p94 0 2 1
p95 0 3 0
p96 9 7 1
p97 9 6 1
p98 8 5 0
p99 1 8 0
p100 1 10 1
p101 5 2 1
p102 7 7 1
p103 2 9 0
p104 3 7 1
p105 9 9 1
p106 7 1 1
p107 6 9 1
p108 7 2 1
p109 10 7 0
p110 6 6 0
p111 1 9 1
p112 7 5 0
p113 8 6 0
p114 5 8 0
p115 4 5 0
p116 2 10 0
p117 6 8 1
p118 8 8 0
p119 6 3 0
p120 1 9 0
p121 9 2 0
p122 8 1 0
p123 10 6 1
p124 3 2 1
p125 9 2 1
p126 5 5 1
p127 10 3 0
p128 0 9 1
p129 5 9 0
p130 7 2 0
p131 0 7 0
p132 5 10 0
p133 5 6 1
p134 9 5 1
p135 10 3 0
p136 6 4 0
p137 10 4 0
p138 6 4 0
p139 1 1 1
p140 6 6 0
p141 3 3 1
p142 5 6 0
p143 8 3 1
p144 6 7 1
p145 7 1 0
p146 3 10 1
p147 5 2 0
p148 6 8 0
p149 9 4 0
p150 4 4 1
p151 1 9 1
p152 1 3 0
p153 6 6 0
p154 7 4 0
p155 6 1 0
p156 1 10 1
p157 6 5 0
p158 10 8 0
p159 2 8 1
p160 9 5 1
p161 3 9 1
p162 6 9 1
p163 10 6 0
p164 0 6 1
p165 2 5 1
p166 7 5 0
p167 10 2 0
p168 6 1 0
p169 3 7 1
p170 0 6 0
p171 4 1 0
p172 6 10 0
p173 0 2 1
p174 3 3 0
p175 10 9 1
p176 6 6 1
p177 3 4 0
p178 6 8 0
p179 9 3 0
p180 8 7 0
p181 8 10 0
p182 10 6 1
p183 1 5 0
p184 8 3 1
p185 9 7 1
p186 5 4 0
p187 0 7 1
p188 7 7 1
p189 7 5 1
p190 9 7 1
p191 10 8 0
p192 1 8 1
p193 10 8 1
p194 3 3 0
p195 8 9 0
p196 9 10 1
p197 0 4 1
p198 2 2 0
p199 10 7 0
p200 1 4 0
p201 1 9 0
p202 8 6 1
p203 8 6 0
p204 9 7 0
p205 4 9 1
p206 0 5 0
p207 3 5 0
p208 5 8 1
p209 2 7 1
p210 1 2 0
p211 7 3 0
p212 10 7 1
p213 9 5 1
p214 1 8 1
p215 6 3 0
p216 6 6 0
p217 10 2 0
p218 2 5 1
p219 0 7 1
p220 10 9 1
p221 10 7 1
p222 2 2 1
p223 6 1 1
p224 3 3 0
p225 7 9 0
p226 5 8 1
p227 4 9 0
p228 4 1 1
p229 8 2 1
p230 1 2 1
p231 6 9 1
p232 2 7 0
p233 7 10 1
p234 6 4 1
p235 8 7 1
p236 2 9 0
p237 10 2 0
p238 9 4 0
p239 8 1 1
p240 7 1 1
p241 3 7 1
p242 4 7 1
p243 8 3 0
p244 4 1 1
p245 2 5 0
p246 4 3 0
p247 7 1 1
p248 0 10 0
p249 0 5 0
p250 2 6 1
p251 2 9 1
p252 8 2 1
p253 2 10 0
p254 8 4 0
p255 9 6 0
p256 7 2 0
p257 10 3 1
p258 7 8 0
p259 4 7 0
p260 9 6 1
p261 10 2 0
p262 2 10 1
p263 8 5 0
p264 1 8 0
p265 1 1 1
p266 10 4 0
p267 10 5 0
p268 8 6 1
p269 4 9 0
p270 7 8 1
p271 8 3 1
p272 1 2 0
p273 10 3 0
p274 0 8 1
p275 6 9 0
p276 8 10 1
p277 9 6 0
p278 6 10 1
p279 8 9 1
p280 5 8 0
p281 6 6 0
p282 5 1 0
p283 4 3 0
p284 7 5 0
p285 10 2 0
p286 8 7 0
p287 10 3 1
p288 3 4 0
p289 1 10 0
p290 10 6 1
p291 5 7 1
p292 4 10 1
p293 9 4 1
p294 6 3 1
p295 4 5 0
p296 4 3 1
p297 6 2 1
p298 7 6 0
p299 5 8 1
p300 3 2 0
p301 8 10 1
p302 3 10 0
p303 1 5 1
p304 10 6 1
p305 6 1 1
p306 8 10 1
p307 10 4 1
p308 8 8 0
p309 1 5 1
p310 2 9 0
p311 5 2 1
p312 6 8 1
p313 7 1 1
p314 3 3 0
p315 8 8 0
p316 1 10 1
p317 1 7 0
p318 6 10 0
p319 7 5 0
p320 3 1 0
p321 4 4 1
p322 4 4 0
p323 5 8 0
p324 5 2 0
p325 8 7 0
p326 5 9 1
p327 3 3 0
p328 5 2 1
p329 9 9 1
p330 7 4 1
p331 5 7 1
p332 7 9 0
p333 3 3 0
p334 5 1 1
p335 10 2 1
p336 2 2 1
p337 2 6 0
p338 4 7 1
p339 8 3 0
p340 9 10 1
p341 0 8 1
p342 7 5 1
p343 3 4 1
p344 3 6 0
p345 0 3 1
p346 2 1 0
p347 8 3 0
p348 9 7 0
p349 0 4 0
p350 5 10 0
p351 6 4 1
p352 7 2 1
p353 10 1 0
p354 0 6 0
p355 5 2 0
p356 8 1 0
p357 5 6 1
p358 9 10 1
p359 10 8 1
p360 9 6 0
p361 8 9 1
p362 4 3 1
p363 9 1 1
p364 6 2 1
p365 8 1 0
p366 3 7 1
p367 5 5 0
p368 4 10 1
p369 0 6 1
p370 4 9 0
p371 10 6 1
p372 6 4 1
p373 3 3 1
p374 0 3 0
p375 10 2 0
p376 2 6 0
p377 6 10 1
p378 1 1 0
p379 6 5 1
p380 9 1 0
p381 4 7 1
p382 7 6 1
p383 5 3 1
p384 3 1 1
p385 3 4 1
p386 8 5 0
p387 6 6 1
p388 8 2 1
p389 0 8 1
p390 7 7 1
p391 0 7 1
p392 0 7 1
p393 8 3 1
p394 0 5 1
p395 4 3 0
p396 5 9 0
p397 7 2 1
p398 4 6 1
p399 7 10 0
p400 7 2 1
p401 6 7 1
p402 10 6 1
p403 7 2 0
p404 7 8 0
p405 3 7 0
p406 1 1 0
p407 4 7 0
p408 4 6 1
p409 6 8 1
p410 1 5 0
p411 10 4 0
p412 5 1 0
p413 2 10 1
p414 5 7 0
p415 4 10 0
p416 6 8 0
p417 5 10 0
p418 4 5 1
p419 0 8 0
p420 5 3 1
p421 2 9 0
p422 1 4 0
p423 10 4 0
p424 4 3 0
p425 3 9 1
p426 9 10 0
p427 5 9 1
p428 9 8 0
p429 1 10 1
p430 6 8 1
p431 2 3 1
p432 2 1 0
p433 4 3 1
p434 2 9 1
p435 5 5 0
p436 2 1 1
p437 8 6 1
p438 1 10 0
p439 1 7 1
p440 9 4 0
p441 4 9 1
p442 0 6 1
p443 7 5 0
p444 5 1 0
p445 10 6 0
p446 3 3 0
p447 0 1 0
p448 4 8 1
p449 8 1 1
p450 10 7 0
p451 8 8 0
p452 10 4 1
p453 6 8 0
p454 5 1 0
p455 2 2 1
p456 5 5 0
p457 4 5 0
p458 3 8 1
p459 8 3 1
p460 9 2 1
p461 1 3 0
p462 1 9 1
p463 3 2 0
p464 6 6 0
p465 8 7 0
p466 4 7 0
p467 4 1 1
p468 2 9 0
p469 5 8 1
p470 6 6 0
p471 5 6 0
p472 6 7 0
p473 5 4 1
p474 9 4 0
p475 1 7 1
p476 10 1 1
p477 8 9 1
p478 1 3 1
p479 4 2 0
p480 4 6 1
p481 2 5 0
p482 2 4 1
p483 1 6 0
p484 6 10 1
p485 10 8 1
p486 4 1 1
p487 4 6 1
p488 3 8 1
p489 0 6 0
p490 5 4 1
p491 3 5 1
p492 9 1 0
p493 8 4 1
p494 2 3 0
p495 1 5 0
p496 9 7 0
p497 10 9 1
p498 4 5 0
p499 4 1 1
p500 4 10 0