500
p1 0 3 1
p1 6 2 1
p2 4 10 0
p3 3 3 1
p4 0 2 1
p5 0 6 1
p6 6 9 1
p7 0 6 1
p8 8 6 1
p9 1 2 0
p10 10 3 0
p11 4 5 0
p12 3 2 1
p13 0 2 0
p14 0 1 1
p15 5 2 0
p16 8 9 0
p17 8 8 0
p18 5 8 1
p19 6 6 0
p20 4 8 1
p21 4 5 1
p22 5 9 0
p23 9 8 1
p24 5 6 1
p25 3 9 0
p26 1 2 1
p27 9 10 0
p28 8 10 1
p29 10 7 1
p30 3 6 0
p31 7 3 1
p32 9 9 1
p33 9 6 0
p34 1 9 1
p35 5 7 0
p36 10 9 1
p37 9 5 1
p38 4 2 0
p39 2 3 0
p40 1 5 1
p41 2 8 1
p42 6 10 1
p43 3 2 0
p44 5 6 0
p45 10 1 0
p46 9 8 0
p47 1 1 1
p48 2 3 0
p49 6 3 0
p50 8 10 1
p51 10 2 0
p52 6 2 0
p53 0 10 1
p54 1 5 0
p55 10 1 0
p56 3 7 0
p57 6 4 0
p58 10 7 0
p59 8 1 1
p60 2 6 0
p61 1 7 1
p62 3 8 1
p63 5 9 0
p64 1 4 0
p65 2 1 0
p66 4 9 0
p67 3 6 0
p68 9 9 0
p69 0 9 0
p70 3 9 1
p71 6 6 0
p72 10 9 1
p73 8 5 1
p74 7 10 0
p75 5 5 1
p76 3 5 1
p77 8 5 0
p78 8 9 1
p79 9 8 1
p80 3 5 1
p81 8 3 0
p82 3 5 0
p83 7 9 0
p84 4 8 1
p85 8 6 0
p86 6 2 0
p87 8 2 1
p88 4 3 1
p89 6 1 0
p90 7 6 1
p91 3 9 1
p92 8 5 1
p93 5 1 0
p94 6 1 1
p95 1 3 0
p96 1 2 1
p97 3 4 1
p98 3 7 1
p99 3 9 1
p100 10 10 1
p101 10 8 1
p102 3 2 1
p103 1 1 0
p104 2 10 0
p105 9 8 0
p106 5 3 1
p107 2 8 0
p108 8 4 1
p109 9 5 1
p110 2 1 1
p111 9 8 0
p112 4 9 0
p113 1 3 0
p114 6 5 1
p115 1 8 0
p116 3 6 0
p117 7 4 1
p118 9 8 0
p119 1 4 1
p120 0 3 1
p121 10 1 1
p122 3 8 1
p123 4 8 1
p124 10 5 1
p125 3 5 0
p126 4 8 0
p127 5 1 1
p128 5 1 0
p129 9 2 1
p130 4 7 1
p131 2 4 1
p132 1 10 0
p133 2 4 0
p134 6 2 0
p135 2 5 0
p136 9 1 1
p137 0 3 0
p138 7 6 0
p139 7 8 0
p140 9 3 0
p141 0 10 1
p142 2 7 1
p143 4 8 0
p144 7 1 0
p145 4 2 0
p146 6 3 0
p147 2 8 0
p148 1 10 0
p149 8 10 1
p150 1 2 0
p151 3 8 1
p152 0 1 1
p153 5 4 0
p154 0 8 1
p155 5 5 0
p156 10 5 0
p157 10 3 1
p158 8 2 0
p159 0 2 1
p160 2 10 1
p161 4 8 0
p162 0 2 0
p163 0 2 1
p164 8 3 0
p165 3 8 1
p166 1 2 1
p167 7 4 1
p168 1 8 1
p169 6 3 0
p170 9 5 0
p171 5 7 1
p172 5 2 0
p173 0 4 0
p174 6 3 0
p175 7 1 0
p176 7 1 1
p177 1 3 0
p178 10 6 1
p179 4 9 1
p180 0 6 1
p181 7 5 1
p182 10 9 0
p183 9 8 0
p184 6 3 0
p185 3 3 1
p186 2 5 1
p187 4 3 0
p188 2 1 1
p189 9 9 0
p190 0 2 1
p191 8 9 1
p192 4 8 1
p193 8 1 1
p194 1 8 1
p195 7 3 1
p196 1 7 0
p197 2 9 0
p198 7 4 0
p199 2 2 1
p200 7 1 0
p201 5 2 1
p202 4 9 0
p203 6 2 0
p204 2 5 1
p205 9 6 1
p206 9 3 1
p207 9 1 0
p208 10 9 1
p209 6 8 0
p210 3 4 0
p211 10 6 0
p212 9 6 0
p213 2 6 1
p214 7 2 1
p215 6 8 0
p216 6 8 0
p217 5 9 0
p218 8 1 0
p219 7 10 0
p220 7 9 1
p221 8 5 0
p222 8 4 0
p223 9 7 1
p224 6 2 0
p225 0 6 0
p226 10 2 1
p227 3 1 1
p228 1 8 0
p229 9 10 1
p230 9 6 1
p231 6 2 0
p232 8 7 1
p233 1 1 0
p234 9 7 1
p235 10 7 1
p236 1 10 0
p237 2 10 0
p238 10 6 1
p239 3 6 0
p240 8 1 1
p241 4 4 0
p242 0 2 0
p243 7 10 1
p244 0 3 1
p245 8 5 1
p246 5 2 1
p247 6 5 0
p248 5 1 1
p249 8 3 0
p250 0 2 0
p251 10 4 0
p252 10 1 1
p253 7 3 1
p254 1 7 1
p255 5 8 1
p256 9 9 1
p257 0 3 1
p258 2 4 1
p259 7 5 1
p260 7 9 0
p261 8 1 1
p262 9 2 1
p263 9 4 1
p264 8 4 1
p265 4 2 1
p266 4 3 1
p267 0 3 1
p268 1 9 0
p269 8 8 1
p270 0 5 1
p271 7 3 1
p272 10 7 1
p273 8 9 0
p274 8 7 1
p275 6 1 0
p276 1 5 0
p277 9 9 0
p278 0 9 0
p279 4 7 1
p280 3 5 0
p281 1 6 0
p282 5 3 1
p283 2 8 1
p284 0 4 1
p285 9 7 0
p286 1 4 0
p287 3 5 0
p288 4 4 0
p289 6 6 1
p290 3 4 1
p291 3 2 0
p292 1 9 1
p293 3 7 0
p294 9 1 1
p295 0 6 1
p296 3 10 0
p297 8 1 1
p298 4 8 0
p299 1 3 1
p300 10 2 1
p301 6 1 0
p302 5 5 0
p303 9 7 0
p304 2 9 0
p305 3 6 1
p306 4 3 1
p307 7 4 1
p308 10 7 0
p309 2 3 0
p310 4 8 0
p311 1 10 0
p312 1 3 0
p313 9 10 1
p314 3 4 1
p315 7 2 0
p316 7 8 0
p317 1 1 1
p318 4 8 1
p319 7 2 0
p320 3 8 1
p321 9 2 1
p322 4 7 1
p323 10 7 0
p324 10 4 1
p325 9 8 1
p326 7 2 0
p327 7 9 0
p328 4 1 0
p329 1 5 1
p330 9 4 0
p331 3 10 0
p332 10 7 0
p333 4 9 0
p334 4 3 1
p335 0 7 1
p336 6 8 0
p337 4 10 1
p338 9 6 1
p339 9 10 0
p340 6 8 1
p341 1 8 0
p342 6 10 1
p343 2 6 1
p344 4 8 1
p345 5 1 1
p346 5 6 1
p347 7 3 0
p348 0 10 1
p349 10 10 1
p350 10 3 0
p351 1 10 1
p352 4 2 1
p353 2 5 0
p354 4 7 1
p355 9 5 1
p356 4 5 0
p357 6 8 0
p358 1 6 0
p359 4 2 1
p360 4 7 1
p361 10 6 0
p362 9 1 1
p363 2 9 0
p364 2 10 0
p365 2 8 0
p366 3 8 1
p367 10 3 0
p368 3 10 0
p369 3 9 1
p370 7 6 1
p371 10 4 0
p372 2 8 0
p373 2 10 0
p374 7 7 1
p375 1 4 1
p376 0 5 0
p377 8 7 1
p378 8 1 0
p379 1 7 0
p380 8 6 0
p381 3 10 1
p382 10 2 0
p383 0 2 0
p384 6 4 0
p385 1 7 1
p386 4 6 0
p387 6 8 0
p388 1 8 0
p389 3 9 0
p390 2 8 1
p391 2 3 0
p392 0 3 1
p393 6 7 1
p394 9 3 0
p395 9 5 0
p396 0 2 1
p397 6 10 0
p398 10 4 0
p399 6 7 0
p400 6 3 1
p401 4 2 0
p402 8 9 0
p403 9 9 0
p404 8 6 0
p405 10 6 1
p406 6 3 0
p407 7 4 1
p408 6 5 1
p409 4 10 1
p410 9 1 1
p411 8 7 1
p412 3 5 1
p413 1 10 1
p414 2 1 1
p415 10 6 0
p416 7 7 0
p417 4 6 1
p418 8 8 1
p419 7 3 0
p420 8 9 0
p421 6 4 0
p422 7 3 0
p423 9 8 1
p424 4 5 1
p425 3 6 0
p426 2 1 1
p427 5 8 0
p428 10 10 1
p429 9 2 0
p430 4 9 0
p431 3 9 1
p432 6 1 1
p433 10 6 0
p434 5 2 0
p435 3 4 1
p436 7 9 1
p437 9 1 0
p438 5 1 0
p439 1 9 1
p440 0 10 1
p441 1 10 1
p442 10 1 1
p443 8 3 0
p444 5 4 0
p445 10 6 1
p446 2 5 1
p447 8 9 1
p448 10 2 0
p449 5 6 0
p450 9 10 1
p451 10 6 0
p452 0 5 1
p453 9 1 1
p454 2 3 0
p455 0 3 1
p456 9 10 0
p457 7 3 0
p458 1 1 1
p459 7 2 0
p460 4 1 1
p461 5 6 0
p462 6 5 0
p463 6 2 0
p464 9 7 0
p465 5 6 0
p466 8 2 0
p467 0 7 0
p468 1 8 0
p469 4 3 0
p470 8 8 0
p471 0 3 1
p472 7 8 0
p473 0 4 1
p474 0 7 1
p475 1 8 0
p476 9 6 1
p477 7 5 1
p478 10 4 1
p479 10 6 1
p480 0 5 1
p481 8 4 1
p482 0 7 0
p483 1 8 1
p484 7 8 1
p485 7 1 0
p486 1 8 1
p487 9 1 1
p488 6 10 0
p489 1 8 0
p490 1 8 0
p491 7 2 1
p492 4 6 1
p493 7 7 1
p494 9 4 0
p495 8 7 0
p496 7 3 1
p497 4 1 1
p498 9 3 1
p499 1 4 0
p500 5 1 0