500
p1 0 10 0
p1 2 7 0
p2 9 5 1
p3 8 6 1
p4 0 7 0
p5 7 4 0
p6 7 9 0
p7 10 5 0
p8 10 4 0
p9 2 9 1
p10 7 7 0
p11 5 1 0
p12 8 9 0
p13 1 9 1
p14 7 3 1
p15 2 5 0
p16 7 4 0
p17 6 2 1
p18 8 9 0
p19 0 3 1
p20 0 4 1
p21 10 1 1
p22 2 6 1
p23 5 9 0
p24 7 3 0
p25 3 5 0
p26 8 3 1
p27 2 5 1
p28 5 10 1
p29 1 4 1
p30 3 6 0
p31 10 3 0
p32 9 4 1
p33 9 5 1
p34 7 2 1
p35 1 1 1
p36 10 8 1
p37 5 9 0
p38 0 2 1
p39 3 1 0
p40 5 5 0
p41 0 10 0
p42 4 1 1
p43 4 8 1
p44 0 4 1
p45 10 9 1
p46 1 6 0
p47 0 8 0
p48 3 2 1
p49 4 2 1
p50 5 6 1
p51 1 5 1
p52 6 1 1
p53 9 10 0
p54 5 10 0
p55 7 8 0
p56 8 4 1
p57 5 7 0
p58 9 8 1
p59 5 10 1
p60 3 8 0
p61 8 9 0
p62 5 5 0
p63 3 3 1
p64 2 8 1
p65 8 2 0
p66 6 5 1
p67 8 8 1
p68 8 9 0
p69 4 10 1
p70 9 3 1
p71 5 1 1
p72 5 8 1
p73 0 2 1
p74 5 3 0
p75 7 6 1
p76 9 9 1
p77 7 9 0
p78 1 6 1
p79 7 10 0
p80 5 5 0
p81 8 6 0
p82 9 7 1
p83 3 3 1
p84 10 1 1
p85 9 1 1
p86 9 4 1
p87 3 3 0
p88 7 3 1
p89 9 3 0
p90 8 3 0
p91 4 10 1
p92 8 4 1
p93 7 2 0
p94 3 5 0
p95 7 2 0
p96 4 3 0
p97 0 8 0
p98 2 3 0
p99 8 5 0
p100 7 5 1
p101 10 6 0
p102 5 4 0
p103 1 1 1
p104 6 3 1
p105 3 10 0
p106 9 5 1
p107 10 5 0
p108 1 9 0
p109 5 4 0
p110 3 1 0
p111 1 4 0
p112 5 10 1
p113 3 3 1
p114 6 1 1
p115 2 4 0
p116 0 4 0
p117 4 2 0
p118 6 4 0
p119 2 8 1
p120 10 3 1
p121 6 6 0
p122 2 4 1
p123 7 6 0
p124 6 7 0
p125 0 1 1
p126 3 10 1
p127 1 7 0
p128 1 3 0
p129 5 8 1
p130 10 6 1
p131 10 4 1
p132 4 6 0
p133 8 9 0
p134 9 9 0
p135 3 2 1
p136 2 9 0
p137 5 3 0
p138 0 10 0
p139 7 9 0
p140 7 5 1
p141 5 9 0
p142 8 8 1
p143 3 6 1
p144 1 2 1
p145 8 6 0
p146 3 3 0
p147 7 6 1
p148 2 7 0
p149 3 2 0
p150 0 6 0
p151 2 6 1
p152 4 7 0
p153 8 5 1
p154 6 2 0
p155 4 2 1
p156 2 3 1
p157 10 8 0
p158 1 6 0
p159 5 8 1
p160 3 10 1
p161 10 1 0
p162 9 6 1
p163 3 6 1
p164 2 5 0
p165 0 9 0
p166 9 1 0
p167 9 1 0
p168 5 3 1
p169 6 4 0
p170 10 6 1
p171 10 4 1
p172 0 5 0
p173 0 10 1
p174 9 6 1
p175 7 2 1
p176 1 7 1
p177 3 3 1
p178 1 10 1
p179 4 2 1
p180 2 1 0
p181 8 5 1
p182 0 9 1
p183 4 3 0
p184 4 9 1
p185 6 10 0
p186 3 9 0
p187 6 1 0
p188 4 4 0
p189 6 5 1
p190 6 9 1
p191 9 1 1
p192 1 7 1
p193 0 6 1
p194 9 3 0
p195 8 4 1
p196 6 7 0
p197 3 2 0
p198 7 4 1
p199 2 5 1
p200 0 10 0
p201 6 4 0
p202 2 4 0
p203 3 10 1
p204 7 9 0
p205 0 10 1
p206 9 2 1
p207 5 5 0
p208 0 7 1
p209 5 7 0
p210 1 6 1
p211 3 6 0
p212 4 3 1
p213 7 4 1
p214 2 6 1
p215 8 4 0
p216 7 1 1
p217 3 9 0
p218 10 6 0
p219 10 7 1
p220 8 8 0
p221 9 8 0
p222 0 9 0
p223 6 4 1
p224 4 4 0
p225 2 9 1
p226 4 4 0
p227 0 9 0
p228 8 3 1
p229 6 2 0
p230 4 1 1
p231 2 3 0
p232 3 9 0
p233 9 5 1
p234 3 2 1
p235 8 6 1
p236 6 9 0
p237 3 3 1
p238 5 3 1
p239 8 9 0
p240 7 7 0
p241 5 7 0
p242 2 3 0
p243 1 9 1
p244 7 1 0
p245 3 2 0
p246 5 8 0
p247 9 8 0
p248 6 4 0
p249 10 1 0
p250 5 7 0
p251 8 9 0
p252 10 10 0
p253 8 6 1
p254 7 1 1
p255 0 1 0
p256 10 2 1
p257 6 3 0
p258 10 2 1
p259 8 1 0
p260 3 3 0
p261 0 8 0
p262 1 2 0
p263 5 10 1
p264 3 3 1
p265 7 8 1
p266 0 6 0
p267 1 1 0
p268 0 1 1
p269 0 2 0
p270 8 10 0
p271 8 7 1
p272 7 2 0
p273 4 5 1
p274 0 8 1
p275 2 10 1
p276 9 4 0
p277 6 8 0
p278 10 1 0
p279 4 3 0
p280 9 9 1
p281 8 3 1
p282 8 7 0
p283 7 10 1
p284 2 7 0
p285 7 2 1
p286 2 1 0
p287 8 1 0
p288 8 1 0
p289 9 8 0
p290 1 4 0
p291 7 7 0
p292 2 2 0
p293 0 8 1
p294 3 3 0
p295 6 5 1
p296 5 1 1
p297 7 6 1
p298 7 6 1
p299 1 9 1
p300 0 7 0
p301 1 3 0
p302 10 3 0
p303 2 5 1
p304 2 10 1
p305 10 1 1
p306 4 1 1
p307 7 5 1
p308 0 2 0
p309 6 10 0
p310 0 9 1
p311 7 3 1
p312 9 6 1
p313 2 7 1
p314 4 1 0
p315 6 2 0
p316 1 9 0
p317 1 2 1
p318 7 3 0
p319 1 3 1
p320 4 10 1
p321 6 9 0
p322 3 6 1
p323 3 6 1
p324 10 2 1
p325 10 10 0
p326 2 7 1
p327 7 1 0
p328 1 3 0
p329 0 5 0
p330 4 9 1
p331 1 1 1
p332 1 6 1
p333 5 4 0
p334 0 4 1
p335 0 3 0
p336 3 4 0
p337 0 7 1
p338 0 6 1
p339 2 4 1
p340 10 10 1
p341 9 6 1
p342 10 1 0
p343 8 6 0
p344 2 5 1
p345 9 10 1
p346 2 6 0
p347 0 8 1
p348 6 1 0
p349 5 7 1
p350 7 1 1
p351 6 2 0
p352 7 3 0
p353 9 5 1
p354 7 9 0
p355 7 3 1
p356 10 1 0
p357 5 9 0
p358 10 9 0
p359 2 3 0
p360 4 9 0
p361 6 4 0
p362 10 10 0
p363 4 5 1
p364 6 2 1
p365 0 5 1
p366 10 1 1
p367 4 9 0
p368 7 1 0
p369 4 10 0
p370 1 1 0
p371 0 3 1
p372 3 3 1
p373 0 4 1
p374 3 2 1
p375 7 2 1
p376 6 1 1
p377 2 9 1
p378 4 3 1
p379 9 2 1
p380 10 5 1
p381 2 4 0
p382 4 2 0
p383 0 2 1
p384 6 9 0
p385 8 3 1
p386 2 7 0
p387 5 5 0
p388 1 2 1
p389 10 2 0
p390 8 6 0
p391 3 2 1
p392 7 8 0
p393 6 5 1
p394 10 6 1
p395 10 3 0
p396 4 4 0
p397 1 7 0
p398 7 2 0
p399 4 1 1
p400 7 8 0
p401 6 9 1
p402 9 2 1
p403 9 10 1
p404 6 7 0
p405 1 6 1
p406 1 9 0
p407 10 8 0
p408 7 2 0
p409 7 4 0
p410 8 7 1
p411 7 7 0
p412 5 7 1
p413 7 2 0
p414 9 8 0
p415 8 7 0
p416 2 1 0
p417 10 5 0
p418 8 7 1
p419 7 10 0
p420 2 1 0
p421 6 9 1
p422 6 8 1
p423 7 2 0
p424 8 1 1
p425 2 9 0
p426 3 2 0
p427 0 3 0
p428 2 1 0
p429 8 4 1
p430 7 6 0
p431 6 3 0
p432 10 8 1
p433 2 10 0
p434 8 3 0
p435 6 5 1
p436 8 8 0
p437 6 8 1
p438 4 10 1
p439 1 7 0
p440 1 9 1
p441 3 7 1
p442 10 6 0
p443 7 4 0
p444 10 5 0
p445 7 6 0
p446 5 2 0
p447 0 7 1
p448 7 3 1
p449 8 10 1
p450 2 7 1
p451 8 5 1
p452 1 4 0
p453 9 3 0
p454 2 3 0
p455 1 5 1
p456 5 10 1
p457 6 9 1
p458 2 10 1
p459 5 1 1
p460 1 5 1
p461 8 7 1
p462 8 4 0
p463 9 7 1
p464 3 5 1
p465 5 7 1
p466 1 7 0
p467 9 6 0
p468 1 10 1
p469 1 5 0
p470 4 3 0
p471 7 9 0
p472 1 7 1
p473 8 1 0
p474 0 9 0
p475 9 3 0
p476 2 3 0
p477 9 6 1
p478 2 2 0
p479 5 2 0
p480 6 6 1
p481 5 2 1
p482 7 3 1
p483 2 6 1
p484 0 5 1
p485 2 10 0
p486 5 9 0
p487 1 9 0
p488 0 2 1
p489 9 1 0
p490 0 1 0
p491 6 2 1
p492 2 8 1
p493 7 5 0
p494 4 2 0
p495 9 1 0
p496 2 10 0
p497 4 5 0
p498 5 2 0
p499 2 4 0
p500 6 2 0