500
p1 0 1 1
p1 6 2 1
p2 7 4 0
p3 6 2 1
p4 4 9 0
p5 3 7 1
p6 7 3 1
p7 5 6 1
p8 5 7 0
p9 6 6 1
p10 6 1 1
p11 3 10 1
p12 7 3 0
p13 2 7 1
p14 4 7 1
p15 8 7 1
p16 4 10 1
p17 10 6 1
p18 0 3 1
p19 9 2 0
p20 4 5 0
p21 3 1 1
p22 5 7 0
p23 10 2 0
p24 3 1 0
p25 3 9 0
p26 6 5 1
p27 5 2 1
p28 4 8 1
p29 2 7 0
p30 8 9 0
p31 10 4 1
p32 7 7 1
p33 1 7 0
p34 0 1 0
p35 8 5 1
p36 2 9 1
p37 2 6 0
p38 10 10 1
p39 0 1 1
p40 0 7 1
p41 3 6 1
p42 1 10 1
p43 3 10 1
p44 8 6 1
p45 10 3 0
p46 6 7 0
p47 9 10 1
p48 5 6 0
p49 8 9 0
p50 0 3 1
p51 7 4 0
p52 0 9 1
p53 5 10 0
p54 10 5 1
p55 5 6 0
p56 7 5 0
p57 8 4 1
p58 0 6 0
p59 0 9 0
p60 8 7 1
p61 2 9 0
p62 8 2 0
p63 0 8 1
p64 3 8 1
p65 3 1 1
p66 7 6 1
p67 5 1 0
p68 10 1 1
p69 10 9 1
p70 3 3 0
p71 1 3 0
p72 5 2 0
p73 8 7 1
p74 10 1 0
p75 8 7 0
p76 0 3 1
p77 4 9 1
p78 3 6 1
p79 4 7 1
p80 0 3 0
p81 4 7 0
p82 10 4 1
p83 6 3 1
p84 6 5 0
p85 0 3 0
p86 2 6 1
p87 8 10 1
p88 0 9 1
p89 0 7 1
p90 6 8 1
p91 6 6 0
p92 0 4 1
p93 6 10 1
p94 1 7 1
p95 10 9 0
p96 3 8 1
p97 6 10 1
p98 2 3 1
p99 2 10 1
p100 1 7 0
p101 3 9 1
p102 5 8 0
p103 1 4 1
p104 10 7 0
p105 10 9 0
p106 6 5 1
p107 9 10 0
p108 2 2 1
p109 8 2 0
p110 7 3 0
p111 0 9 1
p112 10 8 0
p113 5 3 1
p114 7 8 1
p115 6 8 1
p116 9 10 1
p117 8 7 0
p118 9 2 0
p119 0 1 1
p120 1 4 1
p121 7 9 1
p122 1 9 0
p123 4 2 1
p124 7 7 0
p125 2 1 1
p126 8 2 0
p127 4 1 0
p128 3 4 1
p129 10 8 0
p130 4 8 1
p131 6 7 1
p132 6 9 1
p133 9 5 1
p134 6 8 1
p135 2 7 1
p136 0 1 1
p137 4 6 1
p138 10 2 0
p139 0 2 1
p140 5 9 0
p141 9 5 1
p142 1 9 1
p143 0 3 0
p144 1 4 1
p145 9 7 1
p146 7 5 1
p147 7 1 1
p148 1 1 0
p149 9 7 0
p150 9 1 0
p151 2 8 1
p152 1 8 1
p153 2 8 1
p154 0 2 0
p155 6 8 0
p156 2 5 0
p157 1 7 0
p158 0 2 0
p159 0 7 1
p160 10 9 1
p161 10 7 1
p162 7 9 0
p163 7 4 1
p164 4 7 1
p165 4 9 0
p166 0 3 0
p167 8 5 0
p168 3 1 1
p169 1 4 1
p170 3 7 1
p171 1 9 1
p172 5 7 1
p173 5 7 0
p174 0 5 0
p175 0 4 1
p176 3 10 1
p177 5 9 1
p178 9 9 0
p179 7 6 1
p180 6 4 0
p181 4 6 0
p182 2 8 0
p183 0 1 0
p184 2 4 1
p185 2 5 0
p186 1 5 1
p187 8 8 1
p188 1 2 0
p189 2 6 1
p190 0 8 1
p191 0 10 0
p192 2 10 1
p193 2 8 0
p194 7 4 1
p195 9 2 1
p196 0 6 1
p197 2 3 1
p198 3 7 0
p199 3 2 1
p200 3 8 0
p201 1 8 0
p202 2 8 1
p203 6 8 0
p204 8 3 1
p205 9 1 1
p206 9 3 0
p207 9 1 0
p208 4 2 0
p209 0 7 1
p210 6 3 0
p211 2 5 1
p212 4 8 0
p213 10 1 0
p214 0 8 0
p215 5 4 1
p216 7 10 1
p217 5 7 1
p218 5 1 0
p219 9 3 0
p220 5 10 1
p221 4 10 1
p222 2 6 0
p223 3 8 1
p224 8 10 0
p225 0 1 0
p226 2 10 1
p227 8 6 1
p228 3 1 1
p229 10 2 1
p230 10 2 0
p231 4 7 0
p232 8 10 1
p233 8 5 0
p234 9 4 1
p235 10 7 0
p236 6 8 1
p237 8 8 0
p238 10 9 0
p239 7 1 1
p240 6 4 1
p241 3 7 1
p242 6 8 0
p243 10 1 0
p244 3 3 1
p245 3 7 0
p246 4 2 1
p247 4 7 0
p248 7 8 0
p249 4 3 1
p250 8 10 0
p251 8 5 0
p252 10 10 1
p253 3 2 1
p254 10 1 1
p255 8 4 0
p256 5 4 1
p257 4 4 1
p258 0 6 0
p259 7 2 1
p260 3 4 0
p261 5 3 0
p262 0 10 1
p263 0 1 0
p264 4 6 1
p265 8 5 0
p266 2 10 1
p267 10 4 0
p268 1 8 1
p269 2 1 1
p270 0 4 0
p271 10 10 1
p272 2 6 0
p273 4 9 0
p274 3 10 1
p275 10 3 0
p276 9 5 1
p277 4 9 1
p278 6 2 0
p279 0 1 0
p280 1 2 0
p281 4 2 1
p282 3 1 0
p283 9 2 0
p284 10 4 0
p285 9 5 0
p286 9 10 0
p287 8 5 0
p288 5 2 1
p289 0 10 0
p290 2 8 1
p291 2 2 0
p292 6 5 0
p293 8 6 0
p294 1 7 1
p295 8 3 0
p296 6 4 1
p297 3 8 1
p298 1 9 0
p299 10 4 0
p300 7 8 1
p301 4 4 0
p302 7 3 0
p303 2 10 1
p304 10 6 1
p305 1 7 1
p306 6 1 0
p307 3 1 1
p308 2 7 1
p309 2 5 1
p310 0 3 0
p311 7 6 0
p312 3 6 0
p313 2 2 0
p314 9 10 1
p315 3 9 1
p316 4 1 1
p317 8 10 1
p318 1 4 0
p319 8 7 0
p320 10 4 1
p321 3 8 0
p322 5 10 1
p323 9 4 0
p324 7 7 1
p325 5 3 0
p326 7 9 0
p327 10 7 1
p328 2 8 0
p329 8 9 1
p330 5 5 0
p331 10 4 0
p332 1 2 1
p333 0 9 1
p334 7 10 1
p335 8 10 0
p336 5 4 0
p337 3 5 0
p338 1 1 1
p339 5 6 0
p340 3 9 0
p341 8 7 1
p342 9 3 1
p343 0 7 1
p344 2 6 1
p345 2 2 0
p346 2 6 1
p347 5 6 1
p348 6 3 0
p349 6 4 1
p350 1 5 1
p351 10 2 1
p352 2 5 1
p353 6 1 0
p354 7 9 1
p355 0 6 0
p356 1 1 1
p357 6 4 0
p358 1 3 0
p359 10 7 1
p360 10 6 1
p361 0 5 0
p362 5 9 0
p363 10 1 1
p364 5 10 1
p365 7 6 0
p366 2 2 0
p367 6 2 1
p368 9 8 1
p369 10 3 1
p370 3 4 0
p371 4 7 0
p372 2 2 1
p373 10 2 1
p374 5 2 0
p375 10 1 1
p376 3 2 0
p377 1 10 0
p378 5 2 1
p379 10 8 1
p380 0 3 0
p381 9 4 1
p382 10 2 0
p383 3 2 1
p384 7 7 0
p385 1 5 0
p386 9 1 1
p387 7 7 0
p388 0 4 1
p389 10 10 0
p390 5 7 0
p391 6 3 0
p392 8 4 1
p393 8 5 0
p394 3 10 0
p395 7 6 0
p396 5 10 0
p397 1 4 0
p398 8 10 1
p399 6 5 0
p400 1 3 0
p401 9 10 1
p402 9 2 0
p403 5 2 0
p404 3 3 1
p405 10 6 1
p406 1 1 0
p407 1 3 1
p408 7 1 0
p409 2 6 0
p410 7 9 0
p411 1 9 0
p412 1 4 1
p413 5 3 1
p414 5 1 1
p415 8 6 1
p416 3 2 1
p417 7 9 0
p418 5 1 0
p419 6 9 0
p420 9 6 0
p421 6 4 0
p422 4 5 0
p423 0 2 0
p424 10 6 0
p425 2 3 1
p426 6 3 1
p427 5 3 1
p428 6 10 1
p429 8 9 1
p430 5 8 1
p431 9 9 0
p432 4 1 1
p433 1 8 0
p434 3 10 1
p435 3 5 1
p436 10 6 1
p437 5 6 1
p438 9 6 0
p439 6 8 0
p440 8 3 1
p441 0 4 0
p442 5 5 0
p443 10 9 1
p444 5 6 0
p445 1 4 0
p446 0 6 1
p447 5 6 0
p448 1 10 1
p449 4 3 1
p450 5 9 1
p451 2 1 0
p452 0 7 0
p453 4 6 0
p454 10 9 0
p455 8 4 1
p456 9 3 0
p457 8 7 0
p458 8 2 1
p459 6 6 1
p460 7 9 1
p461 4 7 1
p462 8 3 1
p463 10 3 0
p464 9 8 1
p465 9 9 0
p466 9 8 0
p467 10 1 0
p468 5 7 0
p469 4 6 1
p470 9 2 1
p471 8 5 1
p472 10 10 1
p473 9 3 1
p474 0 1 0
p475 2 3 0
p476 3 1 0
p477 1 5 0
p478 10 7 0
p479 9 10 1
p480 4 6 0
p481 4 3 0
p482 2 2 1
p483 7 3 0
p484 3 10 0
p485 5 4 1
p486 3 10 1
p487 5 1 1
p488 2 5 1
p489 8 2 0
p490 1 1 1
p491 10 10 1
p492 6 6 1
p493 8 9 1
p494 3 6 0
p495 0 6 1
p496 5 4 0
p497 5 8 1
p498 10 4 1
p499 1 3 0
p500 4 6 1