500
p1 0 3 1
p1 4 9 1
p2 10 9 1
p3 9 6 0
p4 8 3 0
p5 10 3 0
p6 5 7 1
p7 1 6 1
p8 6 3 1
p9 5 3 1
p10 10 10 1
p11 7 3 0
p12 9 6 0
p13 3 1 1
p14 10 8 1
p15 8 6 0
p16 0 9 0
p17 6 7 1
p18 1 3 1
p19 4 8 1
p20 8 6 0
p21 4 3 0
p22 8 3 1
p23 7 9 0
p24 2 1 1
p25 9 3 1
p26 0 2 1
p27 0 6 1
p28 6 5 0
p29 0 6 1
p30 1 3 0
p31 4 9 0
p32 9 3 1
p33 6 5 1
p34 10 1 1
p35 7 5 1
p36 1 8 0
p37 2 6 1
p38 1 6 0
p39 3 4 1
p40 9 4 1
p41 0 10 1
p42 10 8 1
p43 8 6 0
p44 6 4 0
p45 3 10 0
p46 6 10 0
p47 10 4 1
p48 3 9 0
p49 3 8 0
p50 3 8 1
p51 0 9 0
p52 7 1 1
p53 1 9 1
p54 4 1 0
p55 0 7 1
p56 7 3 1
p57 2 10 0
p58 8 10 0
p59 5 4 1
p60 9 3 0
p61 8 6 1
p62 4 7 1
p63 7 9 1
p64 0 3 1
p65 0 5 0
p66 7 4 0
p67 4 7 1
p68 7 1 0
p69 4 2 1
p70 7 6 0
p71 1 4 1
p72 9 9 1
p73 6 8 1
p74 10 8 1
p75 8 7 0
p76 10 9 1
p77 2 10 0
p78 2 3 0
p79 0 8 1
p80 1 8 1
p81 4 6 0
p82 0 10 0
p83 6 10 0
p84 3 6 1
p85 0 10 1
p86 10 7 1
p87 0 3 0
p88 9 9 0
p89 1 3 1
p90 7 10 0
p91 0 6 0
p92 9 3 1
p93 3 9 0
p94 3 5 0
p95 7 3 1
p96 1 6 1
p97 7 1 0
p98 3 6 0
p99 9 2 0
p100 5 1 1
p101 7 1 0
p102 8 3 0
p103 1 1 1
p104 3 10 1
p105 3 2 1
p106 7 1 1
p107 2 10 1
p108 2 6 1
p109 4 6 0
p110 1 5 0
p111 1 3 0
p112 10 5 0
p113 2 2 0
p114 7 6 1
p115 4 7 0
p116 3 10 1
p117 1 8 0
p118 0 8 1
p119 6 8 0
p120 6 2 1
p121 0 3 1
p122 6 3 0
p123 2 10 1
p124 9 9 0
p125 1 2 1
p126 3 7 0
p127 3 6 1
p128 10 7 0
p129 4 9 1
p130 5 3 0
p131 2 1 0
p132 4 5 1
p133 7 9 0
p134 1 2 0
p135 1 4 0
p136 6 8 0
p137 5 8 1
p138 5 10 0
p139 1 1 0
p140 4 9 1
p141 4 6 1
p142 1 9 0
p143 8 9 0
p144 0 3 1
p145 6 6 0
p146 9 5 0
p147 10 9 1
p148 0 5 0
p149 0 2 0
p150 1 9 1
p151 1 9 0
p152 9 3 0
p153 8 6 1
p154 9 7 1
p155 5 4 0
p156 0 4 1
p157 1 9 1
p158 9 10 1
p159 1 9 0
p160 2 1 1
p161 5 5 1
p162 10 3 1
p163 1 5 0
p164 4 8 0
p165 7 4 1
p166 4 8 0
p167 9 7 1
p168 2 10 0
p169 3 6 1
p170 9 4 1
p171 3 7 1
p172 8 8 0
p173 5 10 0
p174 9 1 1
p175 9 6 0
p176 9 1 0
p177 9 3 0
p178 5 8 1
p179 8 2 0
p180 6 7 1
p181 0 3 1
p182 1 10 1
p183 2 2 0
p184 4 2 1
p185 1 8 0
p186 7 6 0
p187 2 10 0
p188 9 7 1
p189 1 8 0
p190 0 5 1
p191 10 8 1
p192 10 1 1
p193 10 8 0
p194 0 6 0
p195 3 3 1
p196 3 2 0
p197 8 4 1
p198 10 5 1
p199 0 4 1
p200 3 8 1
p201 7 9 0
p202 2 5 1
p203 6 5 0
p204 2 5 1
p205 9 10 1
p206 5 3 1
p207 5 6 0
p208 2 1 0
p209 8 5 0
p210 7 1 1
p211 9 9 1
p212 2 8 1
p213 4 2 1
p214 8 4 1
p215 5 5 0
p216 7 5 0
p217 8 9 1
p218 10 7 1
p219 1 7 1
p220 3 7 0
p221 4 1 0
p222 3 9 1
p223 10 2 0
p224 0 7 1
p225 6 10 1
p226 9 5 1
p227 8 2 0
p228 2 8 0
p229 6 4 0
p230 2 6 1
p231 1 5 1
p232 0 7 1
p233 10 10 0
p234 8 7 0
p235 10 4 0
p236 0 1 0
p237 6 10 1
p238 8 7 0
p239 2 2 1
p240 6 2 0
p241 7 8 0
p242 1 8 0
p243 1 9 0
p244 9 4 0
p245 8 6 1
p246 4 10 1
p247 3 4 1
p248 9 5 1
p249 1 3 0
p250 9 6 1
p251 7 7 0
p252 4 4 1
p253 5 9 1
p254 8 9 0
p255 2 7 0
p256 4 5 1
p257 8 9 0
p258 2 8 1
p259 6 4 1
p260 3 10 0
p261 8 8 1
p262 7 8 0
p263 0 5 0
p264 4 10 0
p265 9 2 0
p266 9 1 0
p267 6 3 0
p268 4 7 0
p269 1 10 1
p270 6 3 0
p271 5 10 1
p272 0 10 1
p273 8 7 1
p274 4 9 1
p275 10 2 0
p276 10 9 0
p277 8 4 0
p278 7 1 0
p279 1 3 1
p280 4 8 0
p281 9 10 1
p282 3 7 0
p283 0 4 0
p284 3 8 1
p285 1 8 0
p286 3 2 1
p287 2 3 0
p288 5 1 0
p289 2 2 0
p290 10 5 1
p291 7 9 1
p292 3 10 1
p293 3 8 1
p294 3 9 0
p295 0 6 1
p296 1 8 0
p297 1 9 1
p298 3 10 1
p299 4 1 0
p300 10 8 1
p301 7 9 1
p302 10 10 0
p303 6 5 1
p304 0 8 1
p305 1 1 0
p306 2 6 0
p307 4 2 0
p308 5 4 1
p309 8 4 1
p310 6 4 1
p311 0 5 1
p312 7 4 0
p313 10 2 0
p314 9 1 0
p315 5 10 0
p316 10 8 1
p317 2 4 0
p318 6 6 1
p319 3 2 0
p320 6 3 1
p321 2 7 1
p322 9 10 0
p323 5 5 1
p324 6 5 1
p325 10 5 0
p326 0 9 1
p327 6 7 1
p328 5 5 0
p329 2 8 1
p330 8 4 0
p331 2 4 0
p332 9 3 0
p333 10 4 0
p334 3 4 1
p335 5 10 1
p336 9 6 1
p337 10 7 1
p338 0 4 1
p339 1 4 0
p340 3 8 1
p341 9 1 0
p342 8 2 0
p343 4 9 0
p344 7 1 1
p345 3 7 1
p346 6 8 0
p347 2 2 1
p348 4 5 0
p349 7 2 0
p350 8 6 1
p351 5 9 0
p352 6 10 1
p353 2 7 1
p354 6 6 1
p355 2 7 0
p356 10 2 1
p357 4 1 0
p358 4 10 0
p359 9 7 1
p360 2 7 0
p361 2 9 0
p362 8 4 1
p363 8 5 1
p364 10 8 1
p365 4 8 1
p366 7 6 0
p367 4 8 0
p368 7 3 0
p369 10 4 0
p370 7 8 0
p371 9 1 1
p372 4 8 0
p373 9 6 0
p374 6 9 1
p375 2 5 0
p376 0 6 1
p377 3 5 0
p378 3 7 0
p379 6 10 0
p380 4 3 1
p381 8 4 1
p382 9 3 0
p383 1 8 1
p384 10 7 1
p385 5 6 1
p386 1 3 0
p387 6 2 1
p388 2 9 1
p389 4 9 0
p390 5 4 0
p391 3 4 1
p392 5 7 0
p393 10 8 1
p394 2 3 1
p395 2 1 1
p396 10 8 1
p397 6 2 0
p398 0 2 0
p399 2 9 0
p400 9 8 0
p401 6 6 1
p402 0 9 0
p403 8 10 1
p404 6 10 0
p405 10 5 0
p406 0 2 1
p407 9 7 0
p408 7 3 0
p409 9 8 0
p410 5 3 0
p411 3 1 1
p412 2 5 0
p413 4 8 1
p414 3 1 1
p415 6 6 1
p416 7 3 0
p417 6 6 0
p418 9 2 0
p419 6 5 1
p420 10 3 0
p421 5 6 0
p422 3 1 0
p423 6 4 0
p424 4 5 0
p425 9 7 1
p426 8 2 0
p427 10 9 1
p428 1 6 0
p429 1 7 1
p430 3 2 1
p431 0 6 0
p432 7 9 1
p433 6 8 0
p434 4 4 0
p435 3 10 1
p436 6 9 0
p437 8 2 0
p438 6 10 1
p439 0 1 1
p440 3 5 1
p441 2 3 0
p442 8 1 0
p443 2 10 1
p444 6 1 0
p445 3 3 1
p446 9 4 1
p447 0 7 1
p448 4 7 0
p449 4 7 0
p450 8 3 0
p451 3 7 0
p452 6 4 1
p453 5 6 0
p454 8 5 1
p455 8 10 1
p456 1 6 0
p457 2 6 0
p458 3 1 0
p459 1 6 0
p460 9 8 0
p461 8 7 1
p462 5 2 0
p463 9 9 0
p464 4 7 0
p465 0 1 1
p466 3 9 0
p467 4 5 1
p468 2 5 0
p469 10 6 1
p470 4 4 0
p471 2 4 0
p472 3 10 1
p473 4 6 1
p474 6 8 1
p475 2 7 1
p476 4 9 0
p477 1 5 0
p478 3 3 0
p479 0 9 0
p480 6 9 1
p481 9 8 0
p482 6 2 1
p483 5 5 0
p484 9 3 1
p485 6 2 1
p486 0 9 1
p487 4 5 1
p488 0 2 1
p489 8 7 1
p490 8 3 0
p491 10 9 1
p492 7 1 1
p493 8 4 1
p494 0 4 1
p495 3 1 0
p496 10 3 1
p497 7 4 1
p498 2 6 0
p499 4 7 0
p500 10 10 0