500
p1 0 2 1
p1 9 6 1
p2 4 6 1
p3 7 7 0
p4 9 6 0
p5 1 8 0
p6 9 9 0
p7 2 1 0
p8 4 8 1
p9 6 6 1
p10 6 6 0
p11 0 9 1
p12 1 2 0
p13 7 7 0
p14 10 6 1
p15 9 7 1
p16 4 1 1
p17 9 6 1
p18 9 5 1
p19 6 7 0
p20 8 3 0
p21 2 1 0
p22 4 2 1
p23 10 1 1
p24 8 8 0
p25 7 3 1
p26 8 10 1
p27 7 4 0
p28 9 8 0
p29 7 7 0
p30 10 10 0
p31 2 8 1
p32 1 8 0
p33 8 7 0
p34 9 1 1
p35 2 7 1
p36 7 3 1
p37 1 1 0
p38 8 10 1
p39 6 10 1
p40 3 6 0
p41 3 9 0
p42 9 3 1
p43 7 3 1
p44 3 3 0
p45 7 3 0
p46 6 8 0
p47 4 2 0
p48 10 8 1
p49 7 10 0
p50 2 8 0
p51 2 2 0
p52 9 6 0
p53 7 10 1
p54 1 4 1
p55 2 2 1
p56 5 2 0
p57 5 6 1
p58 0 1 0
p59 6 2 1
p60 10 5 0
p61 8 3 1
p62 3 10 0
p63 3 9 1
p64 6 5 1
p65 8 1 0
p66 0 7 1
p67 9 3 1
p68 3 4 1
p69 10 7 0
p70 1 4 1
p71 10 9 1
p72 10 4 0
p73 9 9 0
p74 10 2 0
p75 4 1 0
p76 9 4 0
p77 9 4 1
p78 9 6 0
p79 5 7 0
p80 2 8 1
p81 7 4 1
p82 5 10 0
p83 8 1 1
p84 7 5 0
p85 9 8 0
p86 10 1 1
p87 4 8 1
p88 8 2 0
p89 7 9 0
p90 0 9 1
p91 2 7 1
p92 3 7 0
p93 0 5 0
p94 0 3 0
p95 5 6 1
p96 0 4 0
p97 10 2 1
p98 0 7 1
p99 4 10 1
p100 9 10 1
p101 4 4 0
p102 10 5 0
p103 4 10 0
p104 3 1 0
p105 6 7 0
p106 4 2 1
p107 6 9 0
p108 6 2 0
p109 3 8 1
p110 7 2 1
p111 4 5 0
p112 9 2 0
p113 2 3 1
p114 4 10 1
p115 7 8 0
p116 1 6 1
p117 3 3 1
p118 6 2 1
p119 7 2 0
p120 3 4 1
p121 0 7 1
p122 5 10 0
p123 6 7 0
p124 3 6 0
p125 9 1 1
p126 2 7 0
p127 6 1 1
p128 9 4 0
p129 8 2 0
p130 10 8 1
p131 7 1 1
p132 5 6 0
p133 3 5 0
p134 10 2 1
p135 7 6 1
p136 4 6 1
p137 0 5 0
p138 5 10 1
p139 10 8 0
p140 6 10 0
p141 10 5 0
p142 6 4 0
p143 1 1 0
p144 6 8 1
p145 3 6 0
p146 6 3 1
p147 9 2 0
p148 10 9 1
p149 5 8 1
p150 3 9 0
p151 4 5 1
p152 8 4 0
p153 8 5 0
p154 8 6 1
p155 6 4 0
p156 3 7 0
p157 7 6 0
p158 8 1 0
p159 6 5 1
p160 6 4 1
p161 7 4 1
p162 4 9 0
p163 3 2 0
p164 1 2 1
p165 1 9 0
p166 6 8 0
p167 9 9 0
p168 1 4 0
p169 7 7 1
p170 4 4 0
p171 5 6 1
p172 0 9 0
p173 4 8 1
p174 9 3 0
p175 8 4 0
p176 2 5 0
p177 0 2 0
p178 8 4 0
p179 10 1 0
p180 3 4 1
p181 10 9 1
p182 1 2 1
p183 1 4 1
p184 7 5 1
p185 9 6 0
p186 7 6 0
p187 6 2 0
p188 0 6 1
p189 7 2 1
p190 1 6 0
p191 8 1 1
p192 1 10 0
p193 8 1 1
p194 7 2 1
p195 10 1 1
p196 5 6 0
p197 9 2 1
p198 9 6 0
p199 4 2 1
p200 2 8 0
p201 6 9 1
p202 10 10 0
p203 1 10 1
p204 4 7 0
p205 5 5 0
p206 3 6 1
p207 7 8 0
p208 8 9 1
p209 3 4 0
p210 1 6 1
p211 4 8 0
p212 0 2 1
p213 3 3 0
p214 7 2 0
p215 0 9 0
p216 0 2 0
p217 1 8 1
p218 0 8 1
p219 2 1 0
p220 5 5 1
p221 10 1 1
p222 1 9 0
p223 3 9 0
p224 2 2 0
p225 5 1 0
p226 8 6 1
p227 4 4 0
p228 3 9 0
p229 1 6 0
p230 2 5 0
p231 6 7 0
p232 10 10 0
p233 0 3 0
p234 2 7 1
p235 6 8 1
p236 5 2 0
p237 2 4 0
p238 4 3 0
p239 9 10 1
p240 6 7 1
p241 9 1 0
p242 9 3 1
p243 4 2 1
p244 10 4 1
p245 10 10 1
p246 2 10 0
p247 1 8 0
p248 3 8 0
p249 10 10 1
p250 0 6 1
p251 9 10 0
p252 7 4 0
p253 0 7 1
p254 7 9 1
p255 5 8 0
p256 1 8 0
p257 10 7 1
p258 4 10 0
p259 4 6 1
p260 4 9 0
p261 2 7 1
p262 2 8 0
p263 3 1 1
p264 6 8 1
p265 10 1 0
p266 1 4 1
p267 3 10 0
p268 0 6 1
p269 3 7 0
p270 10 9 0
p271 7 2 1
p272 1 6 0
p273 0 5 0
p274 7 10 0
p275 0 4 0
p276 9 1 1
p277 3 1 1
p278 4 9 0
p279 2 6 0
p280 6 1 0
p281 7 9 0
p282 9 3 1
p283 0 9 1
p284 9 2 1
p285 0 2 0
p286 2 10 0
p287 0 3 1
p288 3 9 1
p289 2 2 0
p290 3 3 0
p291 8 3 1
p292 6 4 1
p293 10 1 1
p294 4 5 0
p295 7 8 1
p296 2 6 0
p297 6 7 0
p298 3 1 0
p299 10 3 1
p300 1 4 0
p301 4 10 0
p302 7 3 0
p303 10 10 0
p304 2 6 0
p305 1 1 0
p306 5 8 1
p307 1 4 1
p308 10 5 1
p309 7 1 1
p310 1 10 1
p311 9 1 0
p312 7 5 0
p313 10 8 1
p314 7 4 0
p315 7 8 0
p316 9 9 0
p317 3 10 1
p318 9 3 0
p319 6 5 0
p320 9 1 1
p321 7 10 1
p322 8 10 1
p323 6 4 0
p324 10 1 1
p325 0 10 0
p326 7 7 0
p327 7 9 1
p328 8 4 0
p329 10 2 0
p330 10 7 0
p331 2 6 0
p332 6 8 1
p333 0 3 1
p334 10 2 1
p335 7 3 0
p336 3 2 0
p337 10 10 0
p338 7 3 1
p339 4 4 0
p340 6 3 0
p341 0 2 1
p342 10 9 1
p343 6 1 1
p344 8 5 0
p345 0 5 0
p346 0 8 0
p347 2 5 1
p348 9 7 1
p349 6 4 0
p350 10 5 0
p351 6 8 0
p352 3 6 0
p353 8 1 0
p354 3 3 0
p355 2 8 1
p356 10 3 0
p357 5 4 0
p358 10 1 0
p359 2 9 1
p360 9 5 1
p361 9 1 1
p362 3 3 0
p363 9 8 0
p364 3 9 0
p365 2 8 1
p366 5 1 1
p367 4 5 0
p368 5 5 0
p369 9 3 0
p370 4 10 0
p371 7 6 0
p372 8 8 1
p373 5 8 0
p374 2 4 0
p375 9 1 1
p376 0 4 0
p377 8 2 0
p378 2 3 0
p379 0 9 0
p380 6 9 0
p381 1 6 1
p382 5 6 1
p383 4 10 0
p384 0 6 0
p385 8 10 0
p386 8 9 1
p387 9 3 0
p388 6 9 1
p389 5 7 1
p390 8 5 1
p391 3 9 0
p392 6 9 1
p393 1 1 0
p394 4 9 1
p395 6 3 0
p396 10 3 0
p397 8 1 0
p398 8 7 0
p399 10 2 0
p400 3 7 0
p401 0 10 0
p402 6 10 1
p403 9 8 1
p404 6 8 1
p405 5 8 1
p406 9 4 0
p407 7 3 0
p408 7 9 1
p409 9 2 0
p410 9 5 0
p411 4 3 1
p412 4 3 0
p413 3 3 1
p414 5 4 0
p415 8 8 1
p416 1 10 0
p417 9 7 1
p418 1 5 1
p419 0 9 1
p420 2 1 1
p421 0 4 1
p422 10 8 1
p423 6 2 0
p424 6 10 1
p425 7 6 0
p426 9 8 1
p427 4 8 0
p428 6 9 0
p429 5 6 0
p430 6 6 0
p431 3 1 0
p432 7 4 1
p433 10 5 0
p434 0 9 1
p435 4 8 1
p436 5 9 0
p437 6 4 0
p438 10 8 0
p439 7 1 1
p440 8 6 0
p441 8 9 1
p442 3 10 0
p443 3 8 0
p444 4 2 0
p445 9 7 0
p446 5 2 0
p447 2 6 1
p448 8 9 0
p449 0 1 0
p450 3 6 1
p451 3 1 0
p452 2 2 1
p453 10 6 0
p454 0 6 1
p455 10 4 1
p456 0 7 0
p457 2 9 1
p458 7 2 1
p459 10 6 0
p460 1 5 1
p461 1 6 1
p462 10 1 0
p463 1 7 1
p464 6 6 0
p465 1 1 0
p466 3 10 0
p467 4 9 0
p468 6 3 0
p469 3 1 1
p470 8 3 1
p471 8 3 0
p472 9 3 0
p473 3 2 1
p474 4 5 0
p475 3 9 0
p476 10 6 1
p477 8 1 1
p478 7 10 1
p479 6 10 1
p480 1 6 1
p481 6 1 0
p482 1 5 0
p483 7 3 0
p484 3 8 0
p485 7 7 1
p486 9 5 0
p487 7 1 1
p488 1 1 0
p489 0 10 1
p490 8 5 0
p491 9 8 0
p492 8 5 0
p493 8 8 0
p494 5 7 1
p495 5 5 1
p496 8 8 1
p497 4 9 1
p498 9 4 0
p499 7 9 1
p500 8 4 1