500
p1 0 4 1
p1 0 6 0
p2 6 4 1
p3 4 6 1
p4 9 9 1
p5 7 5 1
p6 4 1 1
p7 10 7 0
p8 10 5 1
p9 7 9 0
p10 2 5 1
p11 9 7 1
p12 0 5 0
p13 6 7 1
p14 5 9 0
p15 9 8 0
p16 3 6 1
p17 10 9 1
p18 1 9 1
p19 7 6 1
p20 6 3 0
p21 9 6 0
p22 1 8 0
p23 4 10 0
p24 7 6 0
p25 6 4 0
p26 8 4 1
p27 5 9 0
p28 4 10 0
p29 9 2 1
p30 2 3 0
p31 7 5 1
p32 5 6 0
p33 9 9 1
p34 3 10 1
p35 7 9 0
p36 0 1 1
p37 1 7 1
p38 6 3 0
p39 0 3 0
p40 3 1 0
p41 5 9 0
p42 0 7 1
p43 2 10 1
p44 3 3 1
p45 6 6 1
p46 2 8 1
p47 0 5 0
p48 3 8 0
p49 6 5 0
p50 9 3 1
p51 7 8 1
p52 7 1 0
p53 10 5 1
p54 8 7 1
p55 5 3 0
p56 5 10 1
p57 7 5 1
p58 2 1 0
p59 6 3 0
p60 4 10 1
p61 8 4 0
p62 5 5 0
p63 6 4 1
p64 8 7 1
p65 5 3 1
p66 2 1 1
p67 10 2 1
p68 6 5 1
p69 9 10 1
p70 4 9 0
p71 9 10 0
p72 1 6 0
p73 7 10 1
p74 6 9 0
p75 7 7 0
p76 5 1 0
p77 5 9 1
p78 5 5 1
p79 4 7 0
p80 2 3 1
p81 3 5 0
p82 7 10 1
p83 10 2 0
p84 6 5 0
p85 4 5 0
p86 5 5 0
p87 7 5 1
p88 0 3 1
p89 3 9 1
p90 3 3 1
p91 8 10 1
p92 2 8 1
p93 10 5 0
p94 3 3 1
p95 2 3 1
p96 10 7 1
p97 8 6 0
p98 1 3 0
p99 9 3 0
p100 6 3 1
p101 7 5 0
p102 10 8 1
p103 4 9 1
p104 7 7 1
p105 0 10 1
p106 3 6 0
p107 5 9 1
p108 2 5 1
p109 8 2 1
p110 8 6 0
p111 8 8 0
p112 5 3 1
p113 2 3 1
p114 0 7 0
p115 3 1 1
p116 2 10 0
p117 10 8 1
p118 1 1 1
p119 10 3 1
p120 1 4 0
p121 5 6 1
p122 2 10 1
p123 6 2 1
p124 4 9 0
p125 8 9 0
p126 0 1 1
p127 0 1 0
p128 2 3 0
p129 9 10 1
p130 5 6 0
p131 7 5 0
p132 10 1 1
p133 2 3 0
p134 5 3 0
p135 8 4 1
p136 7 1 1
p137 5 8 0
p138 4 4 0
p139 7 5 1
p140 0 6 0
p141 2 3 0
p142 7 1 1
p143 9 3 1
p144 10 7 1
p145 6 2 1
p146 4 6 1
p147 2 2 0
p148 9 5 1
p149 5 1 1
p150 9 5 0
p151 0 2 0
p152 5 9 1
p153 3 8 1
p154 9 9 1
p155 7 10 1
p156 4 3 0
p157 10 9 1
p158 10 9 0
p159 8 7 0
p160 2 2 0
p161 8 1 0
p162 7 9 0
p163 2 10 1
p164 0 7 1
p165 7 9 1
p166 0 2 1
p167 6 8 1
p168 5 4 1
p169 4 1 1
p170 7 7 0
p171 5 6 0
p172 10 6 1
p173 9 2 0
p174 4 10 0
p175 0 8 0
p176 9 8 1
p177 5 3 0
p178 10 9 1
p179 2 1 1
p180 4 7 0
p181 3 3 1
p182 8 6 0
p183 10 1 0
p184 3 7 1
p185 4 3 0
p186 0 2 0
p187 0 2 0
p188 7 5 0
p189 5 1 0
p190 2 4 0
p191 1 9 0
p192 4 5 1
p193 0 1 1
p194 10 10 0
p195 10 8 0
p196 0 4 0
p197 8 1 1
p198 10 5 0
p199 9 3 0
p200 9 2 0
p201 4 1 0
p202 10 5 0
p203 6 2 1
p204 6 5 0
p205 9 2 1
p206 0 3 0
p207 7 4 1
p208 4 9 1
p209 2 10 1
p210 10 5 0
p211 0 10 0
p212 4 3 1
p213 8 8 0
p214 10 5 1
p215 4 1 0
p216 5 10 0
p217 9 3 1
p218 7 4 1
p219 4 8 0
p220 4 5 0
p221 0 10 1
p222 9 6 1
p223 8 6 1
p224 2 1 1
p225 2 4 1
p226 6 1 1
p227 3 1 1
p228 1 1 0
p229 6 9 0
p230 9 7 0
p231 2 5 0
p232 0 3 1
p233 0 9 0
p234 9 3 0
p235 0 4 1
p236 1 1 0
p237 0 8 0
p238 4 10 0
p239 6 5 1
p240 7 4 1
p241 6 1 1
p242 2 7 1
p243 8 4 1
p244 10 3 1
p245 5 8 0
p246 9 9 0
p247 2 9 1
p248 3 7 0
p249 8 1 0
p250 7 7 1
p251 4 7 1
p252 8 8 1
p253 5 1 1
p254 4 7 1
p255 3 2 0
p256 4 5 1
p257 2 6 1
p258 9 7 1
p259 6 9 1
p260 6 9 1
p261 5 7 0
p262 7 7 1
p263 6 1 1
p264 7 9 1
p265 5 2 1
p266 0 7 1
p267 3 3 1
p268 3 3 1
p269 1 1 1
p270 3 7 0
p271 3 5 0
p272 9 7 0
p273 6 8 1
p274 7 4 1
p275 6 7 0
p276 1 4 0
p277 6 5 1
p278 2 1 1
p279 1 8 1
p280 9 7 1
p281 1 6 0
p282 2 2 0
p283 9 4 1
p284 4 5 0
p285 2 9 0
p286 4 3 1
p287 4 10 1
p288 10 8 1
p289 3 5 1
p290 7 8 1
p291 6 7 0
p292 4 10 0
p293 6 6 1
p294 9 2 1
p295 5 2 1
p296 10 5 1
p297 1 7 0
p298 0 8 1
p299 10 4 0
p300 9 1 1
p301 9 2 0
p302 6 6 1
p303 2 1 0
p304 8 2 0
p305 5 6 1
p306 1 5 1
p307 8 8 0
p308 8 9 1
p309 1 7 1
p310 2 4 1
p311 7 4 0
p312 5 7 0
p313 0 4 0
p314 7 10 1
p315 1 1 0
p316 2 6 1
p317 4 8 0
p318 6 4 0
p319 0 4 0
p320 8 2 1
p321 4 8 1
p322 2 5 1
p323 8 6 1
p324 2 10 0
p325 5 5 1
p326 8 4 0
p327 10 4 1
p328 1 4 0
p329 7 7 0
p330 0 2 1
p331 5 10 0
p332 4 10 1
p333 8 3 0
p334 9 7 1
p335 2 3 0
p336 4 10 1
p337 7 9 0
p338 6 3 1
p339 6 10 1
p340 9 7 0
p341 6 9 1
p342 4 1 1
p343 5 8 1
p344 9 4 1
p345 5 8 0
p346 9 6 1
p347 2 3 1
p348 8 6 0
p349 2 7 1
p350 2 2 1
p351 7 4 1
p352 6 7 1
p353 5 1 0
p354 8 10 1
p355 7 4 1
p356 2 6 0
p357 6 5 0
p358 3 2 1
p359 6 10 1
p360 0 9 0
p361 5 1 0
p362 7 5 0
p363 5 1 1
p364 7 5 0
p365 0 4 1
p366 6 1 0
p367 7 7 0
p368 9 10 1
p369 6 4 0
p370 6 4 0
p371 3 4 1
p372 5 9 1
p373 3 1 1
p374 1 8 1
p375 9 3 0
p376 6 6 0
p377 3 4 0
p378 0 10 0
p379 3 7 1
p380 5 4 0
p381 2 6 1
p382 6 1 1
p383 8 1 0
p384 3 8 1
p385 9 7 1
p386 2 7 1
p387 2 9 0
p388 4 1 1
p389 8 2 1
p390 1 5 1
p391 1 9 0
p392 2 5 0
p393 9 9 1
p394 3 10 0
p395 6 6 1
p396 0 3 1
p397 6 1 0
p398 5 5 0
p399 6 9 0
p400 3 6 0
p401 3 9 0
p402 8 2 1
p403 10 7 1
p404 2 1 0
p405 7 5 1
p406 9 3 0
p407 3 9 0
p408 2 10 0
p409 6 3 0
p410 4 6 1
p411 10 4 1
p412 6 4 1
p413 8 5 1
p414 10 2 1
p415 6 10 0
p416 3 9 0
p417 2 8 0
p418 7 2 1
p419 7 7 0
p420 10 4 1
p421 6 8 1
p422 4 2 0
p423 7 9 0
p424 10 7 0
p425 5 9 1
p426 10 10 0
p427 10 4 1
p428 1 1 0
p429 5 7 1
p430 8 10 0
p431 2 7 1
p432 9 5 0
p433 4 10 0
p434 8 6 0
p435 0 7 0
p436 9 1 0
p437 10 8 1
p438 4 8 1
p439 7 10 1
p440 9 7 1
p441 5 8 1
p442 1 6 1
p443 3 5 0
p444 8 8 1
p445 2 1 1
p446 9 1 1
p447 0 10 1
p448 0 3 0
p449 10 7 1
p450 10 6 0
p451 3 6 1
p452 7 3 1
p453 4 10 1
p454 10 6 0
p455 0 9 0
p456 1 8 0
p457 1 1 1
p458 0 5 0
p459 4 10 0
p460 0 5 0
p461 2 7 1
p462 3 4 1
p463 0 10 0
p464 6 6 0
p465 5 7 0
p466 6 10 1
p467 10 8 1
p468 9 9 1
p469 2 10 0
p470 10 1 1
p471 3 10 1
p472 3 7 1
p473 0 8 0
p474 10 5 0
p475 5 9 0
p476 0 2 1
p477 2 9 0
p478 9 3 0
p479 10 8 0
p480 5 9 0
p481 1 4 0
p482 10 6 0
p483 7 1 1
p484 7 10 1
p485 6 10 0
p486 6 1 1
p487 6 8 1
p488 5 5 1
p489 3 4 0
p490 5 5 0
p491 5 5 1
p492 8 10 0
p493 4 7 0
p494 5 6 0
p495 5 3 1
p496 5 6 1
p497 2 3 0
p498 6 7 1
p499 3 3 0
p500 5 3 0