500
p1 0 3 1
p1 5 2 1
p2 10 5 1
p3 10 4 1
p4 5 6 0
p5 9 2 1
p6 4 8 0
p7 7 7 0
p8 0 4 1
p9 0 4 1
p10 10 10 0
p11 3 9 1
p12 0 8 0
p13 8 9 1
p14 6 7 0
p15 0 5 1
p16 8 5 0
p17 0 3 0
p18 4 6 0
p19 7 3 1
p20 5 6 0
p21 4 1 1
p22 5 3 0
p23 0 6 0
p24 4 3 1
p25 2 5 1
p26 10 5 0
p27 9 6 0
p28 1 6 0
p29 9 10 0
p30 8 4 1
p31 0 3 0
p32 10 10 0
p33 4 9 0
p34 4 8 0
p35 2 7 0
p36 9 9 1
p37 2 4 0
p38 10 6 1
p39 10 9 1
p40 6 10 0
p41 5 10 0
p42 7 6 0
p43 5 9 0
p44 6 5 1
p45 1 3 1
p46 4 1 0
p47 9 1 1
p48 6 10 0
p49 8 10 1
p50 1 7 0
p51 1 5 1
p52 7 7 1
p53 1 5 1
p54 5 8 1
p55 3 4 0
p56 6 3 0
p57 2 7 1
p58 0 7 0
p59 7 7 1
p60 1 7 1
p61 1 4 1
p62 6 9 1
p63 0 8 0
p64 2 7 1
p65 9 6 0
p66 7 3 1
p67 1 3 1
p68 3 5 0
p69 0 4 0
p70 4 7 0
p71 8 9 1
p72 6 1 1
p73 1 7 0
p74 3 9 1
p75 2 1 0
p76 1 8 0
p77 1 2 1
p78 2 5 1
p79 7 8 0
p80 1 1 1
p81 9 9 1
p82 10 8 1
p83 9 5 0
p84 3 4 0
p85 0 6 0
p86 1 1 0
p87 3 6 1
p88 3 5 0
p89 5 8 1
p90 1 1 1
p91 4 9 1
p92 0 6 1
p93 10 2 1
p94 9 5 1
p95 10 3 0
p96 0 6 0
p97 5 3 0
p98 2 9 0
p99 4 10 0
p100 0 8 0
p101 0 3 0
p102 7 4 1
p103 9 4 1
p104 9 8 1
p105 0 6 0
p106 2 3 1
p107 6 4 1
p108 0 7 1
p109 10 5 0
p110 5 7 0
p111 8 3 0
p112 8 2 1
p113 0 10 0
p114 6 3 1
p115 7 8 1
p116 0 7 1
p117 7 4 1
p118 9 4 1
p119 9 2 1
p120 8 10 0
p121 10 4 0
p122 6 7 1
p123 4 2 0
p124 5 1 0
p125 5 2 1
p126 3 5 1
p127 10 9 1
p128 6 6 0
p129 3 6 1
p130 5 7 0
p131 0 7 1
p132 8 2 0
p133 3 3 1
p134 5 4 1
p135 0 4 1
p136 7 10 1
p137 1 3 0
p138 3 9 1
p139 5 4 1
p140 4 6 1
p141 3 9 1
p142 1 9 1
p143 3 5 1
p144 9 8 0
p145 6 2 1
p146 7 4 0
p147 1 9 0
p148 9 5 0
p149 5 3 1
p150 6 6 1
p151 3 3 1
p152 0 1 1
p153 6 6 1
p154 3 3 1
p155 7 2 0
p156 7 4 1
p157 7 10 1
p158 6 3 1
p159 6 6 1
p160 8 2 0
p161 9 9 0
p162 4 6 1
p163 3 1 0
p164 0 10 0
p165 6 6 0
p166 10 4 1
p167 10 5 0
p168 3 2 1
p169 3 1 0
p170 2 8 0
p171 2 10 0
p172 6 5 1
p173 4 4 0
p174 6 2 1
p175 4 7 0
p176 8 10 0
p177 5 5 0
p178 5 10 1
p179 5 4 1
p180 10 7 1
p181 3 5 0
p182 9 2 1
p183 1 9 0
p184 9 3 1
p185 7 7 1
p186 8 1 0
p187 9 2 1
p188 5 10 0
p189 2 7 1
p190 4 1 1
p191 9 4 0
p192 2 8 1
p193 6 8 1
p194 3 3 1
p195 4 6 1
p196 0 1 1
p197 10 2 1
p198 3 3 0
p199 0 9 1
p200 2 6 1
p201 1 7 0
p202 9 8 0
p203 0 4 1
p204 7 2 1
p205 7 5 0
p206 0 9 0
p207 5 3 1
p208 2 3 1
p209 7 10 1
p210 4 7 1
p211 3 3 1
p212 8 9 0
p213 1 10 1
p214 4 2 0
p215 6 2 0
p216 3 4 0
p217 8 9 0
p218 10 9 0
p219 10 5 0
p220 1 5 0
p221 8 9 0
p222 4 8 0
p223 2 5 1
p224 8 5 0
p225 10 3 0
p226 3 5 1
p227 7 1 1
p228 8 1 1
p229 0 1 1
p230 2 10 1
p231 8 10 0
p232 4 3 1
p233 1 2 0
p234 8 2 0
p235 6 8 0
p236 5 6 0
p237 3 2 1
p238 3 10 1
p239 7 3 1
p240 8 6 0
p241 0 1 1
p242 10 6 1
p243 2 5 0
p244 5 1 1
p245 3 6 0
p246 2 2 1
p247 1 4 0
p248 1 10 0
p249 8 8 0
p250 9 3 0
p251 7 5 0
p252 6 10 0
p253 1 8 0
p254 3 4 1
p255 9 2 0
p256 7 7 1
p257 9 3 0
p258 9 9 0
p259 2 1 1
p260 1 7 1
p261 5 9 1
p262 9 4 0
p263 5 7 1
p264 9 9 0
p265 0 4 0
p266 7 5 0
p267 4 4 0
p268 3 10 1
p269 10 1 1
p270 5 3 1
p271 9 3 1
p272 7 2 1
p273 2 4 1
p274 10 5 1
p275 9 9 0
p276 6 1 1
p277 3 1 0
p278 1 9 1
p279 4 9 0
p280 3 2 0
p281 9 2 1
p282 7 1 0
p283 1 3 1
p284 5 5 0
p285 6 1 0
p286 8 3 1
p287 0 7 1
p288 4 6 1
p289 5 10 1
p290 6 10 0
p291 4 1 1
p292 7 3 1
p293 0 9 0
p294 0 8 0
p295 0 8 0
p296 4 5 0
p297 3 3 0
p298 1 8 0
p299 1 2 1
p300 2 4 0
p301 7 8 0
p302 1 2 1
p303 3 1 1
p304 3 4 0
p305 10 5 1
p306 9 5 0
p307 4 3 0
p308 9 1 1
p309 2 7 0
p310 9 3 1
p311 6 8 1
p312 4 7 0
p313 0 9 0
p314 3 9 0
p315 5 3 0
p316 3 5 0
p317 4 5 1
p318 6 1 1
p319 3 2 1
p320 9 8 1
p321 6 8 1
p322 9 3 1
p323 3 7 1
p324 0 8 1
p325 6 3 1
p326 1 2 1
p327 9 10 1
p328 1 9 1
p329 8 10 0
p330 7 3 1
p331 6 9 1
p332 3 3 1
p333 4 10 0
p334 8 6 1
p335 9 2 0
p336 6 7 1
p337 4 2 0
p338 9 2 1
p339 6 7 0
p340 10 5 0
p341 6 1 0
p342 0 2 0
p343 5 4 0
p344 7 7 1
p345 0 9 1
p346 6 4 1
p347 10 6 0
p348 2 9 1
p349 0 4 1
p350 4 7 1
p351 1 1 0
p352 6 9 1
p353 8 2 1
p354 7 7 1
p355 1 3 0
p356 10 4 1
p357 9 3 1
p358 7 9 1
p359 5 2 0
p360 9 3 0
p361 5 4 1
p362 5 8 1
p363 3 2 0
p364 2 2 0
p365 1 3 0
p366 4 8 1
p367 8 3 0
p368 3 1 0
p369 9 3 0
p370 7 9 0
p371 9 10 0
p372 9 7 1
p373 4 5 0
p374 8 7 1
p375 6 10 1
p376 9 7 0
p377 1 3 1
p378 0 3 1
p379 1 6 1
p380 10 7 1
p381 2 3 0
p382 8 6 0
p383 2 4 1
p384 1 10 1
p385 10 10 0
p386 8 1 0
p387 3 5 0
p388 5 5 0
p389 7 1 1
p390 5 6 0
p391 6 3 0
p392 2 10 0
p393 0 10 1
p394 9 10 1
p395 3 1 0
p396 10 3 0
p397 5 10 0
p398 3 8 0
p399 0 3 1
p400 1 4 0
p401 4 4 0
p402 9 8 1
p403 9 7 0
p404 6 3 1
p405 9 4 1
p406 2 9 1
p407 0 6 1
p408 6 2 0
p409 7 6 1
p410 4 3 0
p411 5 7 1
p412 1 7 0
p413 9 1 1
p414 0 2 1
p415 4 3 1
p416 9 4 1
p417 0 3 1
p418 1 7 0
p419 6 2 1
p420 8 3 1
p421 1 3 1
p422 2 2 1
p423 3 1 1
p424 10 9 1
p425 1 1 1
p426 9 1 0
p427 4 7 0
p428 6 8 1
p429 10 4 0
p430 5 6 0
p431 8 9 0
p432 5 6 0
p433 3 6 0
p434 7 9 0
p435 0 6 0
p436 5 9 1
p437 0 10 1
p438 5 4 1
p439 5 4 0
p440 7 5 1
p441 5 2 1
p442 10 8 1
p443 1 1 0
p444 0 2 1
p445 8 2 0
p446 2 5 0
p447 6 6 0
p448 9 6 1
p449 7 4 1
p450 9 5 1
p451 10 6 0
p452 0 5 1
p453 4 5 0
p454 1 2 1
p455 2 8 1
p456 4 5 1
p457 8 4 1
p458 0 9 0
p459 1 5 1
p460 9 1 1
p461 5 7 0
p462 7 10 1
p463 9 4 1
p464 2 8 0
p465 0 2 0
p466 6 3 0
p467 3 7 1
p468 10 1 0
p469 9 5 0
p470 5 7 1
p471 7 1 1
p472 5 2 0
p473 0 6 1
p474 0 4 0
p475 8 7 1
p476 7 10 0
p477 2 6 0
p478 6 3 1
p479 9 6 1
p480 3 8 1
p481 7 8 0
p482 10 9 1
p483 8 8 0
p484 7 1 1
p485 6 6 1
p486 9 5 0
p487 8 4 1
p488 0 4 1
p489 4 9 0
p490 1 10 0
p491 10 4 1
p492 0 5 1
p493 10 2 1
p494 7 2 1
p495 9 2 0
p496 7 4 0
p497 7 2 1
p498 10 5 0
p499 6 10 0
p500 0 7 1