500
p1 0 10 0
p1 10 3 0
p2 6 2 0
p3 1 1 0
p4 10 4 1
p5 1 10 0
p6 6 9 1
p7 10 5 0
p8 3 3 0
p9 8 1 1
p10 10 10 0
p11 1 9 1
p12 7 10 0
p13 1 3 1
p14 1 3 0
p15 1 7 1
p16 1 2 0
p17 10 3 0
p18 4 6 1
p19 7 4 1
p20 6 9 1
p21 0 7 1
p22 3 2 1
p23 9 6 1
p24 6 7 1
p25 1 6 1
p26 4 4 0
p27 5 5 1
p28 0 2 0
p29 7 2 1
p30 6 3 0
p31 2 10 0
p32 5 3 1
p33 7 6 1
p34 9 2 1
p35 8 10 0
p36 5 5 1
p37 2 3 1
p38 3 3 1
p39 6 6 0
p40 8 4 0
p41 0 2 1
p42 3 3 1
p43 1 1 0
p44 5 10 1
p45 6 5 0
p46 3 2 1
p47 8 3 1
p48 9 3 1
p49 6 7 0
p50 10 8 1
p51 1 8 0
p52 2 3 0
p53 2 4 0
p54 1 2 0
p55 3 9 0
p56 9 7 1
p57 2 6 1
p58 4 4 1
p59 6 4 1
p60 4 7 1
p61 0 5 0
p62 2 10 0
p63 7 2 0
p64 8 3 1
p65 5 10 0
p66 8 5 0
p67 0 3 1
p68 3 6 0
p69 7 10 1
p70 5 8 0
p71 7 5 0
p72 0 5 1
p73 10 10 0
p74 0 1 1
p75 1 8 0
p76 5 9 0
p77 4 2 0
p78 4 3 1
p79 4 3 0
p80 7 6 1
p81 5 3 1
p82 4 3 0
p83 10 8 1
p84 9 3 1
p85 3 2 0
p86 7 2 0
p87 6 1 0
p88 2 2 0
p89 8 4 0
p90 8 8 1
p91 2 1 1
p92 3 9 0
p93 10 1 1
p94 10 10 0
p95 9 2 1
p96 8 2 0
p97 7 8 0
p98 3 4 0
p99 0 3 1
p100 1 8 0
p101 2 6 1
p102 8 10 1
p103 0 9 1
p104 6 10 1
p105 5 5 0
p106 5 3 0
p107 1 5 1
p108 5 1 1
p109 10 7 1
p110 9 3 1
p111 8 8 0
p112 1 5 1
p113 1 6 0
p114 10 1 1
p115 8 9 1
p116 0 3 1
p117 5 7 1
p118 5 9 1
p119 1 2 1
p120 10 2 1
p121 6 2 1
p122 2 6 1
p123 9 2 1
p124 6 2 1
p125 3 7 1
p126 8 7 1
p127 2 4 1
p128 9 1 0
p129 4 7 1
p130 2 1 0
p131 7 7 1
p132 3 4 0
p133 5 3 0
p134 5 1 1
p135 8 1 0
p136 4 4 0
p137 0 4 1
p138 6 6 0
p139 3 2 0
p140 3 7 0
p141 0 5 1
p142 5 5 0
p143 7 2 0
p144 5 4 1
p145 0 3 1
p146 8 5 0
p147 8 7 1
p148 1 5 1
p149 8 10 0
p150 4 1 0
p151 9 1 0
p152 7 5 0
p153 2 4 1
p154 9 6 0
p155 7 10 0
p156 6 4 1
p157 5 6 1
p158 3 10 1
p159 8 7 1
p160 5 5 1
p161 3 2 1
p162 7 9 0
p163 0 9 1
p164 5 6 0
p165 9 3 0
p166 5 10 1
p167 10 10 1
p168 9 8 0
p169 0 9 0
p170 8 6 1
p171 1 9 0
p172 2 3 0
p173 4 9 1
p174 2 2 0
p175 10 8 0
p176 0 5 1
p177 9 10 1
p178 0 1 0
p179 6 6 1
p180 0 9 0
p181 0 8 1
p182 9 2 1
p183 4 6 1
p184 8 5 0
p185 3 4 0
p186 0 4 0
p187 3 1 1
p188 3 7 0
p189 5 7 1
p190 3 5 1
p191 2 9 0
p192 2 10 1
p193 2 6 0
p194 7 5 0
p195 2 8 0
p196 8 4 1
p197 8 3 1
p198 9 5 1
p199 1 9 1
p200 1 3 1
p201 6 7 1
p202 8 8 1
p203 1 10 0
p204 6 3 1
p205 6 8 0
p206 2 8 1
p207 7 3 1
p208 4 4 1
p209 4 3 0
p210 2 3 0
p211 6 9 0
p212 6 5 1
p213 0 4 0
p214 1 4 0
p215 7 7 1
p216 8 9 0
p217 2 7 1
p218 1 9 0
p219 8 3 1
p220 5 7 1
p221 5 9 1
p222 10 5 1
p223 0 7 1
p224 6 10 0
p225 0 2 0
p226 8 7 1
p227 3 3 1
p228 3 10 1
p229 4 3 1
p230 8 4 0
p231 3 3 0
p232 5 8 0
p233 9 8 1
p234 6 2 0
p235 9 2 0
p236 6 10 0
p237 9 10 0
p238 9 9 1
p239 1 8 0
p240 0 5 1
p241 5 9 0
p242 0 10 1
p243 2 7 1
p244 8 9 0
p245 10 4 0
p246 3 7 1
p247 2 9 0
p248 0 8 0
p249 8 10 1
p250 7 4 1
p251 4 4 1
p252 7 3 1
p253 0 2 1
p254 2 2 0
p255 8 4 1
p256 8 7 1
p257 8 1 1
p258 9 10 0
p259 1 4 1
p260 2 8 1
p261 4 3 0
p262 3 5 0
p263 1 10 1
p264 7 6 0
p265 4 6 0
p266 3 5 0
p267 6 6 0
p268 2 6 1
p269 7 1 0
p270 1 10 1
p271 5 7 0
p272 9 3 0
p273 8 6 1
p274 9 6 0
p275 0 1 1
p276 1 6 1
p277 3 9 1
p278 10 10 0
p279 9 8 0
p280 8 3 0
p281 1 9 0
p282 4 1 0
p283 1 2 1
p284 10 7 0
p285 2 4 0
p286 5 9 0
p287 7 10 0
p288 2 9 1
p289 9 6 0
p290 9 8 0
p291 8 1 0
p292 5 6 1
p293 6 1 0
p294 5 3 0
p295 8 1 1
p296 5 10 1
p297 1 3 0
p298 2 1 1
p299 7 7 0
p300 9 4 1
p301 2 10 1
p302 5 5 0
p303 9 9 0
p304 9 3 0
p305 2 9 0
p306 1 7 0
p307 3 6 0
p308 2 4 1
p309 7 10 1
p310 1 5 0
p311 7 10 0
p312 9 3 0
p313 4 6 0
p314 9 9 0
p315 5 10 0
p316 8 3 1
p317 7 10 0
p318 3 7 1
p319 10 7 1
p320 4 7 1
p321 1 3 0
p322 3 1 0
p323 10 1 1
p324 6 7 1
p325 7 4 1
p326 10 2 1
p327 7 1 0
p328 10 5 0
p329 0 6 0
p330 3 3 1
p331 7 8 1
p332 1 3 1
p333 1 2 1
p334 5 5 0
p335 7 5 1
p336 2 2 0
p337 0 9 1
p338 3 7 1
p339 2 10 1
p340 2 8 1
p341 4 5 0
p342 0 6 0
p343 2 9 1
p344 1 4 1
p345 5 7 0
p346 8 8 1
p347 9 3 1
p348 10 1 1
p349 7 9 0
p350 7 5 1
p351 1 5 1
p352 3 2 0
p353 1 8 1
p354 5 4 0
p355 7 6 0
p356 4 10 0
p357 7 8 0
p358 6 9 0
p359 6 9 0
p360 1 3 1
p361 7 7 1
p362 5 8 0
p363 9 8 1
p364 8 8 1
p365 5 7 0
p366 7 6 1
p367 6 8 0
p368 0 1 0
p369 7 6 1
p370 3 2 1
p371 1 3 1
p372 7 9 0
p373 4 2 0
p374 8 2 1
p375 6 5 1
p376 3 6 0
p377 7 3 1
p378 1 8 1
p379 1 4 1
p380 7 3 0
p381 5 6 0
p382 5 1 0
p383 1 7 0
p384 2 5 1
p385 1 10 1
p386 5 4 0
p387 7 1 0
p388 1 6 0
p389 2 10 1
p390 6 9 1
p391 1 1 1
p392 3 1 1
p393 5 9 1
p394 8 9 0
p395 5 2 1
p396 10 4 0
p397 10 2 0
p398 7 1 0
p399 2 3 1
p400 2 5 0
p401 8 4 0
p402 0 10 0
p403 4 8 0
p404 4 2 0
p405 7 3 1
p406 8 8 0
p407 9 2 1
p408 4 10 1
p409 6 6 0
p410 3 7 0
p411 1 6 1
p412 3 8 0
p413 4 3 1
p414 3 10 0
p415 2 4 1
p416 2 6 0
p417 8 1 1
p418 3 6 0
p419 6 1 1
p420 10 1 0
p421 8 10 1
p422 0 1 1
p423 8 10 1
p424 6 2 0
p425 0 1 0
p426 6 1 1
p427 1 7 1
p428 1 1 0
p429 6 3 0
p430 3 8 1
p431 7 10 0
p432 0 1 0
p433 3 6 1
p434 7 1 1
p435 9 9 1
p436 2 1 1
p437 5 8 1
p438 7 1 0
p439 10 2 0
p440 7 4 1
p441 2 9 0
p442 6 1 0
p443 0 6 0
p444 8 2 0
p445 1 5 0
p446 1 4 1
p447 1 3 0
p448 4 5 0
p449 5 1 1
p450 5 8 1
p451 7 2 1
p452 4 8 1
p453 5 2 0
p454 0 8 1
p455 2 6 0
p456 1 10 1
p457 5 10 1
p458 0 4 1
p459 8 4 0
p460 4 2 1
p461 10 8 1
p462 1 10 0
p463 6 8 0
p464 8 1 1
p465 1 6 0
p466 2 5 1
p467 4 6 1
p468 9 1 0
p469 4 8 0
p470 7 1 1
p471 3 5 0
p472 4 10 1
p473 5 4 1
p474 5 6 1
p475 0 6 0
p476 2 9 0
p477 5 4 1
p478 5 1 1
p479 4 7 1
p480 10 3 1
p481 6 4 0
p482 3 9 1
p483 0 10 1
p484 6 3 0
p485 2 5 1
p486 1 1 0
p487 9 5 1
p488 4 6 1
p489 4 10 1
p490 8 1 1
p491 7 4 1
p492 10 6 1
p493 5 7 0
p494 1 7 0
p495 4 4 0
p496 1 7 0
p497 5 10 1
p498 9 1 0
p499 8 10 1
p500 8 5 0