500
p1 0 10 0
p1 9 9 0
p2 6 1 0
p3 1 10 1
p4 7 9 0
p5 2 10 1
p6 0 2 0
p7 10 3 1
p8 6 2 1
p9 8 9 0
p10 3 3 1
p11 7 2 1
p12 10 2 1
p13 0 2 0
p14 3 5 0
p15 5 2 1
p16 5 3 0
p17 0 7 0
p18 9 6 1
p19 1 2 1
p20 0 6 1
p21 8 8 1
p22 0 4 0
p23 10 5 1
p24 1 10 1
p25 7 6 0
p26 1 2 0
p27 7 3 0
p28 8 4 1
p29 4 3 0
p30 1 3 1
p31 1 9 0
p32 4 5 0
p33 3 1 0
p34 10 5 1
p35 8 7 0
p36 9 7 0
p37 1 10 0
p38 9 7 1
p39 0 1 0
p40 6 9 0
p41 4 7 0
p42 3 5 1
p43 10 8 1
p44 2 1 1
p45 6 4 1
p46 3 7 0
p47 10 2 1
p48 3 6 1
p49 4 8 1
p50 2 6 0
p51 5 9 0
p52 10 7 0
p53 5 9 1
p54 0 3 0
p55 7 1 1
p56 6 7 1
p57 1 7 0
p58 9 3 0
p59 10 7 1
p60 1 5 0
p61 0 7 0
p62 1 8 1
p63 9 9 1
p64 0 4 0
p65 8 7 0
p66 8 6 0
p67 7 1 0
p68 5 9 0
p69 1 8 1
p70 3 1 1
p71 6 5 0
p72 3 10 1
p73 9 1 1
p74 10 5 0
p75 0 4 1
p76 2 3 0
p77 10 6 1
p78 8 9 1
p79 10 4 1
p80 8 4 1
p81 4 4 1
p82 2 4 0
p83 7 2 0
p84 8 5 1
p85 1 8 0
p86 5 9 0
p87 2 8 1
p88 3 1 1
p89 8 10 0
p90 0 3 1
p91 5 5 0
p92 8 5 0
p93 1 10 1
p94 4 10 1
p95 2 9 0
p96 3 7 0
p97 5 10 1
p98 3 7 1
p99 0 10 0
p100 8 4 0
p101 6 1 0
p102 9 4 0
p103 7 7 1
p104 0 6 1
p105 5 9 1
p106 0 7 0
p107 7 6 1
p108 3 3 1
p109 3 5 1
p110 7 3 0
p111 0 7 1
p112 8 8 0
p113 7 8 0
p114 8 2 1
p115 3 2 1
p116 4 5 0
p117 4 3 1
p118 7 1 1
p119 0 1 1
p120 3 4 0
p121 5 4 0
p122 10 4 1
p123 2 8 1
p124 4 10 0
p125 8 9 1
p126 2 6 1
p127 0 6 0
p128 7 2 0
p129 3 9 0
p130 10 1 0
p131 0 7 1
p132 10 3 0
p133 9 8 1
p134 10 2 1
p135 1 1 1
p136 0 9 0
p137 5 10 0
p138 0 6 1
p139 9 1 1
p140 2 2 1
p141 0 1 1
p142 10 7 1
p143 5 4 1
p144 6 2 0
p145 5 2 0
p146 3 5 0
p147 6 10 1
p148 6 5 0
p149 7 6 1
p150 9 2 0
p151 4 9 1
p152 6 2 1
p153 5 2 0
p154 0 2 1
p155 9 9 0
p156 5 8 0
p157 10 9 0
p158 4 2 0
p159 3 6 0
p160 10 5 1
p161 9 7 1
p162 3 10 0
p163 8 7 0
p164 9 5 1
p165 7 7 0
p166 1 3 1
p167 0 4 1
p168 10 8 0
p169 7 2 1
p170 8 8 1
p171 5 8 1
p172 9 5 0
p173 6 5 1
p174 0 1 1
p175 8 4 0
p176 1 5 0
p177 4 2 1
p178 1 4 0
p179 5 6 0
p180 3 4 1
p181 0 5 0
p182 0 3 0
p183 8 6 0
p184 2 3 0
p185 6 8 1
p186 8 2 1
p187 0 10 0
p188 2 2 1
p189 0 9 0
p190 3 6 1
p191 0 1 1
p192 0 10 0
p193 2 10 1
p194 3 3 0
p195 1 2 1
p196 1 10 0
p197 6 7 1
p198 1 4 1
p199 7 1 1
p200 9 8 0
p201 0 6 0
p202 7 10 0
p203 8 4 1
p204 5 4 0
p205 10 2 1
p206 8 9 0
p207 0 3 1
p208 1 3 0
p209 0 7 0
p210 3 10 1
p211 0 4 0
p212 4 7 1
p213 5 9 0
p214 5 10 1
p215 9 9 0
p216 10 9 0
p217 2 9 0
p218 10 9 0
p219 9 4 1
p220 10 10 0
p221 7 3 1
p222 7 6 1
p223 10 9 1
p224 7 3 0
p225 10 10 0
p226 9 3 0
p227 3 3 1
p228 9 8 1
p229 4 3 1
p230 9 8 0
p231 7 4 0
p232 9 6 1
p233 1 1 1
p234 10 6 0
p235 10 4 1
p236 5 4 1
p237 9 10 0
p238 4 2 1
p239 4 3 0
p240 8 10 1
p241 4 8 1
p242 4 6 0
p243 1 6 1
p244 7 6 0
p245 7 4 0
p246 8 10 1
p247 1 3 1
p248 3 3 0
p249 6 1 0
p250 3 5 0
p251 6 2 1
p252 6 10 0
p253 10 9 0
p254 5 7 1
p255 7 6 0
p256 5 7 1
p257 4 4 0
p258 4 9 0
p259 7 2 0
p260 3 2 1
p261 1 10 0
p262 6 1 1
p263 8 3 1
p264 3 5 0
p265 0 4 1
p266 9 3 1
p267 2 10 1
p268 9 3 1
p269 10 5 0
p270 1 10 0
p271 10 6 1
p272 8 2 0
p273 7 6 0
p274 8 4 0
p275 8 1 0
p276 0 4 0
p277 3 8 1
p278 6 3 0
p279 3 10 0
p280 6 1 1
p281 0 10 1
p282 0 1 0
p283 2 3 1
p284 0 5 0
p285 3 3 0
p286 6 6 1
p287 1 1 0
p288 2 10 0
p289 2 7 1
p290 8 3 0
p291 0 6 1
p292 1 3 1
p293 2 2 1
p294 2 7 0
p295 2 3 0
p296 0 2 0
p297 5 10 0
p298 7 8 1
p299 1 5 0
p300 1 1 0
p301 3 7 1
p302 9 5 0
p303 3 10 1
p304 1 9 0
p305 10 3 0
p306 5 6 1
p307 7 1 1
p308 7 4 0
p309 9 3 0
p310 6 4 1
p311 2 1 1
p312 5 3 1
p313 7 2 0
p314 6 9 1
p315 1 7 1
p316 8 6 0
p317 1 7 0
p318 9 4 1
p319 4 5 0
p320 8 9 1
p321 8 6 0
p322 4 8 0
p323 7 2 0
p324 5 3 0
p325 0 7 0
p326 7 6 0
p327 3 5 0
p328 1 3 0
p329 6 1 0
p330 0 2 0
p331 0 9 1
p332 5 2 0
p333 7 2 1
p334 10 10 0
p335 5 6 0
p336 7 2 1
p337 2 5 0
p338 8 7 0
p339 7 2 1
p340 7 1 0
p341 5 9 0
p342 10 8 1
p343 5 5 0
p344 10 8 0
p345 6 7 1
p346 4 8 0
p347 3 10 1
p348 1 8 1
p349 7 8 0
p350 0 2 0
p351 2 10 0
p352 8 8 1
p353 2 5 1
p354 9 3 0
p355 10 1 0
p356 7 9 0
p357 8 4 1
p358 2 2 0
p359 2 6 1
p360 10 7 0
p361 4 8 1
p362 8 9 1
p363 1 2 1
p364 10 10 1
p365 7 9 1
p366 0 8 1
p367 0 9 0
p368 7 5 1
p369 7 6 0
p370 7 1 0
p371 1 2 1
p372 6 7 0
p373 7 6 1
p374 10 3 0
p375 3 6 1
p376 1 9 0
p377 10 5 0
p378 5 9 0
p379 4 6 1
p380 6 9 1
p381 4 3 0
p382 9 6 0
p383 7 6 0
p384 2 3 0
p385 9 7 1
p386 9 8 1
p387 5 8 1
p388 9 10 0
p389 8 8 1
p390 4 5 1
p391 5 10 1
p392 6 6 0
p393 1 7 1
p394 1 5 1
p395 4 7 1
p396 6 7 0
p397 5 10 1
p398 3 6 1
p399 6 1 0
p400 5 10 0
p401 0 3 1
p402 10 1 1
p403 6 5 1
p404 6 9 1
p405 7 7 1
p406 10 2 1
p407 5 8 1
p408 2 6 0
p409 3 8 0
p410 10 9 1
p411 0 10 0
p412 4 2 0
p413 0 10 0
p414 8 10 0
p415 4 8 0
p416 9 9 1
p417 0 8 0
p418 2 7 0
p419 4 3 1
p420 0 10 0
p421 2 9 1
p422 6 9 0
p423 5 3 1
p424 9 1 1
p425 10 5 0
p426 6 8 0
p427 1 8 1
p428 5 4 0
p429 5 1 0
p430 7 5 1
p431 2 5 1
p432 5 2 0
p433 7 8 0
p434 8 9 0
p435 9 5 0
p436 5 10 1
p437 6 9 1
p438 6 10 0
p439 4 7 0
p440 5 1 1
p441 3 2 1
p442 0 9 0
p443 8 5 1
p444 6 8 0
p445 0 2 0
p446 7 2 1
p447 10 8 1
p448 0 9 0
p449 10 1 0
p450 3 9 1
p451 7 10 0
p452 3 7 0
p453 4 8 0
p454 8 5 1
p455 10 9 0
p456 8 7 1
p457 6 6 0
p458 9 5 1
p459 5 5 1
p460 3 10 1
p461 5 8 0
p462 3 9 1
p463 2 9 0
p464 0 6 1
p465 10 7 1
p466 3 2 1
p467 0 8 0
p468 9 8 0
p469 4 1 1
p470 8 2 0
p471 4 4 0
p472 4 8 0
p473 9 4 0
p474 1 9 1
p475 5 2 1
p476 2 9 0
p477 8 7 0
p478 7 4 1
p479 1 4 1
p480 1 3 0
p481 4 5 1
p482 9 4 0
p483 8 7 0
p484 0 3 0
p485 10 6 1
p486 7 6 1
p487 3 1 0
p488 1 7 1
p489 8 5 1
p490 9 10 1
p491 1 7 0
p492 2 1 1
p493 2 3 1
p494 1 3 0
p495 1 3 1
p496 9 7 1
p497 6 3 1
p498 0 9 1
p499 0 8 1
p500 9 7 0