500
p1 0 7 1
p1 5 1 1
p2 4 5 0
p3 9 5 1
p4 3 3 0
p5 9 1 1
p6 1 8 0
p7 6 6 1
p8 6 5 1
p9 3 10 0
p10 9 2 0
p11 4 8 1
p12 7 9 1
p13 9 3 1
p14 3 5 1
p15 8 7 0
p16 6 4 1
p17 9 3 0
p18 9 3 1
p19 3 2 0
p20 6 3 1
p21 3 9 0
p22 7 3 1
p23 1 3 1
p24 3 9 1
p25 5 2 0
p26 6 3 1
p27 10 6 1
p28 1 5 1
p29 0 5 0
p30 7 1 0
p31 8 3 0
p32 4 9 1
p33 2 8 1
p34 5 2 1
p35 10 8 1
p36 10 4 1
p37 7 10 1
p38 9 10 1
p39 7 3 1
p40 4 8 1
p41 7 4 1
p42 9 2 1
p43 3 2 0
p44 9 4 0
p45 9 6 1
p46 9 4 1
p47 4 1 0
p48 2 1 1
p49 2 10 1
p50 3 5 0
p51 0 2 1
p52 7 2 0
p53 9 6 1
p54 3 8 1
p55 7 8 0
p56 2 6 0
p57 4 6 0
p58 0 7 1
p59 2 9 0
p60 10 2 1
p61 7 6 0
p62 10 4 1
p63 1 5 1
p64 6 6 0
p65 5 2 1
p66 6 9 1
p67 7 3 0
p68 6 1 1
p69 9 6 1
p70 10 2 1
p71 5 2 0
p72 1 5 1
p73 0 2 1
p74 0 3 1
p75 4 7 0
p76 2 10 0
p77 10 4 0
p78 10 5 0
p79 3 3 1
p80 0 8 0
p81 5 5 1
p82 3 9 1
p83 9 1 0
p84 1 7 1
p85 3 6 1
p86 8 7 0
p87 0 4 0
p88 3 4 0
p89 2 5 1
p90 3 8 0
p91 3 5 0
p92 7 3 1
p93 1 5 1
p94 8 6 1
p95 0 4 1
p96 2 10 1
p97 8 4 0
p98 3 10 0
p99 4 8 0
p100 4 7 1
p101 3 4 0
p102 6 6 0
p103 4 5 0
p104 6 6 1
p105 0 3 0
p106 2 1 1
p107 2 1 0
p108 8 2 1
p109 7 3 0
p110 2 3 0
p111 3 7 1
p112 6 5 0
p113 10 3 0
p114 3 5 0
p115 8 7 0
p116 4 6 0
p117 10 8 0
p118 2 9 1
p119 7 1 1
p120 1 2 1
p121 9 9 1
p122 1 9 0
p123 4 4 0
p124 6 2 0
p125 6 5 1
p126 0 10 0
p127 3 5 0
p128 0 7 0
p129 4 6 0
p130 8 9 0
p131 3 3 0
p132 1 5 0
p133 0 9 0
p134 3 9 1
p135 1 6 1
p136 6 8 0
p137 2 1 1
p138 6 2 1
p139 7 6 0
p140 10 6 0
p141 3 2 1
p142 2 7 1
p143 10 10 1
p144 5 7 1
p145 9 2 0
p146 8 3 0
p147 6 4 0
p148 3 9 1
p149 1 2 0
p150 3 7 0
p151 0 5 1
p152 9 6 1
p153 10 8 0
p154 3 8 0
p155 7 7 1
p156 4 9 1
p157 6 6 0
p158 4 1 0
p159 5 4 1
p160 6 8 0
p161 10 1 0
p162 9 9 1
p163 4 8 1
p164 6 4 0
p165 3 10 1
p166 10 8 1
p167 6 8 0
p168 8 2 1
p169 5 1 0
p170 10 10 1
p171 4 10 0
p172 2 10 0
p173 4 6 0
p174 1 9 1
p175 7 5 0
p176 4 6 1
p177 0 4 0
p178 5 1 1
p179 8 9 1
p180 9 8 1
p181 2 5 0
p182 4 6 1
p183 8 6 0
p184 4 8 1
p185 1 6 1
p186 2 7 0
p187 0 5 1
p188 3 4 0
p189 0 4 0
p190 9 4 1
p191 0 8 1
p192 4 7 0
p193 6 3 1
p194 3 3 0
p195 7 1 1
p196 0 9 1
p197 3 10 0
p198 7 4 1
p199 10 4 1
p200 8 5 0
p201 7 3 1
p202 9 7 0
p203 5 6 0
p204 9 8 1
p205 10 3 1
p206 4 7 1
p207 2 7 0
p208 6 7 0
p209 6 6 1
p210 0 8 1
p211 4 6 1
p212 0 2 1
p213 2 5 0
p214 3 8 0
p215 1 4 0
p216 2 1 1
p217 10 3 1
p218 2 10 1
p219 4 2 1
p220 4 7 0
p221 9 6 1
p222 6 9 0
p223 1 4 1
p224 7 2 0
p225 10 6 1
p226 0 10 1
p227 2 8 0
p228 4 7 1
p229 2 6 0
p230 7 2 0
p231 2 9 1
p232 5 9 0
p233 5 10 1
p234 4 6 0
p235 0 5 0
p236 5 1 1
p237 6 4 0
p238 7 1 1
p239 3 7 0
p240 0 2 0
p241 5 3 0
p242 3 5 1
p243 2 2 0
p244 2 10 1
p245 10 9 0
p246 0 7 0
p247 8 10 0
p248 0 2 0
p249 8 8 0
p250 5 5 1
p251 10 5 1
p252 3 9 1
p253 9 5 1
p254 5 7 0
p255 1 9 0
p256 3 5 0
p257 2 6 0
p258 6 9 1
p259 0 6 0
p260 2 9 0
p261 10 2 1
p262 2 5 1
p263 3 6 0
p264 8 9 0
p265 10 3 0
p266 8 10 0
p267 5 5 1
p268 10 6 1
p269 3 3 0
p270 9 2 0
p271 10 8 1
p272 8 1 0
p273 2 7 1
p274 6 9 1
p275 9 1 1
p276 10 9 0
p277 0 2 0
p278 3 1 1
p279 2 7 1
p280 2 8 0
p281 6 7 1
p282 2 1 1
p283 4 8 0
p284 8 4 0
p285 8 3 0
p286 4 7 0
p287 7 8 0
p288 1 3 0
p289 10 3 1
p290 1 9 0
p291 7 6 0
p292 9 1 0
p293 1 1 1
p294 10 1 0
p295 9 1 1
p296 6 5 1
p297 8 2 0
p298 10 7 0
p299 5 9 0
p300 10 9 1
p301 10 2 0
p302 6 4 0
p303 0 5 1
p304 8 3 1
p305 9 4 1
p306 5 6 0
p307 2 4 1
p308 3 2 1
p309 6 4 1
p310 8 10 0
p311 4 3 1
p312 4 5 0
p313 8 4 0
p314 6 3 0
p315 9 3 0
p316 1 9 1
p317 7 1 0
p318 10 5 1
p319 2 5 0
p320 1 4 1
p321 9 6 0
p322 10 1 0
p323 0 4 1
p324 2 4 0
p325 4 3 0
p326 1 3 0
p327 0 8 0
p328 9 9 0
p329 3 2 1
p330 9 10 0
p331 6 10 0
p332 3 5 0
p333 5 8 1
p334 10 7 0
p335 3 1 0
p336 6 7 0
p337 10 2 1
p338 3 5 0
p339 1 1 1
p340 9 6 0
p341 9 10 1
p342 10 2 1
p343 1 8 0
p344 1 5 0
p345 3 5 1
p346 7 10 1
p347 0 4 1
p348 8 7 1
p349 1 2 0
p350 8 4 1
p351 10 8 0
p352 3 1 1
p353 4 3 0
p354 4 9 0
p355 2 4 0
p356 3 10 0
p357 4 10 1
p358 10 1 1
p359 4 5 0
p360 10 1 1
p361 5 2 1
p362 6 7 1
p363 5 2 1
p364 5 10 1
p365 5 5 1
p366 8 5 0
p367 10 9 1
p368 6 9 1
p369 10 1 1
p370 10 7 0
p371 4 4 1
p372 0 9 1
p373 7 7 0
p374 6 3 0
p375 9 6 0
p376 7 7 1
p377 4 8 1
p378 2 6 1
p379 5 8 0
p380 5 3 0
p381 9 7 0
p382 2 6 0
p383 0 2 1
p384 5 5 1
p385 0 10 0
p386 7 8 0
p387 4 8 1
p388 6 9 1
p389 2 4 0
p390 4 6 0
p391 7 8 0
p392 6 3 1
p393 5 5 0
p394 8 10 1
p395 7 9 0
p396 9 3 0
p397 7 1 1
p398 2 1 0
p399 8 2 1
p400 2 7 0
p401 7 10 1
p402 10 10 1
p403 0 2 1
p404 6 5 1
p405 8 3 1
p406 6 4 1
p407 2 4 0
p408 2 1 0
p409 7 3 1
p410 2 5 1
p411 10 4 0
p412 9 4 1
p413 8 3 0
p414 10 2 0
p415 6 9 1
p416 9 2 0
p417 0 9 1
p418 6 9 1
p419 10 4 1
p420 5 7 0
p421 4 7 1
p422 10 7 0
p423 2 5 0
p424 1 6 0
p425 6 8 0
p426 3 1 1
p427 8 8 1
p428 6 3 1
p429 6 4 0
p430 7 4 1
p431 10 1 1
p432 9 5 1
p433 3 6 1
p434 1 3 0
p435 9 5 1
p436 2 6 0
p437 6 10 1
p438 1 1 0
p439 10 9 1
p440 6 1 1
p441 4 7 1
p442 1 5 1
p443 5 5 0
p444 1 5 1
p445 1 6 1
p446 7 6 1
p447 10 8 0
p448 6 10 0
p449 9 10 0
p450 9 5 1
p451 1 2 1
p452 7 5 1
p453 3 5 1
p454 4 4 0
p455 10 2 1
p456 3 4 0
p457 9 9 1
p458 10 10 1
p459 1 7 0
p460 0 8 0
p461 9 1 0
p462 5 4 0
p463 10 1 0
p464 1 4 1
p465 3 8 1
p466 3 9 0
p467 2 6 0
p468 7 4 0
p469 8 7 0
p470 2 4 1
p471 5 6 0
p472 10 9 1
p473 9 2 1
p474 5 7 0
p475 9 9 1
p476 10 5 0
p477 3 1 1
p478 9 4 0
p479 2 7 0
p480 9 8 1
p481 9 3 0
p482 10 5 1
p483 10 8 0
p484 9 10 0
p485 2 3 1
p486 6 9 1
p487 6 1 1
p488 9 3 0
p489 2 4 0
p490 9 1 1
p491 6 3 0
p492 9 2 0
p493 3 2 1
p494 0 3 0
p495 7 1 0
p496 9 1 0
p497 9 2 0
p498 7 3 1
p499 0 4 0
p500 6 5 0