500
p1 0 2 0
p1 8 8 1
p2 4 6 1
p3 8 2 1
p4 10 8 0
p5 0 2 1
p6 3 8 0
p7 0 1 0
p8 10 3 1
p9 7 3 1
p10 9 5 1
p11 4 2 0
p12 6 9 1
p13 3 2 0
p14 2 9 0
p15 1 10 1
p16 8 7 1
p17 2 5 1
p18 0 7 0
p19 3 3 0
p20 7 6 0
p21 5 8 0
p22 9 4 0
p23 7 10 1
p24 2 2 1
p25 4 3 0
p26 10 8 1
p27 8 2 1
p28 7 5 1
p29 6 3 1
p30 10 10 0
p31 8 7 1
p32 0 1 1
p33 6 1 0
p34 7 10 1
p35 7 6 0
p36 8 10 1
p37 10 3 0
p38 3 8 0
p39 6 6 0
p40 4 3 0
p41 4 10 0
p42 5 1 0
p43 6 4 1
p44 2 3 0
p45 6 10 1
p46 5 9 1
p47 7 3 1
p48 4 2 0
p49 4 8 0
p50 3 1 0
p51 5 6 1
p52 3 3 1
p53 6 5 0
p54 2 5 1
p55 2 3 0
p56 0 2 0
p57 3 1 0
p58 8 4 1
p59 4 3 0
p60 1 3 0
p61 1 5 1
p62 1 5 0
p63 10 4 0
p64 10 5 1
p65 9 7 1
p66 3 8 0
p67 7 8 0
p68 2 9 1
p69 9 1 0
p70 1 9 0
p71 2 9 1
p72 4 6 1
p73 9 4 0
p74 3 7 1
p75 7 8 1
p76 7 8 0
p77 3 5 1
p78 1 3 1
p79 7 3 0
p80 9 4 0
p81 3 6 1
p82 4 6 0
p83 9 6 0
p84 5 5 0
p85 7 4 1
p86 0 9 0
p87 8 8 1
p88 8 7 1
p89 0 8 1
p90 5 5 0
p91 4 3 0
p92 8 7 1
p93 3 3 1
p94 2 6 1
p95 8 9 0
p96 1 2 0
p97 2 10 1
p98 6 2 0
p99 9 9 1
p100 5 10 0
p101 8 5 0
p102 6 6 0
p103 3 7 1
p104 7 4 0
p105 10 3 0
p106 9 3 1
p107 8 2 1
p108 10 4 0
p109 2 3 0
p110 4 2 1
p111 0 3 1
p112 6 8 0
p113 3 10 0
p114 8 6 1
p115 7 10 1
p116 5 9 0
p117 0 9 1
p118 1 8 1
p119 2 3 1
p120 1 1 0
p121 5 2 0
p122 7 2 1
p123 4 1 1
p124 4 3 0
p125 4 5 1
p126 4 2 0
p127 9 8 0
p128 8 3 1
p129 4 8 1
p130 4 1 1
p131 6 3 0
p132 1 10 0
p133 6 6 0
p134 3 9 1
p135 5 3 1
p136 4 10 0
p137 6 6 1
p138 8 1 1
p139 7 3 0
p140 3 2 0
p141 3 10 0
p142 2 3 0
p143 8 5 1
p144 4 8 1
p145 6 7 1
p146 10 5 1
p147 10 10 0
p148 6 10 0
p149 8 4 0
p150 3 6 1
p151 7 6 1
p152 8 5 1
p153 8 9 1
p154 5 6 0
p155 2 2 0
p156 7 4 0
p157 8 10 1
p158 6 9 1
p159 9 8 0
p160 6 2 1
p161 1 4 1
p162 3 6 1
p163 9 1 1
p164 5 1 1
p165 1 8 0
p166 2 5 1
p167 2 1 0
p168 6 9 1
p169 0 3 0
p170 4 5 1
p171 7 7 0
p172 2 1 0
p173 8 9 0
p174 4 7 0
p175 2 2 1
p176 8 4 0
p177 0 7 0
p178 8 8 1
p179 4 1 1
p180 5 7 0
p181 7 6 0
p182 2 8 0
p183 9 5 0
p184 3 9 1
p185 9 3 0
p186 10 5 1
p187 8 10 0
p188 9 8 1
p189 2 9 1
p190 1 1 1
p191 0 8 0
p192 10 9 1
p193 1 7 1
p194 6 8 0
p195 3 4 0
p196 7 3 0
p197 5 4 1
p198 0 5 1
p199 7 8 1
p200 5 4 1
p201 6 6 0
p202 8 4 1
p203 9 10 1
p204 8 9 0
p205 6 3 1
p206 6 1 1
p207 3 7 0
p208 8 10 1
p209 6 7 0
p210 8 9 1
p211 9 6 0
p212 5 10 1
p213 6 4 0
p214 0 7 1
p215 8 4 1
p216 10 5 0
p217 1 4 0
p218 2 2 1
p219 6 10 1
p220 7 3 1
p221 2 3 1
p222 4 10 0
p223 10 10 1
p224 10 3 1
p225 9 5 0
p226 10 10 0
p227 4 4 1
p228 10 9 1
p229 4 1 0
p230 4 1 0
p231 4 10 0
p232 8 5 0
p233 4 1 1
p234 9 10 0
p235 9 7 0
p236 6 10 1
p237 8 7 0
p238 3 8 1
p239 3 1 1
p240 10 1 0
p241 10 10 1
p242 2 3 0
p243 1 10 0
p244 2 4 1
p245 4 6 0
p246 2 7 1
p247 6 2 0
p248 7 6 1
p249 4 4 1
p250 1 3 1
p251 6 7 1
p252 10 1 1
p253 3 7 0
p254 6 10 1
p255 7 8 1
p256 5 3 1
p257 6 6 0
p258 6 3 1
p259 0 1 0
p260 0 10 1
p261 5 4 1
p262 1 1 1
p263 10 10 1
p264 3 1 0
p265 9 4 1
p266 5 9 0
p267 8 4 1
p268 2 6 1
p269 4 8 1
p270 1 8 0
p271 7 7 1
p272 4 3 1
p273 9 2 0
p274 10 1 1
p275 8 3 0
p276 4 9 1
p277 2 9 0
p278 8 10 1
p279 1 8 1
p280 0 4 0
p281 3 4 0
p282 6 2 0
p283 8 2 1
p284 8 10 1
p285 1 7 1
p286 7 10 1
p287 4 4 0
p288 3 4 1
p289 4 2 0
p290 10 2 1
p291 8 10 0
p292 1 3 0
p293 1 2 1
p294 7 6 0
p295 9 10 1
p296 4 5 0
p297 7 3 1
p298 4 7 0
p299 10 3 0
p300 3 1 1
p301 0 10 0
p302 1 4 0
p303 5 1 0
p304 4 10 1
p305 0 5 0
p306 7 5 1
p307 8 2 1
p308 5 6 0
p309 6 4 0
p310 9 5 0
p311 4 3 1
p312 5 9 1
p313 5 8 1
p314 9 9 0
p315 5 7 0
p316 4 8 0
p317 10 1 0
p318 5 4 1
p319 2 5 0
p320 7 2 0
p321 7 2 0
p322 7 6 1
p323 8 8 0
p324 2 9 0
p325 6 6 1
p326 6 6 0
p327 6 9 1
p328 10 8 0
p329 1 8 0
p330 9 5 1
p331 4 10 0
p332 6 10 1
p333 5 10 0
p334 8 2 0
p335 5 5 0
p336 4 7 1
p337 1 9 0
p338 3 9 1
p339 4 8 0
p340 8 3 0
p341 0 9 1
p342 10 6 1
p343 6 7 0
p344 3 5 1
p345 0 3 0
p346 2 6 0
p347 0 5 0
p348 1 10 0
p349 0 6 1
p350 6 7 1
p351 10 6 0
p352 2 6 1
p353 4 10 1
p354 9 7 1
p355 7 7 1
p356 5 4 0
p357 6 7 1
p358 5 8 0
p359 10 10 1
p360 4 9 1
p361 1 4 1
p362 6 8 0
p363 3 2 1
p364 5 1 0
p365 10 4 0
p366 10 1 1
p367 9 4 0
p368 8 1 1
p369 10 10 1
p370 5 10 1
p371 0 2 0
p372 10 5 1
p373 8 8 0
p374 10 4 1
p375 9 9 0
p376 4 10 1
p377 10 8 0
p378 4 8 1
p379 9 3 0
p380 0 5 0
p381 6 4 1
p382 2 9 1
p383 1 1 0
p384 9 7 1
p385 1 9 0
p386 2 7 1
p387 9 7 0
p388 2 2 0
p389 5 5 0
p390 8 3 0
p391 3 8 1
p392 2 3 1
p393 1 8 0
p394 9 1 0
p395 2 5 1
p396 9 7 1
p397 7 7 1
p398 7 9 1
p399 5 4 1
p400 8 3 0
p401 3 7 1
p402 6 7 0
p403 0 7 1
p404 8 4 1
p405 9 4 1
p406 2 4 1
p407 0 5 1
p408 10 7 1
p409 7 3 0
p410 9 1 1
p411 0 9 1
p412 10 9 1
p413 5 4 0
p414 8 7 1
p415 6 6 0
p416 0 3 1
p417 9 1 1
p418 1 2 0
p419 7 7 0
p420 8 9 1
p421 5 3 1
p422 10 8 1
p423 2 2 0
p424 3 6 0
p425 1 4 0
p426 5 10 0
p427 2 2 0
p428 1 8 1
p429 6 3 1
p430 2 6 1
p431 3 7 1
p432 1 6 1
p433 4 1 0
p434 10 6 1
p435 1 8 0
p436 2 10 0
p437 10 5 1
p438 3 2 0
p439 2 4 0
p440 3 9 0
p441 0 5 0
p442 4 7 1
p443 2 8 0
p444 0 3 1
p445 8 9 1
p446 6 3 0
p447 8 5 1
p448 8 9 0
p449 9 9 1
p450 3 6 0
p451 0 2 0
p452 3 10 0
p453 1 7 1
p454 2 6 0
p455 9 3 0
p456 0 10 1
p457 2 9 1
p458 5 9 0
p459 7 10 0
p460 3 8 1
p461 7 3 0
p462 9 7 0
p463 0 6 0
p464 2 1 0
p465 6 7 0
p466 0 9 1
p467 5 1 1
p468 0 2 1
p469 5 3 1
p470 5 7 0
p471 10 8 0
p472 5 7 0
p473 10 2 1
p474 10 1 1
p475 8 6 0
p476 9 8 0
p477 8 6 0
p478 2 10 1
p479 8 8 1
p480 3 10 1
p481 1 1 0
p482 3 5 0
p483 9 2 0
p484 0 10 0
p485 7 6 0
p486 6 6 1
p487 8 7 0
p488 2 1 0
p489 4 7 1
p490 6 3 1
p491 3 2 1
p492 8 3 1
p493 3 2 1
p494 3 9 0
p495 1 10 0
p496 2 6 1
p497 6 5 0
p498 8 5 0
p499 1 3 0
p500 5 7 1