500
p1 0 4 0
p1 6 1 1
p2 6 1 0
p3 8 3 0
p4 8 8 1
p5 4 7 1
p6 3 6 0
p7 6 6 1
p8 6 10 0
p9 4 9 0
p10 8 2 1
p11 0 6 0
p12 1 4 0
p13 6 6 1
p14 1 1 0
p15 3 3 0
p16 0 2 1
p17 5 6 1
p18 0 9 0
p19 7 3 0
p20 6 5 1
p21 5 8 0
p22 5 5 0
p23 1 1 1
p24 2 10 1
p25 10 8 0
p26 6 8 1
p27 6 6 0
p28 8 1 0
p29 6 6 0
p30 9 8 0
p31 10 7 0
p32 8 6 0
p33 2 5 0
p34 3 10 0
p35 6 6 1
p36 5 7 0
p37 3 4 1
p38 4 3 1
p39 1 1 1
p40 9 3 0
p41 4 6 0
p42 3 10 1
p43 10 6 1
p44 5 7 0
p45 5 6 0
p46 7 4 0
p47 3 6 1
p48 7 7 0
p49 6 5 0
p50 9 4 0
p51 7 2 1
p52 5 8 1
p53 6 6 0
p54 1 9 1
p55 2 7 0
p56 8 9 1
p57 3 6 0
p58 1 10 1
p59 3 3 1
p60 0 4 0
p61 1 6 0
p62 8 9 1
p63 0 6 1
p64 3 3 1
p65 6 1 1
p66 4 2 0
p67 3 8 1
p68 3 10 0
p69 10 3 0
p70 1 7 1
p71 8 6 1
p72 1 7 1
p73 1 1 0
p74 8 4 1
p75 3 3 1
p76 3 3 0
p77 1 10 0
p78 1 9 1
p79 10 6 1
p80 8 9 1
p81 10 1 1
p82 7 5 1
p83 5 3 0
p84 10 7 1
p85 2 7 1
p86 5 2 1
p87 4 9 0
p88 10 7 1
p89 5 1 0
p90 10 1 0
p91 5 5 1
p92 3 4 1
p93 8 4 1
p94 10 7 0
p95 10 4 0
p96 0 5 1
p97 7 6 1
p98 1 3 1
p99 2 9 1
p100 1 4 1
p101 6 1 0
p102 6 1 1
p103 0 5 1
p104 10 2 1
p105 9 9 0
p106 2 5 0
p107 10 4 1
p108 1 8 1
p109 9 3 1
p110 9 8 1
p111 10 10 1
p112 10 10 0
p113 1 6 0
p114 0 2 1
p115 4 1 1
p116 7 3 1
p117 9 1 1
p118 3 3 0
p119 10 7 1
p120 2 3 0
p121 8 2 1
p122 9 1 1
p123 0 3 0
p124 0 5 1
p125 7 1 0
p126 8 6 0
p127 3 8 0
p128 9 1 0
p129 3 5 1
p130 1 3 1
p131 0 8 0
p132 7 1 0
p133 8 3 0
p134 10 10 0
p135 4 6 1
p136 8 5 0
p137 4 8 1
p138 10 6 1
p139 4 1 0
p140 8 6 0
p141 9 8 0
p142 2 8 0
p143 10 6 0
p144 9 9 1
p145 0 10 0
p146 7 6 1
p147 6 3 0
p148 10 4 0
p149 6 9 0
p150 10 10 1
p151 0 3 1
p152 7 9 0
p153 5 2 1
p154 6 10 0
p155 0 7 1
p156 3 10 0
p157 0 10 0
p158 5 6 1
p159 6 3 0
p160 2 2 1
p161 8 5 1
p162 10 1 1
p163 5 10 1
p164 1 6 0
p165 7 2 0
p166 5 10 0
p167 4 1 1
p168 5 8 0
p169 9 2 0
p170 6 1 1
p171 7 6 0
p172 4 2 0
p173 3 2 1
p174 2 8 1
p175 6 1 0
p176 8 4 1
p177 3 7 1
p178 2 8 0
p179 10 7 1
p180 3 6 0
p181 6 4 1
p182 3 4 1
p183 2 5 0
p184 4 1 1
p185 9 3 0
p186 0 6 1
p187 2 1 1
p188 6 4 0
p189 3 5 1
p190 9 8 0
p191 4 9 0
p192 7 10 1
p193 3 5 1
p194 8 2 1
p195 3 7 1
p196 3 1 1
p197 1 5 1
p198 3 1 0
p199 10 5 0
p200 1 8 0
p201 2 2 0
p202 8 5 0
p203 0 7 0
p204 1 1 1
p205 4 7 0
p206 2 3 0
p207 4 8 0
p208 0 4 0
p209 0 3 0
p210 7 2 0
p211 6 6 1
p212 7 2 1
p213 1 3 1
p214 8 5 1
p215 9 10 0
p216 4 1 0
p217 2 4 0
p218 8 9 1
p219 3 5 1
p220 10 1 1
p221 4 7 0
p222 10 1 0
p223 0 6 0
p224 1 5 1
p225 10 9 0
p226 3 10 0
p227 9 4 0
p228 4 1 0
p229 0 7 0
p230 9 1 0
p231 0 9 0
p232 4 4 1
p233 6 10 0
p234 8 5 0
p235 6 1 0
p236 4 6 1
p237 8 5 1
p238 8 2 1
p239 2 6 1
p240 3 8 1
p241 1 1 1
p242 8 1 0
p243 4 8 1
p244 2 8 1
p245 8 5 0
p246 7 9 1
p247 5 1 1
p248 10 7 0
p249 1 3 1
p250 1 8 1
p251 5 10 1
p252 6 4 1
p253 1 5 1
p254 3 4 0
p255 9 9 1
p256 9 6 1
p257 6 9 1
p258 5 1 1
p259 10 5 1
p260 0 4 1
p261 3 4 0
p262 6 2 1
p263 4 3 1
p264 0 7 0
p265 4 6 0
p266 4 4 1
p267 10 6 0
p268 4 8 0
p269 3 9 0
p270 1 8 1
p271 9 6 1
p272 5 2 0
p273 10 7 0
p274 2 1 0
p275 5 1 0
p276 5 3 1
p277 5 5 0
p278 2 7 1
p279 6 7 0
p280 2 1 1
p281 4 2 1
p282 5 3 0
p283 0 9 0
p284 1 2 0
p285 9 1 0
p286 2 2 0
p287 0 3 1
p288 4 3 1
p289 0 6 1
p290 7 6 0
p291 3 7 1
p292 1 1 0
p293 8 3 0
p294 4 4 0
p295 2 2 0
p296 0 3 0
p297 8 8 0
p298 0 9 0
p299 1 7 0
p300 5 8 1
p301 10 8 1
p302 3 1 1
p303 1 10 1
p304 1 5 1
p305 4 4 0
p306 2 9 0
p307 10 5 1
p308 10 6 1
p309 6 10 0
p310 3 6 1
p311 1 3 0
p312 0 4 0
p313 7 3 1
p314 8 1 1
p315 5 6 0
p316 6 6 0
p317 2 10 1
p318 2 10 0
p319 1 1 0
p320 8 7 1
p321 6 7 1
p322 9 5 1
p323 7 1 1
p324 4 10 1
p325 8 6 1
p326 4 4 0
p327 4 4 0
p328 6 6 1
p329 10 8 1
p330 3 9 0
p331 5 6 0
p332 10 8 0
p333 0 5 0
p334 7 6 1
p335 1 9 0
p336 5 5 1
p337 8 4 1
p338 1 4 0
p339 10 7 1
p340 2 7 0
p341 9 1 1
p342 1 10 0
p343 8 8 0
p344 5 9 0
p345 0 2 0
p346 9 8 0
p347 1 1 0
p348 3 1 1
p349 2 9 1
p350 3 7 0
p351 0 10 0
p352 9 10 1
p353 4 8 0
p354 5 6 0
p355 2 6 0
p356 2 5 1
p357 9 5 1
p358 4 2 0
p359 4 9 0
p360 7 6 0
p361 3 1 0
p362 8 3 1
p363 1 8 0
p364 7 3 1
p365 5 4 1
p366 2 9 1
p367 1 6 1
p368 1 8 0
p369 2 9 0
p370 3 7 0
p371 4 2 0
p372 2 2 1
p373 10 10 0
p374 3 1 0
p375 8 5 1
p376 4 7 1
p377 7 5 0
p378 7 8 1
p379 9 9 1
p380 1 8 0
p381 9 2 1
p382 0 2 0
p383 4 5 1
p384 1 10 0
p385 5 3 0
p386 9 10 1
p387 9 7 1
p388 4 6 0
p389 10 2 0
p390 9 2 1
p391 7 10 1
p392 4 10 0
p393 10 2 1
p394 4 7 0
p395 1 7 0
p396 6 5 0
p397 9 3 0
p398 2 5 1
p399 4 2 0
p400 6 1 1
p401 10 10 0
p402 6 4 0
p403 9 1 1
p404 4 3 1
p405 7 1 1
p406 3 9 0
p407 5 9 0
p408 9 3 0
p409 10 10 1
p410 3 8 0
p411 0 8 1
p412 10 1 1
p413 0 9 1
p414 5 9 1
p415 3 8 1
p416 0 2 1
p417 3 7 1
p418 8 5 0
p419 10 10 1
p420 7 5 0
p421 7 2 0
p422 2 2 0
p423 1 5 0
p424 8 2 1
p425 9 4 0
p426 10 3 1
p427 7 1 0
p428 8 6 0
p429 6 6 1
p430 3 3 1
p431 2 6 1
p432 10 6 0
p433 4 10 0
p434 2 6 1
p435 5 10 0
p436 0 10 1
p437 1 6 1
p438 1 10 0
p439 6 5 1
p440 2 8 1
p441 3 1 0
p442 10 10 0
p443 9 7 1
p444 1 1 0
p445 10 10 1
p446 8 6 1
p447 1 5 0
p448 6 6 1
p449 9 7 0
p450 9 5 1
p451 9 6 1
p452 7 5 0
p453 4 9 0
p454 9 8 1
p455 10 1 0
p456 1 4 1
p457 6 10 1
p458 4 3 0
p459 7 4 0
p460 0 5 0
p461 3 8 0
p462 9 5 0
p463 4 4 0
p464 1 6 0
p465 3 8 0
p466 0 10 1
p467 6 3 0
p468 9 5 0
p469 8 4 1
p470 0 7 0
p471 3 1 1
p472 2 8 1
p473 9 9 0
p474 6 4 1
p475 8 3 0
p476 0 6 0
p477 10 8 0
p478 6 8 0
p479 5 9 1
p480 3 10 1
p481 10 7 1
p482 9 7 0
p483 9 4 0
p484 3 8 0
p485 9 6 0
p486 3 2 1
p487 7 7 0
p488 3 6 0
p489 8 7 0
p490 5 8 1
p491 3 4 1
p492 5 2 1
p493 0 6 1
p494 10 3 0
p495 5 6 0
p496 6 6 1
p497 6 2 0
p498 6 3 1
p499 5 8 0
p500 1 4 1