500
p1 0 8 1
p1 2 3 1
p2 5 4 0
p3 4 4 1
p4 10 5 1
p5 5 3 0
p6 8 9 1
p7 10 10 0
p8 10 1 1
p9 5 3 0
p10 6 7 1
p11 10 6 0
p12 2 6 1
p13 3 3 0
p14 7 9 0
p15 4 8 1
p16 0 4 1
p17 6 2 0
p18 4 3 0
p19 7 10 0
p20 8 9 0
p21 7 7 1
p22 7 6 0
p23 7 1 1
p24 7 5 1
p25 5 3 0
p26 2 10 0
p27 5 5 1
p28 4 6 1
p29 6 4 1
p30 7 3 1
p31 2 1 1
p32 2 9 0
p33 3 4 0
p34 6 8 0
p35 0 9 0
p36 3 8 0
p37 9 5 0
p38 8 3 1
p39 7 10 0
p40 0 10 0
p41 6 2 0
p42 0 7 0
p43 4 5 0
p44 1 6 1
p45 6 4 1
p46 4 3 1
p47 2 1 1
p48 10 9 1
p49 4 1 1
p50 7 5 0
p51 2 3 1
p52 9 1 1
p53 0 4 0
p54 2 4 1
p55 2 9 1
p56 0 9 1
p57 2 4 1
p58 7 2 0
p59 2 6 0
p60 10 3 0
p61 8 7 0
p62 5 9 1
p63 3 3 0
p64 6 10 1
p65 7 4 0
p66 5 3 0
p67 2 8 1
p68 5 1 0
p69 3 6 0
p70 8 6 0
p71 1 6 0
p72 5 3 0
p73 4 4 1
p74 7 10 0
p75 5 2 1
p76 5 3 1
p77 4 9 0
p78 10 9 1
p79 7 10 0
p80 9 8 0
p81 1 4 1
p82 0 2 0
p83 9 6 1
p84 10 9 0
p85 1 6 0
p86 8 7 0
p87 6 10 1
p88 7 9 1
p89 7 8 0
p90 10 3 1
p91 1 6 0
p92 6 8 0
p93 0 5 1
p94 6 2 1
p95 9 8 1
p96 2 4 1
p97 3 8 1
p98 0 5 1
p99 0 4 0
p100 7 4 0
p101 2 2 1
p102 8 4 1
p103 9 3 1
p104 6 4 0
p105 6 7 1
p106 4 2 1
p107 3 3 0
p108 6 4 0
p109 9 7 0
p110 1 5 1
p111 7 9 1
p112 6 1 0
p113 10 3 0
p114 6 10 1
p115 3 4 1
p116 10 8 0
p117 6 9 1
p118 4 9 0
p119 10 6 0
p120 0 9 1
p121 4 10 1
p122 0 4 1
p123 4 4 1
p124 7 8 0
p125 4 3 1
p126 2 4 0
p127 5 7 0
p128 2 9 0
p129 5 6 1
p130 1 2 1
p131 0 10 0
p132 0 5 0
p133 7 10 1
p134 8 6 0
p135 9 1 1
p136 2 7 0
p137 5 8 0
p138 6 10 1
p139 9 4 0
p140 5 7 1
p141 0 4 1
p142 1 9 1
p143 4 10 1
p144 5 9 0
p145 1 5 0
p146 3 5 0
p147 10 6 0
p148 7 7 1
p149 6 6 1
p150 9 3 1
p151 1 6 0
p152 9 3 0
p153 9 2 0
p154 4 4 0
p155 2 8 0
p156 3 2 1
p157 9 5 0
p158 6 9 0
p159 5 10 1
p160 6 7 0
p161 2 10 1
p162 4 3 1
p163 8 10 0
p164 0 2 1
p165 0 6 0
p166 4 2 1
p167 4 7 0
p168 5 9 0
p169 9 1 0
p170 2 4 0
p171 3 6 1
p172 5 3 0
p173 2 4 1
p174 7 7 1
p175 3 4 0
p176 9 7 0
p177 10 6 0
p178 2 6 0
p179 3 5 1
p180 9 9 0
p181 5 3 0
p182 0 4 0
p183 3 2 1
p184 3 10 1
p185 10 3 0
p186 6 10 0
p187 2 1 1
p188 9 4 1
p189 8 8 1
p190 7 3 1
p191 6 3 1
p192 1 3 0
p193 5 2 1
p194 0 5 0
p195 8 3 0
p196 7 4 1
p197 2 2 0
p198 3 1 1
p199 8 4 0
p200 9 2 1
p201 3 8 1
p202 7 1 1
p203 8 3 1
p204 4 7 1
p205 2 1 0
p206 5 2 1
p207 8 1 0
p208 0 1 0
p209 3 7 1
p210 0 3 0
p211 10 1 0
p212 5 1 0
p213 3 10 0
p214 10 7 0
p215 3 3 1
p216 4 2 0
p217 10 3 0
p218 9 8 0
p219 0 3 0
p220 2 6 1
p221 7 10 1
p222 3 9 1
p223 0 8 0
p224 2 6 1
p225 10 4 1
p226 8 1 0
p227 7 6 1
p228 3 7 0
p229 4 6 0
p230 9 1 1
p231 2 1 0
p232 2 4 1
p233 6 6 0
p234 8 6 0
p235 3 4 1
p236 2 2 1
p237 0 1 0
p238 4 3 0
p239 1 9 0
p240 7 5 0
p241 9 7 0
p242 10 3 0
p243 8 7 1
p244 10 8 0
p245 1 3 1
p246 4 8 0
p247 4 5 1
p248 8 3 1
p249 5 5 1
p250 3 2 1
p251 2 5 1
p252 2 8 0
p253 1 8 0
p254 4 6 1
p255 7 5 0
p256 0 4 1
p257 4 9 1
p258 10 1 1
p259 2 7 1
p260 4 7 1
p261 1 1 1
p262 6 10 0
p263 9 9 1
p264 3 5 0
p265 7 5 0
p266 1 1 0
p267 1 5 0
p268 3 10 0
p269 2 10 0
p270 6 9 0
p271 3 7 1
p272 9 9 0
p273 3 1 1
p274 2 8 1
p275 2 6 0
p276 5 2 0
p277 4 5 0
p278 3 9 1
p279 9 6 0
p280 3 10 0
p281 10 8 0
p282 8 10 1
p283 10 7 1
p284 3 6 0
p285 2 4 1
p286 0 7 0
p287 10 9 0
p288 1 2 0
p289 5 4 1
p290 2 2 1
p291 5 4 0
p292 3 4 1
p293 3 10 1
p294 10 3 1
p295 7 9 0
p296 10 4 0
p297 7 6 1
p298 10 1 0
p299 0 2 1
p300 8 8 0
p301 7 5 0
p302 0 5 1
p303 8 8 0
p304 9 3 0
p305 7 8 0
p306 2 10 1
p307 0 1 1
p308 3 7 1
p309 7 5 0
p310 3 2 1
p311 9 9 0
p312 10 9 0
p313 6 7 0
p314 7 7 0
p315 1 7 1
p316 1 10 0
p317 9 6 1
p318 10 2 1
p319 4 3 1
p320 7 2 0
p321 8 9 0
p322 2 8 1
p323 1 4 1
p324 9 8 1
p325 10 2 0
p326 4 10 1
p327 0 2 0
p328 2 7 0
p329 10 3 0
p330 2 6 1
p331 8 10 1
p332 0 4 0
p333 1 10 1
p334 4 1 0
p335 9 7 1
p336 0 9 1
p337 1 7 0
p338 8 10 1
p339 5 10 1
p340 4 9 0
p341 1 2 1
p342 1 6 0
p343 5 3 0
p344 4 10 0
p345 9 2 0
p346 2 8 0
p347 10 9 0
p348 7 3 1
p349 2 9 0
p350 10 8 0
p351 3 6 0
p352 9 3 1
p353 1 7 0
p354 6 5 1
p355 5 9 0
p356 4 2 1
p357 9 9 1
p358 9 8 0
p359 2 8 0
p360 9 1 1
p361 1 7 0
p362 3 3 1
p363 4 3 1
p364 4 7 1
p365 7 7 1
p366 9 7 1
p367 10 2 1
p368 1 2 0
p369 7 1 1
p370 0 8 1
p371 8 4 0
p372 8 10 0
p373 3 2 0
p374 7 5 0
p375 10 2 0
p376 3 10 0
p377 5 2 0
p378 5 7 1
p379 8 8 1
p380 7 5 0
p381 1 4 0
p382 10 4 1
p383 3 4 0
p384 10 4 1
p385 6 8 0
p386 5 3 1
p387 8 5 0
p388 5 8 0
p389 0 5 1
p390 10 9 0
p391 9 4 1
p392 8 8 0
p393 10 3 0
p394 7 5 1
p395 3 10 0
p396 5 4 0
p397 10 4 0
p398 7 4 1
p399 6 5 1
p400 1 1 1
p401 3 7 1
p402 5 4 0
p403 7 6 0
p404 6 8 0
p405 2 4 0
p406 0 7 1
p407 7 6 0
p408 0 6 1
p409 8 10 1
p410 4 9 1
p411 8 5 1
p412 7 8 0
p413 10 7 1
p414 9 9 1
p415 7 6 0
p416 7 7 0
p417 0 7 0
p418 5 10 1
p419 7 4 0
p420 0 3 0
p421 5 4 0
p422 0 4 1
p423 4 8 0
p424 1 3 0
p425 0 4 1
p426 2 9 1
p427 2 1 0
p428 7 7 1
p429 1 10 0
p430 3 6 0
p431 10 5 0
p432 7 7 1
p433 6 2 1
p434 1 1 1
p435 2 8 0
p436 7 8 0
p437 6 10 0
p438 1 10 0
p439 8 5 1
p440 5 4 0
p441 0 5 0
p442 9 5 0
p443 4 3 0
p444 5 2 0
p445 2 4 1
p446 9 2 0
p447 0 6 1
p448 6 4 0
p449 10 7 0
p450 6 8 1
p451 3 2 0
p452 8 1 0
p453 6 10 0
p454 4 10 0
p455 10 5 1
p456 3 6 0
p457 4 5 0
p458 4 2 1
p459 8 3 0
p460 6 3 1
p461 6 5 0
p462 0 7 1
p463 6 4 0
p464 3 10 0
p465 5 5 0
p466 3 9 0
p467 3 9 0
p468 6 5 0
p469 4 8 0
p470 2 3 1
p471 7 3 1
p472 3 2 0
p473 1 5 1
p474 5 8 0
p475 4 2 0
p476 2 10 0
p477 7 7 1
p478 8 6 1
p479 6 5 0
p480 2 9 0
p481 10 5 1
p482 0 8 0
p483 1 7 0
p484 9 5 1
p485 2 3 0
p486 3 4 0
p487 0 6 0
p488 1 7 0
p489 6 6 0
p490 2 10 0
p491 4 10 1
p492 6 2 0
p493 7 4 0
p494 6 1 1
p495 0 3 1
p496 9 3 0
p497 2 5 0
p498 0 5 0
p499 1 6 0
p500 5 9 1