500
p1 0 4 1
p1 2 8 1
p2 2 1 1
p3 4 2 0
p4 3 9 0
p5 7 10 1
p6 9 10 0
p7 4 7 1
p8 9 6 1
p9 0 2 0
p10 5 2 1
p11 6 6 0
p12 2 5 1
p13 4 5 0
p14 7 9 0
p15 5 1 1
p16 6 5 0
p17 5 5 0
p18 10 6 1
p19 2 9 0
p20 8 3 1
p21 6 2 0
p22 4 4 1
p23 3 9 1
p24 1 2 1
p25 4 4 0
p26 8 1 0
p27 3 4 0
p28 2 5 0
p29 4 4 0
p30 8 10 0
p31 5 8 1
p32 7 5 0
p33 5 10 0
p34 3 10 0
p35 1 9 1
p36 8 2 1
p37 0 4 0
p38 0 7 1
p39 5 6 0
p40 4 2 1
p41 2 1 1
p42 3 4 1
p43 9 3 0
p44 0 9 1
p45 3 10 0
p46 3 2 1
p47 4 5 0
p48 1 7 0
p49 10 3 0
p50 3 6 1
p51 10 7 1
p52 1 5 0
p53 0 6 0
p54 2 10 0
p55 3 9 0
p56 0 6 1
p57 8 3 1
p58 9 3 0
p59 6 10 0
p60 1 9 1
p61 4 2 1
p62 5 5 0
p63 3 4 1
p64 0 9 0
p65 8 3 1
p66 5 4 0
p67 0 1 0
p68 2 5 1
p69 10 10 0
p70 3 2 1
p71 10 2 0
p72 5 4 0
p73 7 9 1
p74 10 3 1
p75 3 1 0
p76 1 9 1
p77 2 4 1
p78 3 4 0
p79 0 5 1
p80 5 10 0
p81 7 6 1
p82 6 10 1
p83 1 6 1
p84 3 2 1
p85 1 8 1
p86 2 3 1
p87 0 4 0
p88 4 9 0
p89 0 8 0
p90 2 7 1
p91 2 5 0
p92 0 7 0
p93 2 3 1
p94 0 3 0
p95 3 3 1
p96 8 6 1
p97 9 5 0
p98 0 5 1
p99 0 7 0
p100 2 4 0
p101 0 7 0
p102 1 10 0
p103 2 4 0
p104 4 2 1
p105 1 3 1
p106 3 9 0
p107 0 1 0
p108 1 2 0
p109 2 6 0
p110 1 9 1
p111 10 8 0
p112 3 10 1
p113 8 6 1
p114 3 2 0
p115 1 10 0
p116 2 1 0
p117 8 8 1
p118 8 4 0
p119 4 8 1
p120 7 1 1
p121 8 5 1
p122 5 2 0
p123 0 2 0
p124 3 3 1
p125 2 9 0
p126 2 2 0
p127 0 8 0
p128 0 10 1
p129 6 6 0
p130 4 1 0
p131 6 2 1
p132 1 4 0
p133 1 2 1
p134 3 9 0
p135 3 6 0
p136 0 9 0
p137 6 5 1
p138 0 5 0
p139 3 4 1
p140 7 10 0
p141 10 7 1
p142 4 8 0
p143 1 7 0
p144 8 6 0
p145 5 2 0
p146 2 10 0
p147 2 8 0
p148 0 9 1
p149 2 4 0
p150 2 4 1
p151 4 9 1
p152 6 4 0
p153 0 4 0
p154 9 9 1
p155 10 4 0
p156 4 7 1
p157 2 5 1
p158 8 9 1
p159 6 6 0
p160 3 6 0
p161 5 6 0
p162 1 3 1
p163 9 4 0
p164 0 2 0
p165 3 8 1
p166 6 8 0
p167 0 10 0
p168 10 1 0
p169 4 3 1
p170 5 5 0
p171 8 10 1
p172 10 3 1
p173 7 6 1
p174 4 7 0
p175 2 6 1
p176 0 2 0
p177 4 7 1
p178 1 7 0
p179 3 4 0
p180 2 7 1
p181 7 5 0
p182 0 4 0
p183 0 7 1
p184 6 5 0
p185 2 1 1
p186 0 4 0
p187 2 10 0
p188 6 1 0
p189 1 1 1
p190 2 5 0
p191 9 9 0
p192 7 6 1
p193 6 3 0
p194 4 1 0
p195 8 3 0
p196 1 8 1
p197 10 3 0
p198 2 4 1
p199 7 6 1
p200 5 9 1
p201 0 5 1
p202 1 8 1
p203 5 7 1
p204 5 9 0
p205 9 2 0
p206 2 2 0
p207 9 10 0
p208 9 3 1
p209 3 9 1
p210 7 10 1
p211 7 3 0
p212 1 4 1
p213 8 8 1
p214 4 5 1
p215 9 5 0
p216 1 2 1
p217 10 2 1
p218 5 10 1
p219 5 4 1
p220 10 9 0
p221 5 5 0
p222 4 9 1
p223 1 6 1
p224 0 3 1
p225 8 9 1
p226 4 6 0
p227 6 1 1
p228 10 3 1
p229 7 10 0
p230 6 10 0
p231 6 7 0
p232 0 3 1
p233 7 5 0
p234 1 5 0
p235 5 6 1
p236 7 1 0
p237 6 4 1
p238 2 8 1
p239 1 4 0
p240 5 1 1
p241 1 10 1
p242 3 4 1
p243 4 8 0
p244 6 10 0
p245 5 6 1
p246 8 9 1
p247 5 10 1
p248 3 5 0
p249 8 3 1
p250 3 9 1
p251 7 9 1
p252 3 2 0
p253 8 5 1
p254 7 5 1
p255 5 8 0
p256 6 9 0
p257 1 9 1
p258 10 8 0
p259 6 6 0
p260 8 6 1
p261 0 5 1
p262 9 4 0
p263 4 2 1
p264 1 6 1
p265 2 10 0
p266 9 1 1
p267 7 7 1
p268 0 7 1
p269 0 5 0
p270 8 8 0
p271 2 5 0
p272 7 1 1
p273 4 6 0
p274 9 4 1
p275 0 1 0
p276 8 8 0
p277 7 9 1
p278 9 7 1
p279 5 2 1
p280 5 1 0
p281 9 9 1
p282 0 10 1
p283 3 10 0
p284 0 3 1
p285 4 6 1
p286 1 3 0
p287 1 5 0
p288 4 4 1
p289 6 7 0
p290 2 2 0
p291 0 3 0
p292 10 4 1
p293 8 5 1
p294 6 5 1
p295 5 10 0
p296 7 1 0
p297 10 7 0
p298 6 8 0
p299 8 8 0
p300 5 7 1
p301 5 9 1
p302 6 3 0
p303 5 7 1
p304 5 2 1
p305 4 8 0
p306 2 9 0
p307 5 1 1
p308 7 2 0
p309 9 1 0
p310 0 1 0
p311 9 2 0
p312 10 4 1
p313 1 5 1
p314 6 1 0
p315 3 10 1
p316 7 2 0
p317 7 7 0
p318 1 10 1
p319 4 5 0
p320 10 4 0
p321 1 4 1
p322 3 1 0
p323 8 6 0
p324 2 1 0
p325 8 6 0
p326 9 4 1
p327 4 6 1
p328 10 7 0
p329 0 8 0
p330 3 6 1
p331 3 8 0
p332 3 2 0
p333 0 4 0
p334 6 1 0
p335 6 4 1
p336 3 3 0
p337 6 6 1
p338 0 6 1
p339 3 3 1
p340 9 10 0
p341 7 9 1
p342 6 1 0
p343 3 2 1
p344 8 10 1
p345 7 10 1
p346 4 6 1
p347 3 9 1
p348 2 4 0
p349 9 2 0
p350 8 6 1
p351 7 3 1
p352 9 5 1
p353 3 6 1
p354 7 10 0
p355 3 1 1
p356 5 5 0
p357 2 3 0
p358 6 5 0
p359 7 5 1
p360 1 3 0
p361 2 4 0
p362 0 5 1
p363 8 7 0
p364 3 7 1
p365 3 4 1
p366 1 6 1
p367 0 1 0
p368 2 4 0
p369 10 4 0
p370 3 9 1
p371 1 6 0
p372 10 7 0
p373 0 1 1
p374 6 10 1
p375 5 7 0
p376 4 9 1
p377 3 5 1
p378 9 1 0
p379 0 4 0
p380 4 3 0
p381 9 5 1
p382 7 3 1
p383 1 2 1
p384 0 7 0
p385 1 9 0
p386 7 3 0
p387 1 1 0
p388 7 6 1
p389 7 4 0
p390 9 3 0
p391 2 10 0
p392 1 6 0
p393 4 4 1
p394 6 1 1
p395 1 5 0
p396 10 9 0
p397 1 10 0
p398 5 10 0
p399 4 3 1
p400 6 10 1
p401 6 3 1
p402 2 10 0
p403 4 4 1
p404 10 7 1
p405 4 9 1
p406 1 8 1
p407 5 1 0
p408 8 2 1
p409 9 1 0
p410 6 5 1
p411 3 4 0
p412 10 8 1
p413 0 8 0
p414 5 5 0
p415 1 8 1
p416 2 5 0
p417 0 3 0
p418 7 9 1
p419 6 1 1
p420 5 6 0
p421 2 5 1
p422 5 1 0
p423 7 9 1
p424 1 4 0
p425 4 6 1
p426 3 1 0
p427 10 5 0
p428 0 3 0
p429 1 5 0
p430 3 10 1
p431 3 1 0
p432 5 6 0
p433 8 10 1
p434 7 8 0
p435 7 9 0
p436 3 10 0
p437 2 4 1
p438 0 9 1
p439 5 6 1
p440 2 9 1
p441 9 3 1
p442 2 1 1
p443 6 4 0
p444 5 8 0
p445 4 10 0
p446 3 7 1
p447 2 7 0
p448 9 8 1
p449 0 2 0
p450 0 9 0
p451 5 8 1
p452 4 3 1
p453 1 7 0
p454 3 5 1
p455 10 6 0
p456 4 3 1
p457 0 7 1
p458 3 3 0
p459 4 7 1
p460 2 3 0
p461 10 1 1
p462 0 1 0
p463 8 2 0
p464 10 2 0
p465 2 7 0
p466 0 9 0
p467 7 8 0
p468 3 5 1
p469 0 4 1
p470 0 9 1
p471 7 8 0
p472 10 9 0
p473 4 9 0
p474 0 5 1
p475 10 3 1
p476 4 8 1
p477 7 3 0
p478 7 10 1
p479 4 3 0
p480 7 3 0
p481 4 6 1
p482 2 2 1
p483 3 2 1
p484 5 6 0
p485 3 4 0
p486 3 1 1
p487 0 10 0
p488 3 9 1
p489 4 8 1
p490 5 8 1
p491 8 1 0
p492 2 9 1
p493 4 1 0
p494 4 3 1
p495 7 6 1
p496 6 6 1
p497 1 2 0
p498 7 5 0
p499 4 8 1
p500 5 8 0