500
p1 0 7 1
p1 0 6 1
p2 0 10 0
p3 3 1 0
p4 7 2 1
p5 4 5 0
p6 1 7 0
p7 2 10 0
p8 1 5 1
p9 1 4 1
p10 10 5 1
p11 1 10 0
p12 1 1 0
p13 6 10 0
p14 6 1 1
p15 3 9 1
p16 4 7 1
p17 2 2 0
p18 9 1 1
p19 0 10 0
p20 2 1 0
p21 8 4 0
p22 6 8 0
p23 7 6 1
p24 4 6 1
p25 6 7 0
p26 10 5 0
p27 0 8 1
p28 8 2 1
p29 6 1 0
p30 7 7 1
p31 10 9 0
p32 1 10 1
p33 0 4 0
p34 1 3 1
p35 9 8 1
p36 6 2 1
p37 2 3 1
p38 1 1 0
p39 2 10 0
p40 7 10 0
p41 1 2 1
p42 6 8 0
p43 3 10 1
p44 3 6 0
p45 3 10 1
p46 2 5 0
p47 6 5 0
p48 5 5 1
p49 7 1 0
p50 3 3 1
p51 6 2 0
p52 10 1 1
p53 1 9 1
p54 5 3 0
p55 3 8 1
p56 0 10 0
p57 4 8 0
p58 6 7 0
p59 9 8 0
p60 8 3 0
p61 9 9 1
p62 0 7 1
p63 7 4 1
p64 3 6 1
p65 7 6 0
p66 5 3 0
p67 1 6 1
p68 1 9 0
p69 3 2 1
p70 10 7 0
p71 3 3 0
p72 7 4 0
p73 4 9 1
p74 4 2 0
p75 3 6 1
p76 7 8 1
p77 0 3 0
p78 6 7 1
p79 7 7 0
p80 10 1 0
p81 6 4 0
p82 3 7 0
p83 10 3 0
p84 3 8 1
p85 2 5 1
p86 4 5 0
p87 4 2 0
p88 0 1 0
p89 0 6 0
p90 2 3 1
p91 1 7 0
p92 5 8 0
p93 4 3 0
p94 4 3 0
p95 8 8 0
p96 9 3 0
p97 1 1 0
p98 10 5 0
p99 8 9 0
p100 2 8 0
p101 8 6 0
p102 0 4 1
p103 5 8 1
p104 1 8 0
p105 9 1 1
p106 6 10 1
p107 7 6 1
p108 3 5 0
p109 0 3 0
p110 2 9 1
p111 9 2 0
p112 1 7 1
p113 9 9 0
p114 4 4 1
p115 2 8 0
p116 5 7 1
p117 3 5 0
p118 2 6 1
p119 1 4 1
p120 8 10 1
p121 5 10 0
p122 2 1 0
p123 2 3 1
p124 0 6 0
p125 7 10 1
p126 2 7 0
p127 3 3 0
p128 10 9 1
p129 1 1 1
p130 1 5 0
p131 3 1 0
p132 0 7 0
p133 7 6 0
p134 4 6 1
p135 3 10 0
p136 1 3 0
p137 3 8 1
p138 4 1 1
p139 9 7 0
p140 4 10 0
p141 4 8 0
p142 2 4 0
p143 2 4 0
p144 0 2 1
p145 9 7 0
p146 9 4 1
p147 5 5 0
p148 0 8 0
p149 7 1 0
p150 4 6 1
p151 10 4 0
p152 6 4 1
p153 7 8 0
p154 0 8 1
p155 7 4 0
p156 1 2 1
p157 8 2 0
p158 7 6 1
p159 8 7 1
p160 1 2 1
p161 5 9 0
p162 1 9 0
p163 9 10 1
p164 6 6 1
p165 4 4 0
p166 6 5 1
p167 0 10 0
p168 1 2 1
p169 0 7 1
p170 8 7 0
p171 2 7 1
p172 8 10 1
p173 7 5 0
p174 10 9 0
p175 5 5 1
p176 2 6 1
p177 6 1 1
p178 2 6 0
p179 3 7 0
p180 10 5 0
p181 9 10 1
p182 5 1 0
p183 6 7 0
p184 6 4 1
p185 4 10 1
p186 7 2 0
p187 7 1 1
p188 7 2 0
p189 8 7 0
p190 3 8 0
p191 6 3 1
p192 8 1 0
p193 9 4 0
p194 9 10 1
p195 2 6 0
p196 3 8 1
p197 6 5 1
p198 1 3 0
p199 7 3 1
p200 6 1 0
p201 4 4 0
p202 1 10 0
p203 6 8 1
p204 1 7 1
p205 7 2 0
p206 7 1 1
p207 10 10 1
p208 0 2 1
p209 1 10 1
p210 4 3 0
p211 8 7 1
p212 7 8 1
p213 6 1 0
p214 1 2 0
p215 8 2 0
p216 5 2 0
p217 3 7 1
p218 5 5 0
p219 0 9 1
p220 10 1 0
p221 0 2 0
p222 3 2 1
p223 4 7 1
p224 10 4 0
p225 1 4 1
p226 7 5 0
p227 10 1 0
p228 5 2 0
p229 4 7 0
p230 1 6 0
p231 5 2 0
p232 5 6 1
p233 4 5 1
p234 4 9 1
p235 6 9 0
p236 4 3 0
p237 7 1 0
p238 1 4 0
p239 6 1 0
p240 0 7 1
p241 1 2 1
p242 4 6 0
p243 5 6 1
p244 9 10 1
p245 7 5 1
p246 3 8 1
p247 4 4 1
p248 9 9 0
p249 3 9 0
p250 8 3 0
p251 7 1 1
p252 2 10 1
p253 5 7 0
p254 8 10 1
p255 9 6 1
p256 5 9 1
p257 5 2 0
p258 4 5 0
p259 9 5 0
p260 7 5 0
p261 1 10 1
p262 9 9 0
p263 9 4 0
p264 6 4 0
p265 4 3 1
p266 7 5 1
p267 7 4 0
p268 1 8 1
p269 1 2 1
p270 2 6 1
p271 0 8 0
p272 9 2 0
p273 9 3 1
p274 8 4 0
p275 8 9 0
p276 7 9 0
p277 6 8 1
p278 5 7 0
p279 6 6 1
p280 8 6 0
p281 8 9 0
p282 3 6 1
p283 1 8 0
p284 9 2 1
p285 0 8 1
p286 5 5 1
p287 5 2 0
p288 7 10 0
p289 0 6 0
p290 8 6 1
p291 10 10 1
p292 9 1 1
p293 1 1 0
p294 5 2 1
p295 5 7 0
p296 5 1 0
p297 8 8 0
p298 10 4 1
p299 1 4 0
p300 2 10 1
p301 6 1 1
p302 8 3 1
p303 8 9 1
p304 2 3 0
p305 9 9 1
p306 0 6 1
p307 9 2 0
p308 2 5 1
p309 7 5 1
p310 8 6 0
p311 2 9 0
p312 5 10 1
p313 0 5 1
p314 6 7 0
p315 10 1 0
p316 1 4 1
p317 4 3 0
p318 10 6 1
p319 4 10 1
p320 9 4 0
p321 7 10 1
p322 3 3 0
p323 10 2 0
p324 9 8 0
p325 4 4 1
p326 2 10 0
p327 4 1 0
p328 8 10 1
p329 10 1 0
p330 10 7 1
p331 1 10 1
p332 8 1 1
p333 10 1 0
p334 10 2 1
p335 2 6 1
p336 4 3 0
p337 5 8 0
p338 1 5 1
p339 3 7 0
p340 9 4 0
p341 4 7 1
p342 9 10 1
p343 7 10 1
p344 7 3 1
p345 4 7 0
p346 8 9 0
p347 9 8 1
p348 7 4 1
p349 4 4 1
p350 10 7 0
p351 1 8 1
p352 6 8 0
p353 4 2 1
p354 5 8 0
p355 6 5 0
p356 10 2 0
p357 6 2 1
p358 2 3 1
p359 0 5 0
p360 1 7 0
p361 2 7 0
p362 6 7 1
p363 6 7 0
p364 4 8 1
p365 5 2 0
p366 5 8 1
p367 4 6 0
p368 9 8 0
p369 7 8 0
p370 0 1 0
p371 10 2 1
p372 9 1 1
p373 2 5 1
p374 8 9 0
p375 3 5 1
p376 1 1 0
p377 7 4 0
p378 10 4 1
p379 6 1 0
p380 8 2 0
p381 6 5 0
p382 9 7 0
p383 5 6 0
p384 5 5 1
p385 5 2 1
p386 2 3 0
p387 9 7 1
p388 5 8 0
p389 10 1 0
p390 10 6 1
p391 1 2 1
p392 2 9 1
p393 9 8 0
p394 6 2 1
p395 3 4 0
p396 7 10 1
p397 0 7 1
p398 9 3 0
p399 6 7 0
p400 9 6 0
p401 9 1 1
p402 3 2 0
p403 9 1 1
p404 5 4 0
p405 3 1 1
p406 4 1 1
p407 8 1 1
p408 9 8 1
p409 8 5 0
p410 9 2 1
p411 0 2 1
p412 7 1 0
p413 5 6 0
p414 9 2 1
p415 0 4 1
p416 7 9 1
p417 9 7 1
p418 2 7 0
p419 1 5 0
p420 2 3 1
p421 7 10 0
p422 2 4 1
p423 4 8 0
p424 7 7 1
p425 6 8 1
p426 2 10 1
p427 4 6 0
p428 10 4 0
p429 5 6 0
p430 6 4 0
p431 9 9 1
p432 1 5 0
p433 4 3 1
p434 7 3 1
p435 0 9 0
p436 0 2 0
p437 9 2 1
p438 10 2 0
p439 3 9 0
p440 3 8 1
p441 9 6 0
p442 9 1 0
p443 10 1 1
p444 4 4 1
p445 0 10 1
p446 5 5 0
p447 10 9 0
p448 9 8 1
p449 7 8 1
p450 9 5 0
p451 8 10 0
p452 1 6 0
p453 10 7 1
p454 3 10 0
p455 9 2 1
p456 10 10 1
p457 10 7 1
p458 9 4 0
p459 10 8 0
p460 4 4 0
p461 10 10 1
p462 10 9 0
p463 9 3 1
p464 8 2 0
p465 1 3 1
p466 1 1 0
p467 4 9 0
p468 2 10 0
p469 9 8 1
p470 10 9 1
p471 6 5 0
p472 4 1 0
p473 1 10 1
p474 6 1 0
p475 7 1 0
p476 6 5 0
p477 6 7 1
p478 8 10 0
p479 9 3 1
p480 3 7 1
p481 7 4 0
p482 0 7 0
p483 2 4 1
p484 0 8 0
p485 8 4 0
p486 0 5 0
p487 8 8 0
p488 9 2 1
p489 1 10 0
p490 1 2 0
p491 3 2 1
p492 5 7 1
p493 4 10 0
p494 9 10 1
p495 3 2 0
p496 1 7 0
p497 9 7 0
p498 4 1 1
p499 2 8 1
p500 5 3 0