500
p1 0 3 1
p1 3 10 0
p2 6 5 1
p3 8 2 0
p4 7 8 0
p5 5 4 1
p6 1 3 1
p7 5 7 1
p8 1 1 1
p9 9 7 1
p10 2 2 1
p11 9 10 1
p12 8 5 1
p13 7 10 0
p14 5 10 1
p15 0 1 1
p16 0 7 1
p17 9 10 1
p18 5 6 1
p19 8 5 0
p20 3 2 1
p21 6 2 0
p22 1 2 1
p23 10 9 0
p24 10 10 1
p25 7 7 1
p26 3 3 1
p27 5 7 1
p28 10 8 0
p29 6 6 0
p30 8 10 1
p31 7 8 0
p32 8 2 1
p33 1 8 1
p34 6 8 0
p35 8 9 0
p36 10 6 1
p37 4 1 1
p38 3 2 0
p39 6 2 1
p40 2 6 1
p41 0 7 0
p42 9 7 1
p43 4 8 0
p44 3 1 1
p45 7 7 0
p46 9 5 1
p47 4 4 1
p48 4 2 0
p49 10 4 1
p50 8 9 0
p51 2 8 1
p52 9 1 1
p53 3 3 1
p54 8 3 1
p55 8 10 0
p56 7 3 0
p57 0 3 1
p58 1 10 0
p59 9 9 1
p60 6 9 0
p61 9 1 1
p62 8 2 1
p63 3 5 1
p64 2 9 0
p65 7 10 1
p66 1 7 1
p67 8 9 1
p68 8 2 0
p69 0 4 0
p70 3 4 0
p71 3 8 0
p72 4 5 0
p73 9 1 0
p74 5 7 0
p75 10 10 1
p76 10 1 1
p77 3 4 1
p78 4 4 1
p79 2 2 0
p80 9 9 1
p81 9 3 0
p82 8 3 0
p83 1 9 1
p84 0 6 1
p85 2 3 0
p86 4 9 0
p87 0 6 1
p88 10 6 0
p89 0 8 1
p90 3 4 1
p91 0 10 1
p92 0 9 0
p93 7 4 0
p94 6 10 1
p95 6 4 1
p96 5 7 1
p97 2 4 0
p98 5 7 1
p99 9 6 0
p100 5 8 1
p101 2 8 0
p102 4 2 1
p103 4 4 0
p104 2 10 1
p105 8 2 0
p106 10 5 1
p107 7 5 0
p108 0 3 0
p109 2 8 0
p110 4 5 1
p111 0 1 0
p112 2 2 1
p113 6 10 1
p114 9 3 0
p115 0 8 1
p116 3 1 1
p117 0 8 0
p118 0 4 0
p119 1 6 1
p120 3 1 1
p121 9 2 1
p122 5 1 1
p123 4 3 0
p124 10 7 0
p125 6 3 1
p126 9 2 0
p127 4 3 1
p128 3 9 0
p129 8 10 1
p130 6 10 0
p131 6 8 1
p132 4 7 1
p133 4 5 1
p134 1 6 1
p135 7 5 0
p136 7 1 1
p137 9 1 1
p138 0 1 0
p139 3 3 1
p140 6 5 0
p141 4 2 0
p142 6 4 0
p143 5 6 0
p144 1 3 1
p145 6 1 1
p146 4 9 1
p147 10 4 0
p148 2 9 0
p149 1 4 1
p150 8 6 1
p151 3 5 0
p152 3 4 1
p153 1 5 0
p154 1 8 1
p155 0 5 1
p156 2 8 1
p157 7 10 1
p158 7 2 1
p159 5 7 0
p160 2 2 1
p161 9 9 1
p162 6 6 1
p163 6 1 1
p164 4 6 0
p165 0 2 1
p166 10 1 0
p167 1 7 0
p168 8 10 1
p169 1 3 1
p170 1 9 0
p171 1 6 0
p172 9 5 1
p173 8 9 1
p174 9 8 0
p175 6 2 1
p176 0 2 1
p177 8 7 0
p178 4 1 1
p179 0 6 1
p180 8 5 1
p181 5 3 0
p182 8 9 0
p183 4 2 0
p184 10 4 0
p185 3 1 1
p186 5 8 0
p187 7 6 0
p188 4 4 0
p189 4 5 1
p190 8 6 1
p191 7 9 0
p192 1 2 0
p193 1 3 0
p194 2 10 1
p195 9 9 1
p196 9 3 1
p197 9 7 0
p198 1 3 0
p199 9 4 0
p200 5 2 1
p201 8 5 1
p202 6 10 1
p203 10 9 1
p204 3 7 0
p205 5 6 0
p206 0 3 1
p207 9 9 1
p208 5 9 0
p209 6 5 1
p210 10 5 1
p211 4 3 1
p212 2 6 1
p213 0 10 1
p214 0 10 1
p215 5 2 1
p216 1 1 1
p217 8 9 1
p218 7 9 1
p219 1 10 0
p220 5 3 0
p221 4 5 0
p222 3 9 0
p223 2 6 1
p224 0 9 1
p225 1 6 0
p226 0 9 0
p227 4 10 0
p228 2 4 0
p229 2 10 1
p230 4 7 1
p231 2 2 0
p232 10 8 0
p233 7 3 0
p234 8 1 0
p235 6 5 1
p236 9 6 1
p237 0 7 0
p238 3 3 1
p239 6 4 0
p240 8 8 1
p241 6 6 0
p242 4 2 1
p243 2 5 1
p244 8 5 1
p245 5 2 0
p246 3 9 1
p247 7 6 1
p248 10 3 1
p249 8 8 1
p250 0 5 0
p251 1 2 1
p252 5 8 0
p253 2 3 0
p254 3 2 0
p255 8 5 1
p256 6 7 1
p257 8 9 0
p258 4 7 0
p259 7 8 0
p260 9 2 0
p261 9 7 1
p262 2 2 1
p263 3 8 1
p264 3 7 1
p265 2 8 1
p266 8 8 0
p267 8 4 0
p268 0 4 0
p269 7 7 1
p270 2 1 1
p271 2 3 1
p272 3 10 1
p273 7 3 0
p274 3 9 1
p275 0 2 0
p276 1 2 1
p277 8 9 1
p278 4 9 0
p279 1 2 0
p280 4 10 0
p281 10 7 0
p282 9 8 1
p283 5 7 1
p284 0 2 0
p285 5 6 1
p286 7 10 0
p287 8 5 0
p288 10 1 1
p289 2 10 0
p290 4 7 1
p291 10 3 0
p292 7 3 1
p293 8 1 1
p294 6 6 1
p295 10 4 0
p296 10 4 1
p297 3 6 0
p298 8 10 0
p299 2 7 1
p300 1 9 0
p301 8 8 0
p302 9 8 0
p303 10 2 1
p304 7 9 0
p305 0 10 0
p306 4 6 1
p307 2 2 0
p308 6 8 0
p309 5 10 0
p310 3 1 0
p311 10 4 1
p312 3 5 1
p313 4 5 0
p314 4 7 0
p315 3 9 1
p316 9 2 0
p317 1 3 1
p318 1 1 0
p319 6 2 1
p320 5 4 0
p321 5 6 1
p322 0 2 0
p323 10 1 0
p324 8 9 0
p325 2 10 1
p326 7 10 0
p327 2 4 0
p328 10 7 1
p329 7 1 0
p330 3 2 1
p331 3 9 0
p332 2 7 1
p333 4 1 0
p334 1 8 0
p335 9 8 1
p336 3 10 1
p337 0 3 0
p338 2 4 0
p339 1 6 1
p340 5 6 0
p341 4 7 0
p342 6 2 0
p343 7 7 0
p344 8 7 0
p345 2 1 1
p346 0 8 0
p347 0 7 0
p348 7 5 0
p349 4 10 1
p350 10 7 0
p351 10 9 1
p352 7 3 0
p353 0 3 1
p354 7 6 1
p355 9 4 1
p356 4 10 0
p357 9 10 0
p358 7 1 1
p359 6 1 0
p360 2 9 1
p361 6 2 1
p362 10 4 0
p363 5 5 0
p364 5 5 1
p365 8 2 1
p366 3 5 0
p367 2 4 1
p368 5 1 0
p369 0 3 0
p370 10 6 0
p371 6 5 1
p372 10 8 1
p373 9 9 1
p374 8 1 1
p375 3 6 1
p376 6 6 1
p377 7 4 0
p378 4 10 0
p379 5 8 0
p380 10 2 1
p381 8 5 0
p382 8 9 1
p383 4 8 1
p384 7 4 1
p385 10 4 0
p386 0 1 1
p387 5 8 0
p388 8 3 1
p389 8 9 0
p390 8 6 1
p391 10 5 1
p392 8 7 0
p393 0 1 1
p394 2 8 0
p395 4 2 0
p396 7 10 0
p397 1 4 0
p398 10 7 0
p399 2 10 0
p400 3 9 1
p401 6 8 1
p402 10 5 0
p403 0 5 0
p404 8 10 1
p405 7 10 0
p406 1 2 1
p407 7 3 1
p408 5 2 1
p409 2 5 0
p410 3 4 0
p411 3 6 0
p412 3 4 0
p413 7 8 1
p414 10 7 0
p415 6 5 0
p416 4 6 1
p417 3 4 0
p418 10 4 1
p419 9 10 1
p420 10 1 0
p421 7 1 0
p422 9 6 1
p423 2 6 1
p424 7 7 1
p425 2 2 1
p426 3 9 1
p427 4 3 0
p428 7 5 0
p429 9 3 1
p430 0 10 1
p431 7 3 1
p432 7 2 1
p433 1 1 0
p434 10 6 0
p435 7 9 1
p436 7 2 1
p437 2 4 0
p438 10 1 0
p439 0 7 0
p440 9 2 1
p441 3 2 1
p442 9 8 0
p443 6 10 1
p444 1 6 0
p445 3 6 0
p446 4 2 1
p447 1 2 0
p448 3 3 0
p449 1 6 0
p450 0 5 0
p451 3 9 1
p452 2 10 1
p453 2 7 0
p454 8 5 1
p455 0 10 1
p456 6 7 0
p457 3 5 1
p458 8 7 0
p459 6 7 1
p460 4 9 1
p461 2 5 1
p462 9 9 1
p463 7 1 1
p464 7 4 1
p465 1 3 1
p466 2 8 1
p467 6 2 1
p468 7 10 1
p469 10 1 1
p470 6 5 1
p471 2 10 0
p472 10 1 0
p473 10 7 0
p474 8 5 1
p475 2 3 1
p476 7 5 0
p477 4 4 1
p478 3 4 0
p479 7 6 1
p480 2 9 1
p481 1 8 0
p482 6 1 1
p483 10 8 1
p484 9 9 0
p485 4 5 0
p486 2 10 0
p487 0 8 1
p488 10 9 0
p489 6 7 1
p490 6 8 0
p491 0 4 1
p492 1 9 1
p493 8 1 1
p494 6 2 1
p495 10 5 1
p496 9 2 0
p497 7 2 1
p498 6 6 1
p499 4 8 1
p500 7 7 0