500
p1 0 6 0
p1 9 8 1
p2 1 10 0
p3 5 4 0
p4 7 10 0
p5 5 10 0
p6 5 8 0
p7 9 7 0
p8 5 4 1
p9 9 5 0
p10 4 2 0
p11 10 10 1
p12 3 9 1
p13 4 1 0
p14 2 1 1
p15 5 7 0
p16 4 2 0
p17 3 5 0
p18 10 3 1
p19 7 10 1
p20 10 1 0
p21 8 3 1
p22 1 9 1
p23 10 4 0
p24 9 10 0
p25 0 8 0
p26 6 4 1
p27 0 9 0
p28 2 5 0
p29 0 2 0
p30 3 9 0
p31 6 7 0
p32 5 10 0
p33 3 2 0
p34 3 8 1
p35 1 5 0
p36 0 2 1
p37 6 4 0
p38 3 10 0
p39 9 9 1
p40 1 6 1
p41 1 2 1
p42 9 7 0
p43 7 1 1
p44 10 10 0
p45 9 8 0
p46 7 9 0
p47 0 1 1
p48 10 9 0
p49 2 9 0
p50 3 8 0
p51 3 10 1
p52 10 7 1
p53 8 1 1
p54 2 2 0
p55 6 3 0
p56 0 1 0
p57 9 3 0
p58 1 3 0
p59 7 1 0
p60 9 6 1
p61 3 1 1
p62 10 7 1
p63 9 9 1
p64 4 1 1
p65 8 8 1
p66 0 7 1
p67 0 10 0
p68 1 10 0
p69 8 8 1
p70 5 4 0
p71 5 5 0
p72 7 2 0
p73 9 3 1
p74 4 7 1
p75 8 7 0
p76 2 2 0
p77 9 10 1
p78 2 5 0
p79 4 1 1
p80 1 4 1
p81 2 7 1
p82 3 4 0
p83 5 3 0
p84 4 4 0
p85 2 9 1
p86 5 2 0
p87 0 6 1
p88 5 2 1
p89 8 6 0
p90 7 10 1
p91 8 10 1
p92 2 6 1
p93 10 7 1
p94 6 1 0
p95 5 1 1
p96 2 7 0
p97 6 1 1
p98 5 7 0
p99 10 4 1
p100 9 10 0
p101 3 5 1
p102 7 9 1
p103 8 1 1
p104 9 4 0
p105 8 8 0
p106 7 8 0
p107 3 9 0
p108 8 9 1
p109 6 4 0
p110 9 8 1
p111 6 3 1
p112 1 5 1
p113 1 3 1
p114 2 8 1
p115 9 5 0
p116 9 4 1
p117 0 6 1
p118 1 8 1
p119 5 3 1
p120 10 6 0
p121 1 2 0
p122 6 5 0
p123 5 9 0
p124 6 6 1
p125 3 2 0
p126 1 5 1
p127 1 5 0
p128 6 1 1
p129 10 10 0
p130 0 1 1
p131 8 1 0
p132 2 4 0
p133 9 2 0
p134 6 1 0
p135 0 2 1
p136 10 6 1
p137 8 6 1
p138 9 6 1
p139 9 9 0
p140 1 7 0
p141 7 9 0
p142 8 9 1
p143 5 9 0
p144 8 4 1
p145 8 1 0
p146 1 5 1
p147 10 9 1
p148 10 9 0
p149 0 4 0
p150 7 6 0
p151 6 1 0
p152 5 2 0
p153 3 2 0
p154 1 3 0
p155 5 9 0
p156 5 3 0
p157 5 2 0
p158 3 8 0
p159 2 2 0
p160 3 7 1
p161 6 2 1
p162 6 7 0
p163 5 8 0
p164 1 6 0
p165 10 4 0
p166 10 3 0
p167 1 1 1
p168 10 2 1
p169 4 3 0
p170 2 4 0
p171 4 3 1
p172 6 6 0
p173 7 3 1
p174 9 4 0
p175 9 2 0
p176 1 1 0
p177 9 3 0
p178 8 2 1
p179 7 3 1
p180 4 4 0
p181 8 10 0
p182 10 1 1
p183 4 8 1
p184 6 8 0
p185 1 7 1
p186 0 1 0
p187 2 8 0
p188 3 4 1
p189 4 5 1
p190 7 2 0
p191 2 4 1
p192 4 4 1
p193 10 7 1
p194 3 2 0
p195 5 6 0
p196 10 3 1
p197 10 7 0
p198 6 8 1
p199 3 9 1
p200 7 2 0
p201 7 2 0
p202 7 9 1
p203 0 2 1
p204 4 1 1
p205 6 3 0
p206 3 1 0
p207 6 2 0
p208 1 2 0
p209 7 6 0
p210 5 3 1
p211 1 8 0
p212 2 3 1
p213 5 4 0
p214 4 3 0
p215 0 7 1
p216 8 1 1
p217 2 8 0
p218 10 7 0
p219 10 3 1
p220 9 8 1
p221 10 5 0
p222 6 1 1
p223 9 9 0
p224 10 9 0
p225 10 10 0
p226 2 1 0
p227 7 3 1
p228 3 3 1
p229 4 1 1
p230 5 7 0
p231 7 10 1
p232 1 6 1
p233 0 1 1
p234 4 8 0
p235 7 10 1
p236 1 2 0
p237 0 2 0
p238 8 2 0
p239 8 8 0
p240 3 9 0
p241 9 5 1
p242 6 7 1
p243 8 5 1
p244 7 8 1
p245 6 2 0
p246 7 5 1
p247 2 6 0
p248 7 2 1
p249 8 2 0
p250 6 10 0
p251 6 10 0
p252 7 9 1
p253 5 7 1
p254 9 6 0
p255 4 6 0
p256 1 5 0
p257 2 4 1
p258 5 9 0
p259 9 10 0
p260 7 1 1
p261 4 8 0
p262 5 10 0
p263 1 8 0
p264 2 7 1
p265 10 1 0
p266 0 7 0
p267 6 8 1
p268 4 8 1
p269 1 6 0
p270 6 4 0
p271 10 6 1
p272 0 3 1
p273 2 7 0
p274 2 4 0
p275 7 6 0
p276 10 1 0
p277 5 7 1
p278 5 9 1
p279 4 8 0
p280 10 7 1
p281 5 5 0
p282 4 3 1
p283 4 9 1
p284 9 9 1
p285 2 1 0
p286 0 1 0
p287 4 3 0
p288 3 3 1
p289 3 1 0
p290 0 3 1
p291 1 1 1
p292 9 5 0
p293 6 6 0
p294 4 9 1
p295 2 2 1
p296 1 7 1
p297 2 2 1
p298 8 5 0
p299 5 10 0
p300 1 8 0
p301 1 2 0
p302 8 7 1
p303 4 9 0
p304 6 3 1
p305 0 3 0
p306 9 8 1
p307 4 7 0
p308 5 8 0
p309 5 1 0
p310 8 2 1
p311 0 8 0
p312 0 5 1
p313 7 7 1
p314 7 3 1
p315 4 10 0
p316 2 10 1
p317 9 3 1
p318 5 5 0
p319 4 8 0
p320 10 4 1
p321 2 5 0
p322 8 4 1
p323 0 6 1
p324 9 6 1
p325 9 8 0
p326 2 8 1
p327 7 9 1
p328 8 2 1
p329 3 2 0
p330 1 10 0
p331 7 5 0
p332 7 9 1
p333 9 9 0
p334 8 5 1
p335 6 1 0
p336 5 6 1
p337 1 1 1
p338 5 2 1
p339 5 10 0
p340 10 5 0
p341 10 1 0
p342 3 3 0
p343 2 1 1
p344 8 1 1
p345 0 5 1
p346 1 2 1
p347 2 3 1
p348 8 4 0
p349 4 7 0
p350 1 1 0
p351 1 10 0
p352 2 2 0
p353 3 8 0
p354 1 5 1
p355 5 1 1
p356 6 9 0
p357 10 3 0
p358 5 9 0
p359 10 1 0
p360 5 2 0
p361 0 5 0
p362 2 5 1
p363 8 9 0
p364 0 2 0
p365 3 6 0
p366 10 4 1
p367 3 9 1
p368 6 5 1
p369 0 10 0
p370 1 6 1
p371 7 7 0
p372 6 5 0
p373 1 10 0
p374 6 10 1
p375 4 8 0
p376 6 4 0
p377 3 8 0
p378 6 2 1
p379 3 1 0
p380 4 4 1
p381 1 7 1
p382 3 5 0
p383 3 9 1
p384 9 10 0
p385 2 2 0
p386 8 4 1
p387 8 7 0
p388 3 3 1
p389 8 1 1
p390 0 5 0
p391 3 3 1
p392 5 2 1
p393 1 8 1
p394 4 7 1
p395 6 6 0
p396 6 9 1
p397 5 2 1
p398 4 1 1
p399 8 4 0
p400 3 10 0
p401 3 6 0
p402 3 8 0
p403 8 9 1
p404 10 4 1
p405 1 2 0
p406 7 9 0
p407 1 4 1
p408 8 8 0
p409 0 6 1
p410 1 10 0
p411 4 2 0
p412 10 1 1
p413 1 9 1
p414 1 6 1
p415 6 7 0
p416 7 7 0
p417 6 3 1
p418 6 1 1
p419 7 3 0
p420 5 5 1
p421 9 10 0
p422 3 9 0
p423 10 6 0
p424 10 8 0
p425 8 5 0
p426 7 3 0
p427 0 2 0
p428 9 2 1
p429 2 6 1
p430 7 5 0
p431 7 2 1
p432 3 4 1
p433 2 4 0
p434 6 6 1
p435 5 5 1
p436 0 2 0
p437 8 8 1
p438 9 5 0
p439 9 3 1
p440 8 7 1
p441 8 9 0
p442 6 10 1
p443 7 1 1
p444 8 8 0
p445 1 4 1
p446 10 9 0
p447 10 7 1
p448 5 8 1
p449 1 1 1
p450 7 4 0
p451 2 1 0
p452 7 1 1
p453 2 2 1
p454 8 1 1
p455 2 7 0
p456 4 5 0
p457 4 4 1
p458 4 3 0
p459 2 9 0
p460 9 1 0
p461 7 1 0
p462 3 2 1
p463 0 1 0
p464 7 10 1
p465 1 6 1
p466 7 5 1
p467 4 7 1
p468 6 2 1
p469 10 6 1
p470 7 10 1
p471 0 6 0
p472 10 1 1
p473 7 5 1
p474 0 8 1
p475 5 1 0
p476 3 5 1
p477 1 2 1
p478 7 8 0
p479 6 10 1
p480 0 1 1
p481 0 3 0
p482 3 10 0
p483 1 6 0
p484 2 9 0
p485 9 6 0
p486 9 1 0
p487 5 2 0
p488 0 1 1
p489 9 4 1
p490 1 10 1
p491 6 9 1
p492 9 5 1
p493 8 8 0
p494 7 10 0
p495 8 2 0
p496 2 10 0
p497 0 1 1
p498 1 9 0
p499 0 1 1
p500 6 8 0