500
p1 0 10 0
p1 7 4 0
p2 9 3 1
p3 6 8 1
p4 3 4 1
p5 7 5 1
p6 8 5 0
p7 5 2 1
p8 1 5 1
p9 1 6 1
p10 0 6 1
p11 0 9 0
p12 3 7 0
p13 0 8 1
p14 3 6 1
p15 1 7 1
p16 3 2 1
p17 1 2 0
p18 0 8 1
p19 3 9 0
p20 4 9 1
p21 10 1 1
p22 2 5 1
p23 5 6 1
p24 5 1 0
p25 0 10 0
p26 7 7 1
p27 4 3 0
p28 2 2 0
p29 0 2 0
p30 9 4 0
p31 1 5 0
p32 1 10 0
p33 5 10 1
p34 10 5 1
p35 8 7 1
p36 2 4 1
p37 5 8 1
p38 4 4 0
p39 4 8 0
p40 2 4 1
p41 9 9 0
p42 1 2 1
p43 1 9 0
p44 1 2 0
p45 8 6 0
p46 5 5 1
p47 4 4 0
p48 5 4 0
p49 8 5 1
p50 2 7 0
p51 2 6 0
p52 4 6 0
p53 8 9 0
p54 9 4 1
p55 3 9 0
p56 6 6 1
p57 3 1 0
p58 9 10 1
p59 2 9 0
p60 4 4 0
p61 0 10 1
p62 1 3 0
p63 7 1 1
p64 0 5 0
p65 1 10 0
p66 7 2 0
p67 8 3 0
p68 5 2 1
p69 6 8 1
p70 1 4 0
p71 0 5 0
p72 1 4 0
p73 3 9 0
p74 10 2 0
p75 6 4 0
p76 1 3 1
p77 8 9 1
p78 0 10 0
p79 2 10 1
p80 0 10 1
p81 7 2 1
p82 4 9 0
p83 10 7 0
p84 6 4 1
p85 6 8 0
p86 5 6 1
p87 7 4 1
p88 2 6 0
p89 2 10 1
p90 4 8 0
p91 1 10 1
p92 6 8 0
p93 7 4 0
p94 9 10 0
p95 3 10 1
p96 0 9 0
p97 6 2 1
p98 5 9 0
p99 6 6 0
p100 9 6 1
p101 8 2 0
p102 8 10 1
p103 3 1 0
p104 3 7 1
p105 6 9 0
p106 8 9 0
p107 6 4 0
p108 8 10 0
p109 1 9 1
p110 1 2 0
p111 6 9 1
p112 1 9 1
p113 10 4 1
p114 8 9 1
p115 3 8 1
p116 9 2 1
p117 6 6 0
p118 5 5 0
p119 6 4 0
p120 9 6 1
p121 8 8 1
p122 10 7 0
p123 5 2 1
p124 7 6 1
p125 2 8 0
p126 3 9 1
p127 10 7 0
p128 5 6 0
p129 6 2 1
p130 6 2 0
p131 4 5 0
p132 6 2 0
p133 8 1 1
p134 3 8 0
p135 3 8 0
p136 3 9 0
p137 5 10 0
p138 8 6 0
p139 1 7 1
p140 2 1 0
p141 10 1 1
p142 6 8 0
p143 5 9 0
p144 2 9 1
p145 7 8 0
p146 0 9 1
p147 6 1 0
p148 4 5 1
p149 7 7 0
p150 0 10 0
p151 10 4 0
p152 6 6 1
p153 5 2 1
p154 4 4 1
p155 3 2 0
p156 8 2 0
p157 8 4 0
p158 0 7 0
p159 2 6 0
p160 8 4 0
p161 2 3 1
p162 10 8 1
p163 3 10 0
p164 0 10 1
p165 2 9 0
p166 3 5 1
p167 2 8 1
p168 6 6 1
p169 6 9 1
p170 9 10 0
p171 10 1 0
p172 10 5 0
p173 1 1 1
p174 1 6 0
p175 5 10 0
p176 4 1 1
p177 3 9 0
p178 8 3 1
p179 3 7 1
p180 5 10 0
p181 8 1 1
p182 6 6 1
p183 2 3 1
p184 2 9 0
p185 8 5 0
p186 3 5 0
p187 3 4 0
p188 7 5 0
p189 3 7 1
p190 2 4 0
p191 1 1 1
p192 2 3 0
p193 4 9 0
p194 7 4 1
p195 2 1 1
p196 10 1 1
p197 8 9 0
p198 0 2 0
p199 8 7 0
p200 0 5 1
p201 3 3 0
p202 2 3 0
p203 8 4 1
p204 0 4 0
p205 2 1 1
p206 4 6 1
p207 10 10 1
p208 2 10 1
p209 9 8 1
p210 10 2 1
p211 8 2 1
p212 0 9 1
p213 5 8 0
p214 9 3 0
p215 5 6 0
p216 0 9 0
p217 6 8 1
p218 5 7 0
p219 3 2 1
p220 2 10 0
p221 4 4 1
p222 6 3 1
p223 3 5 0
p224 4 8 1
p225 7 4 0
p226 3 8 0
p227 1 10 1
p228 8 1 1
p229 9 9 1
p230 3 4 0
p231 1 2 1
p232 4 3 0
p233 1 4 0
p234 0 8 0
p235 1 9 1
p236 6 9 0
p237 5 5 1
p238 9 8 1
p239 9 5 1
p240 0 8 0
p241 5 5 1
p242 4 1 0
p243 2 3 1
p244 7 10 0
p245 9 5 1
p246 2 7 1
p247 5 1 0
p248 3 8 1
p249 10 3 0
p250 7 3 1
p251 9 4 1
p252 1 10 1
p253 8 6 0
p254 3 6 1
p255 4 1 1
p256 3 4 1
p257 5 2 1
p258 10 6 1
p259 0 9 1
p260 7 5 0
p261 1 2 1
p262 3 1 0
p263 5 5 1
p264 9 9 0
p265 1 2 0
p266 8 9 0
p267 3 2 1
p268 0 7 0
p269 6 10 0
p270 8 8 1
p271 5 2 0
p272 1 4 0
p273 0 6 1
p274 2 4 1
p275 1 7 0
p276 10 2 1
p277 6 4 0
p278 3 5 1
p279 6 4 0
p280 1 4 1
p281 6 6 0
p282 10 7 0
p283 9 2 1
p284 2 10 1
p285 3 4 1
p286 2 7 0
p287 2 4 1
p288 8 7 0
p289 7 2 1
p290 0 7 0
p291 3 8 1
p292 6 5 1
p293 2 2 0
p294 3 1 1
p295 6 1 0
p296 1 5 1
p297 8 3 0
p298 6 5 0
p299 7 10 1
p300 3 9 0
p301 0 7 1
p302 5 10 1
p303 6 1 0
p304 1 6 0
p305 3 9 0
p306 0 8 1
p307 5 8 1
p308 9 3 1
p309 3 6 0
p310 0 6 0
p311 4 4 0
p312 7 9 0
p313 8 3 0
p314 5 3 1
p315 2 6 0
p316 0 5 1
p317 10 10 0
p318 3 5 0
p319 5 8 1
p320 1 1 0
p321 2 2 1
p322 1 8 1
p323 1 3 1
p324 2 3 1
p325 9 3 0
p326 3 7 1
p327 5 9 0
p328 1 1 0
p329 6 9 1
p330 5 10 0
p331 10 6 1
p332 8 2 1
p333 4 2 1
p334 6 4 1
p335 9 6 1
p336 5 8 0
p337 8 8 0
p338 9 2 0
p339 8 4 0
p340 2 2 0
p341 5 3 1
p342 10 1 0
p343 10 2 1
p344 0 3 0
p345 7 4 0
p346 0 3 1
p347 1 5 0
p348 7 7 1
p349 2 7 1
p350 6 4 0
p351 0 10 0
p352 1 7 0
p353 4 5 0
p354 1 6 0
p355 4 3 1
p356 1 2 1
p357 2 4 1
p358 1 3 1
p359 1 8 1
p360 4 7 1
p361 8 1 0
p362 7 5 0
p363 0 2 0
p364 1 3 1
p365 3 5 0
p366 4 5 1
p367 7 1 0
p368 0 9 0
p369 10 2 1
p370 3 5 0
p371 9 2 0
p372 3 3 0
p373 6 1 1
p374 2 7 0
p375 2 4 0
p376 10 8 1
p377 8 9 1
p378 5 4 1
p379 9 3 0
p380 9 9 0
p381 8 6 1
p382 9 7 0
p383 9 4 0
p384 5 7 1
p385 8 9 0
p386 7 6 1
p387 6 7 1
p388 3 9 1
p389 1 6 1
p390 7 4 1
p391 6 10 0
p392 6 8 0
p393 0 10 1
p394 1 2 1
p395 0 2 1
p396 7 3 0
p397 8 4 1
p398 7 1 1
p399 3 2 0
p400 7 10 1
p401 7 1 0
p402 3 7 1
p403 5 9 1
p404 10 9 0
p405 5 7 0
p406 5 4 0
p407 7 1 1
p408 9 5 1
p409 3 10 1
p410 9 2 0
p411 1 9 0
p412 0 4 0
p413 7 9 0
p414 4 5 1
p415 3 8 1
p416 2 6 0
p417 5 9 0
p418 9 1 0
p419 6 3 1
p420 7 9 0
p421 4 4 0
p422 9 10 1
p423 2 4 1
p424 7 8 1
p425 0 3 0
p426 4 4 0
p427 0 1 0
p428 2 2 1
p429 7 4 1
p430 4 3 1
p431 1 8 0
p432 9 2 0
p433 7 1 1
p434 9 4 0
p435 1 10 1
p436 1 3 0
p437 0 2 1
p438 3 8 0
p439 9 5 1
p440 6 3 1
p441 5 5 0
p442 4 8 0
p443 4 7 0
p444 0 3 1
p445 5 6 0
p446 3 8 0
p447 1 2 1
p448 7 1 1
p449 5 6 1
p450 5 9 1
p451 6 8 1
p452 7 2 1
p453 1 2 1
p454 5 9 1
p455 2 5 0
p456 10 3 0
p457 2 8 1
p458 8 4 1
p459 9 10 1
p460 0 1 1
p461 5 9 0
p462 3 4 0
p463 4 6 1
p464 0 9 0
p465 4 6 0
p466 1 6 0
p467 6 1 0
p468 4 8 1
p469 0 6 1
p470 2 7 1
p471 6 7 0
p472 4 1 1
p473 3 7 0
p474 5 3 0
p475 7 1 0
p476 6 10 1
p477 1 5 1
p478 5 8 1
p479 3 4 0
p480 10 7 1
p481 5 3 1
p482 8 3 1
p483 2 2 0
p484 9 8 0
p485 2 10 0
p486 3 6 0
p487 4 8 0
p488 2 5 1
p489 8 1 0
p490 7 8 0
p491 9 4 0
p492 8 1 1
p493 8 2 0
p494 0 4 1
p495 6 5 0
p496 7 9 1
p497 1 5 0
p498 7 2 0
p499 5 10 0
p500 2 6 1