500
p1 0 6 0
p1 1 4 1
p2 8 5 0
p3 10 4 0
p4 1 6 0
p5 1 4 1
p6 8 9 0
p7 5 6 1
p8 1 10 0
p9 5 7 1
p10 6 6 0
p11 8 1 1
p12 1 8 1
p13 3 1 1
p14 9 4 0
p15 3 2 1
p16 7 8 1
p17 3 4 1
p18 9 2 0
p19 4 6 0
p20 6 8 1
p21 9 4 1
p22 2 3 0
p23 10 2 0
p24 10 10 0
p25 3 5 1
p26 2 10 1
p27 0 4 0
p28 5 1 0
p29 5 6 1
p30 5 6 0
p31 7 5 1
p32 1 8 1
p33 4 2 0
p34 8 1 1
p35 7 10 0
p36 6 3 1
p37 1 2 0
p38 6 3 0
p39 8 5 1
p40 4 3 1
p41 0 6 1
p42 0 5 0
p43 5 7 1
p44 7 3 1
p45 6 7 1
p46 2 2 1
p47 2 9 0
p48 9 10 1
p49 8 7 1
p50 5 7 1
p51 5 9 0
p52 6 4 1
p53 8 6 1
p54 10 6 1
p55 0 6 1
p56 9 8 0
p57 6 6 0
p58 4 2 1
p59 7 8 1
p60 8 10 1
p61 10 7 1
p62 7 10 0
p63 1 1 1
p64 7 3 1
p65 9 3 0
p66 1 6 0
p67 3 5 1
p68 0 10 0
p69 0 8 1
p70 9 9 1
p71 9 1 1
p72 9 7 0
p73 9 5 0
p74 1 1 1
p75 5 7 1
p76 5 7 1
p77 9 8 1
p78 0 6 0
p79 5 1 1
p80 8 1 1
p81 6 1 1
p82 2 1 1
p83 8 7 1
p84 5 4 0
p85 0 9 0
p86 2 10 0
p87 8 7 0
p88 2 3 1
p89 8 5 1
p90 2 8 1
p91 8 5 0
p92 5 3 0
p93 1 1 0
p94 5 4 1
p95 4 10 1
p96 3 8 0
p97 8 2 0
p98 4 6 0
p99 3 1 0
p100 7 6 0
p101 1 9 0
p102 6 10 0
p103 7 6 0
p104 0 3 0
p105 9 5 1
p106 3 4 0
p107 0 10 0
p108 5 10 1
p109 7 9 1
p110 9 9 0
p111 10 1 1
p112 5 4 0
p113 3 4 1
p114 2 5 1
p115 8 10 1
p116 6 1 1
p117 9 8 0
p118 4 5 0
p119 10 5 0
p120 6 6 1
p121 5 2 1
p122 10 9 0
p123 9 7 1
p124 8 2 0
p125 5 7 1
p126 2 10 1
p127 3 3 0
p128 10 4 1
p129 10 10 1
p130 2 3 0
p131 5 1 0
p132 8 10 0
p133 8 1 0
p134 8 9 0
p135 0 9 0
p136 0 6 1
p137 2 6 1
p138 4 8 0
p139 9 5 1
p140 4 2 0
p141 6 2 0
p142 1 3 0
p143 5 2 0
p144 9 3 1
p145 5 2 1
p146 8 9 0
p147 4 3 1
p148 2 5 0
p149 2 9 0
p150 3 10 1
p151 2 5 0
p152 0 7 0
p153 8 10 0
p154 0 8 0
p155 7 10 0
p156 10 3 0
p157 0 9 0
p158 2 10 0
p159 3 10 0
p160 1 6 1
p161 9 1 0
p162 8 1 0
p163 6 1 1
p164 8 4 1
p165 2 9 0
p166 7 4 0
p167 10 6 0
p168 4 4 0
p169 3 2 1
p170 2 6 0
p171 7 10 1
p172 10 7 1
p173 4 6 0
p174 10 3 1
p175 7 2 1
p176 0 6 0
p177 1 1 0
p178 7 3 1
p179 8 7 0
p180 4 1 1
p181 0 5 1
p182 4 7 1
p183 7 3 0
p184 9 3 0
p185 4 5 1
p186 4 10 0
p187 3 2 1
p188 3 8 1
p189 8 10 1
p190 6 7 1
p191 10 7 0
p192 6 2 0
p193 5 1 1
p194 7 5 1
p195 2 9 1
p196 10 10 1
p197 5 5 0
p198 9 9 1
p199 5 5 0
p200 5 6 0
p201 9 6 1
p202 10 9 0
p203 2 1 0
p204 2 9 1
p205 3 5 1
p206 10 2 0
p207 2 6 0
p208 9 9 0
p209 9 3 1
p210 6 6 0
p211 5 7 1
p212 3 1 1
p213 4 8 1
p214 4 10 1
p215 2 1 1
p216 10 8 0
p217 1 1 0
p218 7 1 0
p219 4 5 1
p220 4 4 0
p221 3 5 0
p222 9 5 1
p223 6 9 0
p224 10 6 0
p225 4 2 0
p226 8 3 1
p227 10 10 0
p228 5 10 0
p229 0 10 0
p230 1 5 1
p231 9 10 1
p232 2 10 1
p233 0 7 0
p234 1 3 1
p235 10 4 1
p236 6 4 1
p237 9 8 1
p238 1 9 0
p239 0 8 1
p240 5 10 1
p241 6 8 0
p242 10 1 1
p243 5 9 1
p244 8 2 1
p245 10 10 0
p246 1 3 1
p247 0 2 0
p248 0 6 0
p249 6 9 1
p250 0 6 0
p251 6 10 0
p252 1 4 0
p253 5 6 1
p254 4 5 0
p255 4 8 1
p256 7 6 0
p257 1 2 1
p258 6 6 0
p259 2 1 0
p260 4 6 1
p261 7 5 1
p262 2 5 0
p263 2 3 1
p264 4 9 0
p265 8 3 1
p266 6 4 1
p267 3 1 0
p268 8 8 1
p269 8 3 1
p270 6 8 1
p271 7 10 1
p272 1 9 1
p273 9 5 1
p274 7 6 0
p275 9 9 0
p276 1 4 1
p277 9 8 1
p278 7 8 0
p279 5 8 1
p280 1 8 0
p281 6 6 1
p282 2 1 0
p283 0 7 0
p284 4 2 0
p285 7 1 0
p286 0 1 1
p287 2 1 1
p288 2 10 0
p289 6 7 1
p290 4 4 0
p291 5 5 0
p292 0 8 0
p293 10 6 0
p294 0 1 1
p295 10 3 1
p296 0 8 0
p297 1 9 0
p298 3 8 1
p299 1 1 0
p300 5 3 1
p301 9 1 1
p302 6 7 0
p303 8 1 1
p304 2 6 0
p305 4 10 0
p306 10 3 1
p307 0 8 0
p308 0 5 1
p309 10 3 1
p310 10 7 1
p311 1 6 1
p312 3 1 0
p313 2 9 0
p314 0 9 1
p315 7 4 1
p316 0 3 1
p317 8 10 0
p318 3 5 1
p319 7 10 1
p320 4 8 1
p321 9 8 1
p322 2 5 1
p323 8 6 1
p324 0 7 1
p325 2 8 1
p326 1 5 1
p327 6 4 1
p328 0 6 1
p329 3 10 0
p330 4 4 0
p331 8 6 1
p332 3 5 1
p333 2 2 0
p334 1 7 1
p335 6 6 0
p336 5 10 1
p337 8 4 0
p338 5 6 1
p339 7 1 0
p340 8 3 0
p341 0 6 1
p342 4 9 1
p343 10 5 0
p344 10 10 0
p345 1 7 0
p346 10 9 1
p347 5 9 0
p348 3 7 1
p349 8 1 1
p350 0 8 1
p351 7 8 1
p352 5 8 1
p353 3 6 1
p354 0 5 0
p355 6 5 1
p356 0 2 1
p357 1 3 1
p358 10 1 0
p359 10 4 0
p360 4 9 1
p361 5 7 1
p362 3 9 0
p363 6 3 1
p364 9 10 0
p365 8 8 0
p366 1 4 1
p367 9 8 0
p368 9 6 0
p369 5 1 1
p370 4 10 1
p371 3 1 1
p372 1 10 0
p373 1 7 0
p374 2 6 1
p375 0 8 1
p376 0 1 0
p377 5 4 1
p378 4 4 0
p379 7 4 1
p380 0 10 0
p381 4 6 0
p382 3 5 0
p383 2 8 0
p384 4 3 1
p385 8 5 1
p386 8 6 1
p387 2 5 0
p388 6 9 1
p389 4 10 0
p390 6 3 0
p391 3 6 1
p392 3 7 0
p393 5 3 1
p394 6 10 1
p395 3 6 0
p396 1 1 1
p397 1 8 1
p398 1 7 0
p399 6 5 1
p400 10 1 1
p401 7 6 1
p402 7 2 1
p403 3 5 1
p404 5 5 0
p405 1 6 1
p406 4 8 1
p407 1 3 1
p408 7 1 1
p409 4 1 1
p410 6 3 0
p411 5 9 1
p412 4 6 0
p413 5 2 1
p414 1 1 1
p415 5 9 0
p416 10 2 1
p417 6 6 1
p418 1 7 0
p419 1 3 0
p420 1 3 0
p421 2 3 0
p422 7 10 1
p423 1 8 0
p424 4 4 0
p425 7 6 1
p426 7 9 0
p427 7 6 1
p428 8 4 1
p429 1 10 1
p430 1 1 0
p431 7 8 0
p432 0 6 0
p433 3 9 1
p434 5 1 0
p435 0 8 1
p436 1 5 0
p437 9 5 1
p438 7 7 1
p439 0 2 0
p440 1 2 0
p441 6 9 1
p442 9 3 0
p443 0 2 1
p444 6 3 1
p445 5 3 1
p446 2 8 1
p447 4 1 0
p448 6 9 0
p449 8 1 1
p450 9 6 0
p451 8 9 1
p452 5 4 1
p453 10 2 0
p454 8 9 0
p455 5 2 1
p456 7 3 0
p457 6 4 1
p458 1 3 1
p459 8 8 1
p460 8 6 0
p461 2 5 0
p462 5 6 0
p463 9 1 1
p464 2 3 1
p465 0 4 0
p466 4 1 1
p467 2 9 0
p468 0 5 0
p469 5 5 0
p470 8 8 1
p471 8 2 1
p472 9 3 0
p473 10 5 0
p474 8 3 0
p475 0 8 0
p476 9 3 0
p477 7 9 0
p478 7 6 0
p479 3 3 0
p480 3 3 1
p481 1 9 1
p482 10 2 1
p483 6 7 0
p484 1 9 0
p485 3 4 1
p486 4 4 0
p487 2 4 0
p488 10 9 0
p489 5 1 0
p490 8 8 0
p491 2 9 0
p492 8 9 0
p493 2 1 0
p494 1 2 1
p495 5 2 0
p496 4 3 1
p497 4 9 1
p498 1 4 1
p499 7 10 1
p500 4 3 1