500
p1 0 9 0
p1 3 2 0
p2 8 6 1
p3 10 9 1
p4 10 3 0
p5 8 2 1
p6 3 10 0
p7 7 3 1
p8 10 3 0
p9 10 2 1
p10 5 6 1
p11 1 8 0
p12 10 5 1
p13 7 9 1
p14 3 1 1
p15 7 3 1
p16 4 9 0
p17 2 10 1
p18 4 4 1
p19 10 7 0
p20 3 8 0
p21 7 6 1
p22 2 5 1
p23 5 4 0
p24 6 1 0
p25 7 7 0
p26 8 5 1
p27 6 6 0
p28 1 3 0
p29 2 6 0
p30 2 4 1
p31 8 9 0
p32 10 10 1
p33 9 6 0
p34 8 7 0
p35 10 4 1
p36 10 1 1
p37 10 1 0
p38 6 4 1
p39 3 5 0
p40 2 4 0
p41 9 1 0
p42 9 3 0
p43 1 3 1
p44 7 1 0
p45 5 10 1
p46 1 9 1
p47 9 9 0
p48 7 1 1
p49 2 10 1
p50 2 2 0
p51 7 6 0
p52 2 7 1
p53 10 10 1
p54 5 10 0
p55 10 10 1
p56 2 3 1
p57 0 9 1
p58 7 1 1
p59 2 7 0
p60 8 9 0
p61 5 1 1
p62 8 5 1
p63 5 2 1
p64 7 4 0
p65 6 4 1
p66 2 1 1
p67 5 9 1
p68 1 10 1
p69 7 4 1
p70 4 9 1
p71 4 9 1
p72 5 6 0
p73 3 1 1
p74 0 8 0
p75 0 1 1
p76 1 5 1
p77 9 2 1
p78 2 10 0
p79 5 10 1
p80 4 2 0
p81 4 8 0
p82 5 7 1
p83 4 4 0
p84 1 2 1
p85 10 10 0
p86 8 9 0
p87 6 1 0
p88 6 8 1
p89 0 1 0
p90 1 7 1
p91 4 2 0
p92 3 1 1
p93 1 6 0
p94 7 2 0
p95 6 2 1
p96 10 9 0
p97 10 3 0
p98 1 5 0
p99 2 1 0
p100 8 8 0
p101 1 4 1
p102 3 10 0
p103 1 1 1
p104 5 7 1
p105 3 8 0
p106 4 3 1
p107 1 2 1
p108 10 4 1
p109 8 3 1
p110 3 4 1
p111 6 3 0
p112 1 5 1
p113 3 5 1
p114 3 2 1
p115 10 3 0
p116 1 2 0
p117 5 6 0
p118 4 7 1
p119 1 2 1
p120 0 5 0
p121 10 10 1
p122 10 3 1
p123 5 9 1
p124 5 1 1
p125 8 8 1
p126 5 4 0
p127 4 8 0
p128 7 4 0
p129 1 6 0
p130 8 7 0
p131 5 3 0
p132 3 9 0
p133 3 6 0
p134 9 4 1
p135 10 10 0
p136 0 3 1
p137 3 6 1
p138 10 7 0
p139 7 5 1
p140 1 2 1
p141 4 1 1
p142 10 6 1
p143 10 9 0
p144 5 10 0
p145 1 8 1
p146 2 10 1
p147 3 8 0
p148 3 6 0
p149 8 4 0
p150 5 5 1
p151 7 2 0
p152 9 1 1
p153 10 2 1
p154 4 3 1
p155 9 8 0
p156 7 3 1
p157 4 3 0
p158 2 7 1
p159 8 1 1
p160 10 8 1
p161 1 7 0
p162 10 2 0
p163 5 8 1
p164 1 2 1
p165 2 1 0
p166 9 3 0
p167 7 2 1
p168 10 6 1
p169 6 3 1
p170 3 4 0
p171 8 6 1
p172 3 7 0
p173 7 2 1
p174 10 3 0
p175 2 7 0
p176 6 6 0
p177 2 8 0
p178 4 4 1
p179 2 8 1
p180 4 5 0
p181 3 9 0
p182 5 1 0
p183 9 7 1
p184 3 2 0
p185 0 5 0
p186 0 2 1
p187 8 3 0
p188 6 4 0
p189 9 3 1
p190 0 10 0
p191 9 3 0
p192 7 9 1
p193 10 3 1
p194 5 8 1
p195 1 1 1
p196 0 1 0
p197 1 10 0
p198 7 10 1
p199 7 6 0
p200 7 4 1
p201 7 6 1
p202 6 10 1
p203 2 2 1
p204 0 7 0
p205 2 9 0
p206 6 3 1
p207 5 6 0
p208 4 6 1
p209 4 8 1
p210 9 10 0
p211 8 7 1
p212 6 9 0
p213 2 6 1
p214 9 5 1
p215 2 10 1
p216 6 7 1
p217 5 5 1
p218 8 2 0
p219 6 9 0
p220 0 1 1
p221 8 7 1
p222 8 9 0
p223 5 7 1
p224 7 3 1
p225 7 6 1
p226 5 9 1
p227 1 1 1
p228 6 5 1
p229 5 8 1
p230 4 1 1
p231 10 3 1
p232 9 3 0
p233 6 8 0
p234 10 5 0
p235 1 9 1
p236 0 6 1
p237 3 5 1
p238 2 9 1
p239 2 2 1
p240 5 6 1
p241 10 2 1
p242 0 5 1
p243 7 6 1
p244 7 4 1
p245 8 4 1
p246 2 5 0
p247 6 5 1
p248 10 3 1
p249 2 7 0
p250 5 9 0
p251 2 8 1
p252 6 10 1
p253 0 5 0
p254 4 1 1
p255 6 10 1
p256 0 9 1
p257 9 7 0
p258 4 2 0
p259 0 3 0
p260 1 7 0
p261 7 6 1
p262 10 3 1
p263 4 9 1
p264 8 8 1
p265 5 10 1
p266 10 7 1
p267 10 6 1
p268 5 1 0
p269 1 1 1
p270 8 9 1
p271 6 2 1
p272 3 1 1
p273 2 10 1
p274 5 6 0
p275 1 4 1
p276 4 9 1
p277 0 2 0
p278 0 4 0
p279 6 3 0
p280 6 8 1
p281 3 3 0
p282 0 2 0
p283 3 10 1
p284 10 3 1
p285 3 4 0
p286 6 1 1
p287 10 6 0
p288 1 1 1
p289 2 3 1
p290 6 2 0
p291 9 5 1
p292 10 8 0
p293 4 5 0
p294 8 6 0
p295 7 8 1
p296 6 10 0
p297 1 2 1
p298 4 8 1
p299 6 2 0
p300 9 1 1
p301 10 7 1
p302 1 3 1
p303 7 10 1
p304 5 6 0
p305 2 1 1
p306 7 4 1
p307 2 1 0
p308 9 7 1
p309 7 3 0
p310 8 7 1
p311 7 9 1
p312 7 10 0
p313 9 5 1
p314 4 3 0
p315 0 9 0
p316 4 2 1
p317 6 8 1
p318 8 10 0
p319 9 2 0
p320 0 4 0
p321 8 2 0
p322 0 7 1
p323 3 1 0
p324 7 8 0
p325 2 3 0
p326 4 6 1
p327 6 6 0
p328 0 4 0
p329 0 7 1
p330 8 1 1
p331 2 3 0
p332 3 3 0
p333 8 7 0
p334 3 4 1
p335 5 1 1
p336 1 10 1
p337 0 3 0
p338 4 1 0
p339 10 3 0
p340 5 9 0
p341 3 10 1
p342 0 4 1
p343 5 1 0
p344 1 4 1
p345 3 9 0
p346 10 2 1
p347 1 8 1
p348 4 5 1
p349 4 2 1
p350 8 3 0
p351 4 10 1
p352 2 10 0
p353 0 9 0
p354 0 7 1
p355 5 3 1
p356 0 9 0
p357 7 4 0
p358 2 6 0
p359 5 3 0
p360 1 7 0
p361 4 8 1
p362 10 7 0
p363 10 10 1
p364 5 5 1
p365 1 6 1
p366 9 6 0
p367 0 4 1
p368 0 4 0
p369 0 5 1
p370 7 9 1
p371 7 8 0
p372 10 10 1
p373 7 2 0
p374 0 5 1
p375 6 2 0
p376 0 2 1
p377 6 6 1
p378 1 7 0
p379 10 4 0
p380 4 3 0
p381 6 6 1
p382 4 2 0
p383 2 3 0
p384 0 7 0
p385 8 2 1
p386 8 9 0
p387 0 7 0
p388 10 5 0
p389 9 6 1
p390 9 1 1
p391 3 10 0
p392 1 8 1
p393 4 6 0
p394 10 3 0
p395 2 7 0
p396 1 1 0
p397 5 5 0
p398 3 1 1
p399 6 8 0
p400 1 6 0
p401 6 9 0
p402 6 4 1
p403 8 9 0
p404 5 10 1
p405 10 3 1
p406 4 10 0
p407 0 6 0
p408 3 3 0
p409 2 1 1
p410 4 3 1
p411 4 7 1
p412 7 2 0
p413 4 7 0
p414 7 2 1
p415 6 8 0
p416 5 3 1
p417 2 9 0
p418 10 3 1
p419 1 2 1
p420 7 1 1
p421 4 8 1
p422 6 8 1
p423 0 4 1
p424 1 7 1
p425 8 1 0
p426 8 3 0
p427 6 2 0
p428 4 6 0
p429 5 4 1
p430 4 7 1
p431 5 2 1
p432 9 6 0
p433 4 10 1
p434 7 9 0
p435 9 10 0
p436 8 6 0
p437 1 10 0
p438 6 9 1
p439 6 4 0
p440 1 7 0
p441 4 3 1
p442 10 8 0
p443 0 3 0
p444 1 7 0
p445 10 2 1
p446 7 5 1
p447 10 10 0
p448 9 6 0
p449 2 7 0
p450 8 5 0
p451 3 10 0
p452 0 3 1
p453 3 9 1
p454 1 3 1
p455 4 3 0
p456 10 2 0
p457 3 3 0
p458 2 4 1
p459 6 4 1
p460 9 6 1
p461 6 10 1
p462 7 6 1
p463 2 1 1
p464 5 7 0
p465 10 2 0
p466 0 7 1
p467 9 4 1
p468 2 8 0
p469 5 7 1
p470 4 3 0
p471 0 8 0
p472 6 2 1
p473 1 6 1
p474 6 4 0
p475 8 9 1
p476 6 6 1
p477 0 2 1
p478 5 4 0
p479 10 8 0
p480 4 5 1
p481 6 5 0
p482 7 7 1
p483 7 7 1
p484 9 9 0
p485 0 3 0
p486 8 6 1
p487 8 10 1
p488 4 5 0
p489 5 1 1
p490 8 7 1
p491 1 1 0
p492 5 3 0
p493 0 8 0
p494 5 1 1
p495 5 6 1
p496 10 9 0
p497 8 5 1
p498 5 8 0
p499 3 5 0
p500 7 5 0